4
8
13
27
40
49
53
59
56
64
66
67
87
92
102
96
106
117
114
129
128
130
134
146
169
184
189
178
200
193
209
210
254
245
240
275
268
304
297
301
324
320
335
375
359
355
409
415
406
404
405
393
392
386
384
391
389
437
418
473
463
462
505
502
503
489
488
483
546
554
573
533
528
621
626
631
602
606
687
681
679
694
645
640
666
659
761
754
715
717
718
704
711
729
731
815
793
771
781
779
882
885
854
860
839
840
958
925
1000
1005
1006
984
990
974
962
960
1116
1119
1114
1138
1039
1071
1056
1063
1087
1153
1154
1164
1169
1355
1349
1404
1310
1341
1332
1326
1313
1317
1489
1502
1503
1499
1496
1477
1474
1473
1472
1522
1523
1529
1531
1509
1511
1504
1428
1434
1439
1436
1415
1413
1412
1442
1445
1447
1450
1453
1657
1651
1655
1600
1605
1624
1583
1575
1572
1570
1571
1550
1547
1567
1767
1771
1770
1773
1731
1746
1671
1664
1667
1666
1915
1906
1896
1898
1901
1902
1903
1886
1872
1878
1867
1859
1836
1837
1829
1811
1807
1796
2042
2047
2027
2008
1986
1984
1995
1992
1978
1943
1933
1932
2201
2205
2184
2187
2189
2227
2219
2221
2211
2215
2271
2264
2257
2296
2275
2050
2061
2101
2113
2162
2170
2147
2479
2465
2493
2482
2537
2536
2559
2307
2304
2305
2332
2345
2358
2382
2380
2381
2386
2392
2404
2400
2426
2751
2744
2743
2741
2737
2727
2810
2815
2790
2783
2614
2593
2578
2674
2673
2679
2678
2658
2656
2663
2666
2667
2647
2646
2626
2632
2634
2981
2982
2977
2998
2999
2974
2975
2964
2965
2963
2960
3050
3042
3069
3056
3010
3025
2862
2868
2865
2876
2821
2816
2817
2828
2824
2837
2835
2834
2844
2934
2887
2894
2892
2893
2898
2896
2911
3283
3293
3288
3276
3319
3311
3218
3223
3232
3240
3161
3144
3140
3139
3177
3073
3128
3122
3126
3118
3109
3532
3531
3540
3559
3564
3567
3570
3581
3486
3491
3492
3495
3496
3511
3517
3402
3400
3392
3419
3417
3415
3410
3432
3434
3454
3449
3446
3440
3442
3339
3335
3375
3389
3382
3832
3833
3817
3821
3820
3792
3796
3799
3802
3804
3805
3775
3759
3734
3716
3719
3711
3696
3692
3661
3655
3640
3612
3610
3602
3587
3945
3937
3938
3940
3942
3912
3913
3906
3931
3933
3923
3921
3885
3886
3880
3874
3900
3895
3894
3851
3840
3864
23
54
61
77
80
93
100
121
155
187
191
205
195
219
248
241
283
270
305
309
315
291
294
336
347
328
360
385
443
445
424
416
467
459
453
496
499
484
567
564
519
521
540
542
536
612
577
603
691
688
757
735
828
831
824
811
782
881
893
869
835
842
841
935
1011
966
1113
1112
1026
1053
1043
1067
1076
1152
1352
1398
1382
1337
1331
1475
1525
1526
1508
1427
1410
1421
1456
1460
1461
1463
1440
1601
1606
1626
1623
1581
1598
1596
1595
1585
1551
1546
1564
1760
1739
1756
1696
1677
1685
1695
1919
1893
1880
1874
1862
1863
1855
1816
1812
2035
2041
2045
2016
2026
1998
1972
1981
1979
1922
1930
1928
2190
2180
2237
2210
2209
2269
2265
2266
2267
2255
2283
2272
2074
2079
2051
2055
2056
2062
2104
2084
2128
2169
2149
2158
2152
2440
