12
27
37
49
53
56
61
71
65
77
78
79
74
92
103
114
137
136
128
132
134
146
169
189
201
197
219
209
241
275
278
259
264
268
269
291
294
343
347
320
332
375
369
359
411
409
392
386
385
384
419
418
470
462
460
452
505
502
503
496
499
489
486
546
554
563
561
573
568
528
619
630
577
578
603
606
685
681
702
645
668
656
659
747
751
754
757
717
711
731
734
820
807
809
810
811
793
771
881
885
863
836
846
956
935
896
1011
1000
1005
992
997
987
984
974
962
966
964
1117
1119
1113
1112
1114
1053
1055
1044
1063
1255
1153
1154
1351
1398
1381
1313
1477
1474
1472
1486
1523
1509
1511
1516
1426
1431
1428
1433
1412
1423
1420
1471
1445
1640
1646
1662
1651
1655
1600
1602
1606
1623
1595
1585
1551
1567
1767
1771
1733
1741
1746
1750
1752
1715
1692
1906
1910
1902
1890
1893
1881
1879
1864
1857
1862
1863
1846
1842
1817
1814
1809
2036
2044
2047
2017
2031
1987
1986
1990
1996
1972
1975
1971
1980
1977
1978
1933
1928
2201
2205
2196
2197
2185
2180
2221
2209
2271
2260
2258
2252
2255
2250
2296
2293
2056
2061
2128
2119
2168
2156
2152
2441
2446
2445
2438
2456
2472
2477
2466
2482
2483
2498
2522
2521
2514
2512
2538
2317
2323
2327
2341
2342
2382
2383
2397
2400
2426
2748
2743
2740
2737
2714
2711
2704
2695
2689
2812
2800
2807
2785
2784
2776
2777
2773
2590
2586
2675
2679
2658
2659
2663
2647
2625
2632
2638
2981
3003
2998
2999
2992
2956
2974
2964
3049
3048
3043
3047
3064
3069
3057
3031
2851
2865
2864
2873
2820
2816
2824
2825
2837
2835
2833
2842
2933
2884
2894
2893
2904
3286
3282
3292
3218
3222
3223
3235
3232
3239
3243
3240
3161
3162
3154
3143
3137
3190
3184
3092
3073
3122
3121
3106
3110
3109
3533
3532
3531
3539
3559
3572
3568
3569
3570
3581
3459
3473
3486
3491
3495
3518
3402
3403
3401
3399
3395
3393
3423
3419
3415
3414
3432
3434
3428
3449
3440
3443
3442
3329
3335
3333
3345
3385
3391
3824
3835
3839
3817
3823
3799
3803
3807
3780
3774
3775
3759
3756
3734
3716
3719
3721
3710
3696
3690
3689
3692
3673
3674
3648
3655
3644
3642
3636
3625
3616
3607
3592
3593
3595
3586
3587
3946
3938
3939
3941
3912
3919
3935
3923
3922
3921
3924
3884
3885
3880
3877
3874
3875
3898
3894
3854
3855
3853
3848
3847
3840
3860
20
23
31
35
38
54
63
96
116
113
135
152
156
184
182
183
193
217
227
242
270
304
312
297
336
324
335
378
354
365
360
414
413
389
388
443
444
424
416
422
479
469
461
455
453
548
567
575
525
522
536
633
637
583
598
600
680
694
692
688
743
742
765
753
735
722
831
806
813
798
782
781
779
879
860
957
939
1006
1116
1043
1087
1076
1232
1241
1169
1180
1355
1406
1389
1341
1329
1312
1493
1473
1482
1507
1427
1437
1463
1447
1453
1642
1656
1601
1605
1624
1626
1631
1582
1593
1592
1546
1547
1760
1772
1728
1756
1696
1707
1725
1666
1681
1899
1880
1874
1870
1859
1855
1824
1825
1822
1816
1807
2032
2035
2042
2027
1985
1991
1995
1992
1973
