20
23
38
49
54
71
64
65
66
78
92
124
136
129
128
131
132
184
191
200
193
217
219
214
228
254
240
241
278
267
271
305
294
298
347
320
352
355
409
386
384
391
389
443
444
424
418
476
473
469
464
462
460
503
499
495
484
487
564
563
561
525
526
528
609
617
621
639
577
583
600
603
685
680
649
645
669
761
767
754
753
757
717
718
705
734
722
725
813
808
787
769
776
885
886
864
867
870
874
876
877
854
844
1008
1006
997
981
974
961
960
967
964
1117
1113
1121
1139
1039
1026
1053
1076
1241
1163
1164
1174
1369
1363
1349
1404
1399
1381
1310
1336
1329
1328
1331
1326
1317
1493
1489
1502
1496
1526
1531
1504
1507
1426
1432
1436
1437
1415
1420
1458
1463
1468
1442
1640
1647
1662
1661
1651
1654
1652
1613
1606
1626
1623
1581
1575
1598
1543
1565
1567
1556
1760
1773
1780
1791
1728
1743
1749
1755
1756
1703
1707
1718
1715
1671
1665
1664
1679
1692
1910
1898
1902
1890
1881
1887
1874
1879
1869
1855
1854
1851
1850
1844
1830
1825
1822
1817
1807
1804
1798
1796
1795
2041
2047
2027
1987
1986
1988
1993
1996
1981
1977
1978
1966
1926
2205
2185
2189
2190
2177
2238
2264
2257
2255
2244
2299
2292
2293
2290
2286
2283
2281
2074
2061
2063
2086
2092
2129
2162
2149
2158
2156
2445
2444
2435
2458
2461
2451
2465
2466
2482
2483
2487
2498
2525
2522
2512
2543
2535
2559
2552
2555
2548
2544
2546
2304
2323
2328
2332
2339
2341
2345
2382
2381
2386
2397
2415
2744
2743
2737
2704
2813
2799
2790
2778
2765
2755
2754
2610
2582
2585
2566
2562
2568
2569
2675
2673
2678
2659
2656
2663
2667
2643
2647
2651
2650
2653
2627
2630
2634
2984
2981
2977
2998
2992
2945
2974
2964
2962
3054
3057
3017
3021
3010
2849
2851
2856
2864
2876
2878
2873
2831
2824
2839
2843
2925
2930
2886
2885
2893
2902
2904
3282
3292
3294
3288
3277
3276
3325
3303
3309
3306
3305
3216
3223
3225
3208
3214
3238
3240
3161
3140
3143
3092
3122
3126
3124
3522
3532
3531
3540
3557
3559
3567
3562
3575
3568
3570
3581
3579
3491
3490
3495
3500
3518
3402
3393
3423
3437
3446
3440
3340
3335
3372
3389
3390
3382
3838
3837
3817
3816
3820
3796
3797
3799
3800
3804
3782
3786
3749
3757
3756
3732
3743
3739
3719
3711
3710
3692
3670
3657
3660
3663
3645
3641
3640
3620
3609
3592
3593
3585
3945
3941
3919
3909
3935
3934
3922
3885
3886
3875
3900
3903
3902
3898
3895
3843
3840
3858
13
15
27
26
31
40
68
96
97
116
140
156
174
166
189
202
197
210
238
227
258
257
304
312
301
341
340
324
325
321
375
374
354
360
414
405
392
479
465
451
505
548
575
573
571
519
611
635
633
580
606
702
665
659
746
760
710
731
828
831
824
806
801
803
782
779
881
882
860
835
841
956
1011
1004
984
988
970
963
962
966
1151
1144
1044
1056
1087
1255
1154
1169
1355
1351
1398
1389
1382
1341
1497
1475
1472
1533
1529
1509
1508
1511
1431
1413
1412
1650
1600
1604
1605
1631
1582
1571
1596
1593
1585
1550
1551
1563
1770
1744
1669
1667
1666
1681
1919
1863
