12
20
53
64
65
79
83
92
102
96
114
113
124
135
159
169
189
182
181
203
202
220
217
211
245
241
275
274
278
259
263
268
310
298
341
415
406
394
386
385
384
390
438
439
424
430
418
472
460
510
554
566
563
561
573
570
525
611
612
617
623
624
631
632
639
637
583
702
697
688
652
667
743
755
753
717
704
711
729
722
725
828
807
810
791
779
885
887
888
869
870
877
863
860
833
839
841
956
937
1000
1003
1002
1006
997
987
984
990
970
961
960
1117
1139
1026
1071
1087
1076
1152
1160
1163
1174
1365
1349
1389
1384
1382
1336
1341
1328
1331
1313
1494
1495
1493
1502
1496
1475
1472
1523
1533
1534
1531
1427
1458
1447
1455
1454
1640
1646
1647
1636
1656
1662
1609
1613
1602
1624
1626
1574
1575
1572
1599
1598
1585
1550
1551
1547
1565
1561
1767
1770
1780
1733
1739
1750
1703
1696
1671
1664
1677
1919
1899
1901
1903
1893
1881
1874
1872
1864
1871
1849
1851
1844
1822
1811
1809
1795
1793
2032
2037
2038
2044
2026
1984
1990
1995
1993
1996
1976
1977
1978
1930
2207
2192
2197
2187
2179
2223
2221
2265
2267
2250
2296
2283
2049
2051
2055
2061
2062
2103
2101
2104
2129
2113
2169
2152
2441
2446
2458
2462
2460
2461
2494
2480
2482
2483
2525
2523
2515
2512
2540
2543
2536
2538
2559
2548
2545
2306
2307
2305
2314
2315
2342
2380
2379
2399
2397
2400
2426
2748
2733
2727
2708
2711
2800
2807
2786
2785
2776
2778
2781
2768
2775
2610
2620
2597
2590
2586
2566
2568
2678
2659
2643
2649
2632
2984
2977
2979
3041
3043
3058
3010
3014
2849
2862
2869
2868
2828
2837
2834
2847
2923
2931
2933
2886
2894
2893
2898
2896
2904
3284
3287
3282
3292
3293
3276
3314
3309
3306
3218
3232
3236
3242
3240
3245
3158
3137
3192
3188
3184
3171
3130
3133
3122
3121
3116
3117
3110
3533
3531
3540
3557
3564
3572
3580
3464
3473
3492
3497
3402
3400
3395
3392
3419
3415
3414
3413
3437
3428
3454
3449
3331
3333
3344
3367
3810
3816
3823
3799
3776
3780
3782
3761
3774
3749
3746
3731
3714
3696
3690
3692
3670
3662
3648
3646
3645
3644
3642
3640
3612
3611
3610
3587
3947
3951
3941
3942
3919
3906
3908
3909
3931
3933
3921
3880
3877
3874
3875
3903
3902
3898
3895
3894
3889
3850
3848
3847
3845
3843
3840
3867
3862
3857
8
27
35
49
61
66
77
81
97
106
121
128
155
156
146
148
149
187
178
193
210
234
255
251
309
313
312
294
343
324
325
320
335
369
352
355
365
360
408
392
391
389
443
444
436
416
419
473
469
467
458
453
452
505
502
498
489
486
558
565
575
513
521
540
638
600
649
669
665
659
742
762
754
715
735
829
806
803
809
798
850
846
957
907
896
974
966
1113
1114
1121
1151
1144
1054
1154
1167
1202
1355
1352
1406
1397
1381
1310
1329
1330
1477
1473
1507
1410
1415
1412
1423
1421
1456
1463
1442
1445
1650
1655
1606
1631
1570
1563
1731
1746
1749
1759
1707
1725
1667
1906
1898
1900
1902
1879
1867
1856
1862
1855
1854
1841
1829
1825
1814
1804
2041
2047
2016
1985
1992
1999
1973
1975
1971
1922
1933
