54
72
74
84
93
90
99
106
114
126
121
129
128
131
132
156
148
189
202
217
210
238
234
254
255
251
275
258
259
269
297
298
341
326
321
331
375
359
411
408
404
394
392
389
443
437
439
424
427
416
419
478
479
460
453
510
505
496
498
548
554
561
568
526
536
609
612
617
631
632
583
603
606
682
680
692
688
656
659
747
761
766
755
704
711
722
725
831
813
811
774
885
874
878
854
862
840
896
1000
1005
992
987
985
989
963
961
960
1116
1121
1053
1044
1068
1063
1076
1153
1152
1154
1163
1168
1169
1181
1355
1352
1389
1381
1328
1493
1489
1496
1475
1474
1473
1525
1531
1508
1439
1437
1415
1413
1421
1420
1460
1440
1445
1647
1659
1655
1612
1613
1604
1629
1623
1583
1570
1585
1551
1543
1539
1567
1563
1733
1739
1746
1756
1718
1725
1671
1667
1684
1695
1910
1898
1903
1891
1881
1880
1871
1859
1857
1863
1860
1844
1846
1817
1814
1804
1798
2041
2044
2031
1987
1988
1993
1998
1976
1978
1930
1928
2201
2196
2197
2185
2187
2219
2223
2264
2265
2260
2257
2259
2299
2295
2286
2275
2056
2104
2086
2084
2092
2129
2164
2162
2158
2157
2152
2441
2473
2465
2494
2482
2511
2509
2503
2498
2523
2521
2515
2537
2559
2552
2306
2307
2305
2317
2323
2327
2358
2373
2382
2380
2388
2397
2392
2400
2743
2740
2737
2733
2715
2705
2691
2785
2790
2767
2756
2758
2610
2618
2597
2590
2569
2675
2673
2678
2656
2667
2649
2650
2655
2981
3003
2998
2999
2992
2945
2964
2963
3051
3054
3043
3065
3057
3013
2862
2856
2868
2865
2831
2828
2839
2837
2834
2931
2938
2886
2902
2911
3286
3276
3318
3319
3299
3311
3304
3217
3205
3248
3235
3233
3238
3236
3165
3140
3137
3139
3192
3180
3103
3122
3121
3126
3106
3522
3533
3539
3553
3572
3573
3568
3569
3570
3459
3474
3473
3486
3492
3495
3496
3509
3517
3402
3400
3419
3432
3431
3453
3454
3446
3440
3443
3442
3339
3343
3340
3346
3345
3351
3387
3389
3391
3824
3796
3797
3799
3776
3778
3781
3780
3782
3765
3761
3774
3775
3759
3757
3731
3719
3711
3710
3709
3691
3692
3669
3657
3663
3645
3644
3640
3609
3590
3586
3940
3912
3931
3933
3923
3921
3924
3886
3880
3900
3903
3895
3854
3855
3843
3862
3857
4
8
27
30
35
57
71
64
79
97
113
124
152
149
169
174
186
184
177
182
214
211
250
240
279
278
305
304
313
294
301
347
335
332
328
354
405
391
445
438
429
418
472
464
458
451
503
489
486
567
565
563
570
518
519
533
615
639
602
685
702
640
669
760
754
753
710
829
782
882
875
850
833
836
846
937
929
1011
1006
990
988
976
1114
1123
1151
1043
1067
1232
1241
1255
1366
1359
1351
1404
1406
1384
1503
1477
1483
1526
1507
1519
1426
1427
1417
1456
1458
1463
1447
1453
1650
1654
1609
1600
1601
1606
1624
1621
1581
1598
1545
1767
1728
1759
1668
1677
1681
1919
1896
1899
1902
1887
1855
1854
1841
1837
2032
2035
2036
2045
2016
1986
1985
1984
1969
1977
1979
1922
1932
2205
2189
2190
2179
2237
2211
2285
2284
2283
2279
2049
2055
2098
2101
2095
