8
15
20
27
35
38
59
84
92
102
119
118
124
137
152
146
189
179
182
183
201
202
217
219
211
238
254
255
245
275
278
283
271
305
313
312
294
343
336
324
332
374
409
414
394
393
385
391
433
437
416
419
418
469
467
463
453
510
505
496
499
484
548
546
544
558
554
563
561
560
570
540
618
617
621
624
631
633
632
578
583
598
603
679
701
694
652
649
640
659
747
761
767
754
715
704
808
792
775
771
769
779
870
862
839
844
957
896
1000
984
988
974
960
1113
1112
1149
1144
1038
1055
1054
1087
1154
1163
1169
1174
1180
1364
1352
1349
1389
1310
1337
1332
1326
1489
1473
1486
1533
1531
1509
1511
1519
1515
1428
1439
1413
1417
1458
1642
1640
1632
1636
1662
1661
1612
1601
1606
1624
1583
1581
1598
1595
1585
1551
1565
1563
1771
1780
1791
1741
1755
1667
1666
1684
1910
1898
1902
1889
1893
1881
1872
1869
1863
1854
1850
1846
1837
1822
1814
1798
2047
2026
1985
1988
1992
1996
1975
1981
1976
1978
1933
2201
2205
2196
2197
2198
2185
2187
2177
2237
2221
2209
2256
2246
2242
2293
2281
2279
2074
2079
2063
2103
2086
2084
2092
2113
2175
2170
2147
2158
2152
2441
2445
2448
2465
2525
2522
2516
2557
2555
2545
2309
2339
2342
2382
2380
2388
2386
2385
2397
2418
2426
2751
2748
2733
2727
2715
2704
2689
2809
2813
2787
2786
2768
2769
2775
2766
2610
2579
2578
2585
2566
2681
2658
2659
2667
2643
2649
2650
2625
2632
2635
2984
2979
3002
3003
2998
2994
2974
2975
2965
3054
3064
3013
3012
2853
2850
2869
2864
2878
2820
2830
2839
2835
2833
2847
2843
2925
2931
2934
2884
2897
2902
3284
3282
3268
3320
3303
3218
3223
3215
3240
3165
3149
3150
3143
3190
3184
3180
3073
3130
3112
3106
3110
3520
3532
3542
3579
3465
3464
3474
3473
3486
3487
3495
3497
3500
3509
3403
3395
3415
3414
3436
3437
3425
3440
3443
3442
3343
3340
3333
3357
3372
3381
3824
3830
3832
3839
3837
3810
3776
3761
3775
3759
3757
3756
3731
3714
3721
3689
3695
3692
3674
3677
3665
3669
3657
3662
3644
3642
3636
3620
3612
3609
3611
3601
3602
3592
3588
3584
3585
3946
3950
3951
3937
3938
3940
3942
3931
3933
3880
3879
3874
3892
3853
3867
9
30
37
49
63
71
64
74
80
83
103
96
113
126
131
166
186
178
193
209
248
240
241
276
267
268
304
341
340
347
321
335
392
386
384
443
445
476
472
452
451
502
557
567
565
571
518
519
536
609
612
577
600
602
606
681
680
697
688
645
669
665
656
742
760
755
753
716
722
828
824
806
801
811
882
886
864
875
877
854
840
956
944
937
1004
997
990
961
964
1044
1068
1232
1152
1167
1366
1363
1404
1390
1312
1317
1493
1503
1496
1475
1472
1482
1526
1529
1504
1437
1415
1463
1447
1450
1647
1650
1609
1626
1575
1570
1596
1556
1760
1770
1728
1750
1756
1707
1715
1726
1725
1669
1681
1906
1900
1880
1865
1858
1856
1862
1844
1825
1812
1804
2035
2016
2027
1987
1972
1925
1932
1928
2189
2179
2180
2211
2210
2269
2271
2265
2250
2296
2290
2275
2056
2101
2107
