8
9
12
31
49
63
71
64
66
74
80
90
99
114
126
124
122
121
128
146
169
167
182
183
217
219
255
250
242
241
278
283
295
297
298
301
347
331
375
360
415
401
404
387
385
391
444
433
424
430
419
418
422
479
473
460
505
496
488
484
487
548
557
564
571
570
519
513
525
522
540
611
617
626
632
598
600
602
702
696
649
668
665
667
659
747
761
718
704
731
722
820
823
824
809
810
811
796
769
782
864
869
878
850
860
842
841
957
939
1008
1000
984
990
974
961
964
1116
1119
1114
1123
1121
1151
1055
1044
1063
1087
1076
1153
1152
1154
1163
1181
1369
1364
1352
1406
1398
1384
1310
1341
1328
1331
1312
1313
1317
1494
1493
1496
1477
1473
1472
1482
1525
1526
1520
1504
1428
1412
1456
1460
1463
1440
1444
1455
1640
1612
1602
1606
1624
1626
1581
1572
1570
1595
1585
1563
1767
1770
1773
1780
1728
1752
1677
1874
1859
1862
1855
1851
1850
1844
1842
1814
1812
1796
2032
2031
1990
1993
1981
1943
1933
1930
2201
2191
2179
2180
2227
2219
2221
2211
2210
2255
2292
2286
2281
2053
2061
2098
2086
2119
2113
2164
2157
2152
2153
2441
2446
2461
2451
2448
2472
2479
2466
2492
2483
2507
2525
2521
2514
2538
2544
2545
2306
2309
2332
2356
2362
2368
2388
2385
2392
2400
2426
2751
2748
2749
2743
2737
2727
2689
2810
2799
2790
2781
2773
2775
2766
2756
2587
2656
2666
2667
2665
2646
2650
2626
2632
2635
2636
2638
2984
2981
2977
3003
2945
2974
3045
3064
3013
3025
2853
2849
2860
2856
2868
2864
2828
2839
2844
2913
2923
2931
2934
2892
2897
3292
3268
3319
3314
3218
3235
3232
3238
3245
3165
3161
3162
3140
3180
3103
3092
3073
3130
3122
3121
3126
3124
3106
3109
3532
3531
3557
3553
3567
3580
3473
3488
3490
3511
3518
3419
3417
3416
3415
3414
3439
3425
3427
3454
3449
3339
3337
3335
3333
3345
3344
3351
3824
3834
3832
3833
3810
3808
3813
3817
3820
3800
3803
3805
3806
3776
3778
3782
3761
3775
3768
3757
3736
3716
3719
3715
3714
3721
3691
3695
3692
3669
3662
3647
3644
3642
3637
3610
3605
3585
3937
3943
3913
3906
3908
3909
3934
3923
3884
3880
3878
3901
3889
3845
3867
3866
15
27
30
37
40
65
79
84
83
92
118
117
129
132
135
152
156
148
174
166
178
202
193
238
240
258
257
263
268
305
312
291
294
343
326
325
354
411
393
384
390
443
416
421
472
469
467
462
458
504
486
563
561
575
609
621
630
633
638
637
577
697
694
692
640
669
656
737
743
760
705
828
831
806
839
840
956
896
1003
1002
988
967
1113
1112
1026
1043
1232
1167
1363
1346
1332
1489
1474
1533
1535
1508
1426
1431
1413
1468
1442
1447
1450
1453
1642
1646
1647
1632
1657
1655
1613
1623
1575
1592
1546
1543
1760
1771
1731
1744
1750
1755
1696
1707
1725
1669
1684
1695
1919
1898
1880
1887
1879
1863
1829
1824
1822
1816
1809
1804
2035
2040
2016
2027
1985
1998
1996
1976
1978
1979
1937
1932
2187
2237
2271
2264
2290
2285
2284
2074
2049
2051
2062
2092
2131
2168
2148
2149
2473
2491
2493
2481
2503
2498
2526
