35
38
37
40
49
53
68
84
90
102
100
108
114
122
136
129
131
132
134
152
169
166
184
191
189
178
183
201
220
217
210
255
251
241
278
287
259
263
271
309
313
312
291
295
325
375
374
360
394
392
387
386
391
444
438
424
429
472
473
467
461
455
496
550
554
564
563
560
573
572
570
528
619
621
631
633
577
598
600
606
685
640
659
751
743
767
717
704
711
710
731
722
828
806
813
811
796
792
885
888
870
877
850
840
846
1002
1005
1006
997
998
987
984
990
976
970
974
963
960
967
966
1117
1116
1114
1105
1151
1138
1053
1055
1067
1068
1063
1076
1169
1352
1389
1341
1329
1331
1332
1323
1326
1312
1313
1316
1493
1501
1472
1483
1533
1529
1531
1511
1504
1507
1439
1436
1410
1415
1456
1458
1461
1471
1440
1445
1447
1450
1642
1659
1657
1651
1655
1652
1612
1601
1626
1631
1570
1592
1549
1547
1539
1564
1760
1767
1771
1728
1731
1749
1750
1702
1718
1725
1666
1685
1686
1681
1906
1898
1901
1867
1859
1863
1855
1854
1846
1837
1822
1793
2032
2035
2037
2044
2027
2031
1987
1985
1984
1993
1992
1996
1980
1978
1922
2201
2187
2190
2223
2215
2264
2265
2256
2257
2259
2296
2292
2293
2281
2079
2049
2055
2056
2103
2101
2129
2131
2119
2113
2127
2165
2175
2153
2441
2446
2444
2472
2465
2481
2482
2487
2510
2507
2503
2523
2521
2537
2538
2555
2548
2544
2306
2332
2339
2342
2345
2350
2356
2379
2400
2415
2705
2695
2691
2810
2809
2799
2798
2783
2775
2767
2766
2758
2602
2577
2579
2589
2587
2566
2562
2574
2675
2673
2656
2663
2661
2646
2650
2632
2635
2637
2977
2979
3003
2998
2955
2953
2963
3050
3047
3065
3069
3024
3025
2855
2850
2864
2817
2830
2828
2824
2825
2837
2834
2913
2928
2931
2930
2938
2885
2897
2903
2900
2904
2911
3286
3282
3293
3295
3288
3318
3305
3216
3218
3221
3165
3161
3158
3143
3136
3137
3199
3188
3180
3092
3073
3132
3122
3121
3124
3106
3110
3109
3520
3532
3531
3553
3567
3562
3569
3577
3486
3488
3491
3495
3511
3402
3401
3419
3414
3434
3428
3425
3446
3329
3345
3374
3385
3378
3382
3824
3834
3833
3838
3817
3820
3804
3805
3806
3777
3781
3782
3787
3790
3767
3761
3774
3775
3757
3732
3743
3716
3715
3690
3689
3692
3677
3669
3656
3657
3658
3661
3648
3652
3642
3625
3611
3602
3593
3588
3586
3951
3939
3940
3905
3935
3933
3922
3924
3884
3885
3886
3880
3877
3874
3902
3892
3895
3888
3853
3850
3848
3847
3845
3840
3870
3860
8
9
12
23
27
31
71
79
72
92
96
116
113
126
121
254
270
305
294
301
324
335
359
414
393
385
389
443
445
436
427
419
418
422
479
476
469
464
452
505
499
487
486
483
548
544
561
568
518
536
609
639
637
583
603
602
680
700
697
688
670
746
762
760
761
754
716
735
824
775
771
882
891
869
875
876
848
863
835
844
958
959
939
1011
961
1119
1112
1144
1043
1044
1087
1167
1202
1359
1351
1406
1390
1317
1502
1499
1497
1477
1473
1482
1525
1509
1508
1413
1417
1442
1640
1632
1600
1582
1583
1572
1598
1585
1550
1551
1567
1772
1780
1755
1756
