27
33
38
53
56
61
64
67
78
75
83
102
99
118
114
136
138
152
148
174
167
184
191
182
201
197
193
219
214
254
255
242
283
258
259
305
304
291
294
301
325
332
359
409
414
386
389
444
436
439
424
476
469
460
452
503
496
498
499
495
489
487
486
571
570
568
528
540
609
617
626
624
630
633
632
638
577
578
600
606
685
681
692
649
645
666
667
743
760
755
758
711
734
725
831
806
807
810
811
796
882
885
886
888
867
877
860
841
844
958
1005
1006
997
998
985
990
962
961
967
964
1116
1113
1149
1053
1067
1232
1169
1364
1349
1399
1389
1384
1381
1336
1341
1326
1312
1317
1493
1502
1501
1497
1474
1472
1526
1523
1529
1531
1509
1514
1426
1423
1421
1456
1460
1463
1470
1471
1440
1444
1453
1642
1646
1632
1657
1661
1651
1655
1600
1602
1624
1626
1631
1582
1583
1574
1598
1592
1551
1539
1563
1760
1767
1782
1741
1749
1755
1703
1725
1669
1668
1677
1695
1899
1893
1880
1879
1864
1871
1869
1863
1844
1841
1837
1829
1816
1814
1812
1809
2036
2037
2044
2047
1987
1980
1981
1976
1930
2201
2185
2187
2237
2221
2215
2265
2267
2260
2286
2285
2284
2049
2098
2101
2086
2095
2164
2175
2173
2170
2446
2444
2434
2461
2452
2473
2479
2464
2466
2491
2480
2482
2487
2509
2503
2498
2522
2516
2512
2536
2557
2544
2545
2307
2327
2332
2339
2380
2381
2386
2400
2740
2704
2697
2812
2813
2785
2775
2767
2755
2614
2610
2597
2582
2577
2586
2566
2674
2678
2656
2666
2653
2632
2637
2638
2981
2979
2978
2992
2962
3049
3054
3056
3057
3010
3013
3026
2849
2868
2821
2817
2824
2837
2835
2833
2933
2887
2884
2902
2904
3286
3282
3293
3294
3288
3289
3268
3276
3318
3319
3322
3299
3207
3248
3233
3240
3143
3137
3199
3184
3180
3103
3092
3126
3110
3523
3531
3540
3539
3557
3564
3568
3570
3581
3474
3486
3488
3490
3492
3495
3496
3514
3402
3400
3393
3415
3414
3439
3432
3431
3449
3338
3345
3344
3385
3834
3808
3813
3805
3776
3781
3790
3767
3765
3775
3768
3759
3757
3732
3718
3711
3696
3690
3694
3692
3673
3657
3662
3655
3645
3644
3637
3626
3625
3620
3610
3597
3590
3587
3945
3946
3912
3918
3909
3921
3887
3879
3903
3902
3894
3889
3854
3845
3867
8
15
20
49
63
77
74
87
93
103
97
126
121
128
135
156
146
166
186
178
183
217
210
211
227
248
240
241
278
263
312
295
297
298
341
336
324
335
369
354
415
406
384
391
433
427
422
479
467
463
458
453
451
505
502
546
567
565
569
519
536
612
631
598
603
680
694
668
669
665
746
716
718
705
704
731
722
824
803
809
798
881
880
836
956
959
974
960
1123
1144
1063
1087
1076
1255
1152
1167
1369
1406
1398
1329
1331
1475
1483
1482
1515
1428
1432
1412
1417
1458
1461
1468
1442
1647
1650
1613
1604
1606
1621
1623
1581
1572
1599
1596
1593
1549
1546
1547
1564
1770
1772
1791
1728
1759
1707
1715
1726
1681
1872
1856
1807
1804
2032
2042
2027
2007
1986
1985
1996
1972
1979
1943
1925
1933
1932
1928
2197
2190
2180
2182
2263
2241
