9
27
40
49
55
61
71
66
78
79
84
87
93
92
119
114
126
124
131
132
135
152
156
146
149
174
191
181
201
200
202
193
217
219
212
210
248
245
275
274
279
278
283
287
258
313
315
295
297
298
335
374
359
355
414
415
393
398
397
445
433
438
430
416
476
472
473
470
469
462
458
453
510
505
503
498
487
565
561
560
573
570
568
519
526
528
540
614
617
638
580
583
606
682
702
697
692
669
665
746
751
737
760
755
753
712
716
704
729
726
823
829
806
807
815
811
796
769
782
864
867
876
862
839
841
958
896
1002
992
987
963
962
967
966
1116
1119
1114
1121
1144
1038
1044
1067
1058
1153
1163
1167
1174
1180
1390
1310
1337
1329
1312
1490
1489
1496
1477
1474
1472
1525
1523
1511
1504
1432
1439
1436
1437
1415
1417
1460
1471
1440
1445
1453
1455
1640
1632
1657
1655
1605
1629
1572
1570
1599
1592
1585
1550
1546
1565
1767
1771
1791
1728
1744
1750
1715
1668
1671
1685
1686
1695
1910
1899
1902
1903
1893
1881
1886
1869
1860
1853
1854
1844
1842
1837
1832
1817
1807
2032
2036
2044
2027
1986
1984
1993
1992
1996
1969
1943
1928
2185
2189
2191
2190
2179
2227
2271
2264
2265
2260
2251
2250
2292
2285
2283
2281
2050
2061
2098
2103
2128
2131
2119
2165
2441
2445
2452
2477
2479
2466
2494
2511
2507
2523
2515
2512
2538
2548
2544
2545
2546
2304
2305
2332
2345
2358
2388
2386
2397
2400
2417
2748
2733
2711
2798
2786
2790
2783
2768
2769
2614
2620
2593
2577
2586
2566
2562
2573
2675
2673
2678
2658
2665
2651
2653
2630
2632
2634
2637
2981
2979
2998
2992
2945
2964
2965
3049
3050
3043
3047
3064
3010
3012
2854
2851
2868
2864
2876
2821
2817
2830
2831
2828
2913
2923
2930
2886
2884
2897
2904
3286
3280
3282
3283
3268
3276
3314
3303
3311
3309
3218
3221
3230
3240
3165
3154
3137
3138
3192
3190
3180
3121
3106
3110
3520
3532
3542
3539
3559
3562
3572
3569
3465
3488
3492
3511
3517
3402
3403
3400
3401
3393
3415
3433
3428
3440
3339
3343
3349
3391
3830
3832
3839
3817
3816
3799
3803
3805
3806
3777
3776
3781
3767
3775
3768
3749
3757
3731
3743
3716
3718
3709
3696
3691
3689
3694
3695
3692
3672
3665
3641
3640
3625
3620
3612
3600
3603
3602
3597
3593
3584
3587
3946
3940
3941
3918
3906
3905
3909
3924
3884
3885
3892
3895
3850
3848
3849
3847
3862
3860
4
8
15
38
54
63
65
77
100
99
96
97
118
113
148
169
184
182
183
214
211
238
234
227
259
269
304
309
294
341
340
332
375
369
378
365
360
405
392
386
385
384
390
459
452
511
504
496
499
484
483
548
546
566
518
525
537
609
612
619
633
600
603
602
685
649
645
640
668
662
718
709
722
809
775
779
880
882
886
850
957
917
1003
1005
1004
1006
990
988
974
960
964
1117
1123
1051
1056
1063
1169
1366
1352
1351
1406
1399
1398
1388
1341
1331
1317
1503
1501
1499
1475
1473
1535
1509
1427
1428
1410
1421
1420
1468
1454
1642
1658
1662
1650
1601
1581
1598
1551
1567
1760
1733
1756
1696
1707
1725
