38
53
59
61
66
84
80
93
92
100
99
96
108
124
121
137
138
152
146
191
189
181
205
192
220
217
219
239
250
241
274
278
283
287
271
304
294
298
347
325
321
332
374
411
414
405
394
392
386
433
427
416
422
469
467
465
453
510
502
498
495
489
554
567
563
573
570
536
619
617
623
633
580
685
702
649
645
640
662
760
767
753
756
717
716
729
731
722
820
807
813
808
809
811
789
798
793
881
867
876
877
850
854
863
833
839
937
1000
993
987
984
960
967
1123
1055
1067
1071
1068
1216
1255
1169
1174
1369
1365
1363
1351
1406
1381
1329
1331
1330
1325
1493
1502
1496
1472
1509
1508
1515
1426
1434
1436
1415
1412
1456
1458
1455
1642
1632
1659
1657
1662
1609
1612
1605
1574
1570
1595
1592
1564
1555
1767
1791
1731
1733
1741
1743
1749
1750
1715
1725
1671
1664
1679
1675
1684
1692
1695
1898
1903
1893
1880
1879
1863
1861
1854
1842
1814
1793
2027
2008
1985
1990
1988
1998
1972
1977
1979
2201
2196
2189
2179
2219
2221
2209
2264
2265
2260
2257
2299
2293
2286
2284
2079
2056
2061
2103
2104
2119
2175
2157
2444
2456
2448
2452
2472
2465
2466
2510
2503
2526
2514
2515
2536
2557
2548
2307
2305
2309
2317
2338
2358
2373
2380
2400
2415
2408
2419
2426
2748
2743
2711
2705
2811
2812
2800
2799
2798
2784
2778
2773
2755
2758
2610
2582
2577
2579
2578
2585
2586
2562
2569
2678
2659
2656
2646
2651
2650
2638
2981
2982
3002
3003
2999
2994
2955
2974
2964
3048
3050
3054
3043
3047
3064
3065
3021
3025
2853
2855
2850
2862
2868
2876
2817
2828
2834
2843
2913
2928
2882
2880
2898
2911
3276
3318
3303
3302
3229
3139
3180
3177
3133
3124
3109
3520
3531
3572
3575
3580
3465
3492
3495
3496
3401
3395
3415
3414
3410
3437
3428
3431
3454
3440
3343
3340
3329
3333
3349
3839
3837
3810
3813
3796
3805
3776
3778
3781
3780
3782
3765
3761
3775
3748
3759
3757
3731
3738
3719
3715
3709
3689
3694
3695
3659
3644
3636
3596
3586
3587
3937
3941
3942
3913
3919
3906
3905
3909
3931
3934
3923
3922
3886
3887
3877
3878
3875
3902
3898
3892
3895
3854
3847
3843
3866
8
15
20
27
31
35
55
68
65
89
103
113
134
166
182
183
193
214
209
211
227
275
279
268
269
313
312
301
341
320
378
365
409
415
393
391
419
421
479
463
461
452
505
488
486
565
564
568
519
525
533
528
540
612
627
631
639
637
692
669
746
765
715
718
831
824
806
771
880
862
842
846
957
935
929
997
988
964
1113
1144
1053
1063
1355
1404
1389
1310
1341
1332
1326
1317
1473
1482
1526
1523
1529
1427
1417
1461
1450
1454
1646
1650
1655
1613
1601
1624
1631
1623
1582
1598
1596
1593
1585
1551
1565
1752
1755
1756
1703
1696
1707
1669
1685
1902
1887
1872
1865
1859
1862
1844
1841
1837
1816
1807
1798
2032
2036
2041
2016
2026
2031
1987
1984
1992
1969
1980
1943
1940
1928
2205
2185
2180
2238
2237
2227
2211
2210
2271
2267
2250
2241
2296
2283
2276
2272
2074
2050
2086
2095
2128
2113
2163
2446
2435
2437
2458
2461
2479
