26
37
53
64
65
66
67
78
100
96
106
116
114
113
126
121
128
130
149
169
166
184
189
183
201
200
197
195
220
218
214
209
211
275
309
313
289
291
298
341
340
336
347
324
335
369
408
394
385
384
391
388
443
447
430
418
470
460
510
505
496
498
484
559
565
563
575
573
571
609
612
619
631
637
583
584
598
681
702
669
665
666
667
747
749
742
767
754
759
711
725
824
807
811
787
796
774
769
864
876
877
840
844
957
1011
1002
1006
997
990
982
974
961
960
967
1117
1123
1121
1139
1038
1039
1026
1053
1068
1087
1154
1181
1349
1389
1310
1336
1326
1313
1489
1496
1477
1474
1526
1534
1531
1504
1433
1439
1437
1415
1417
1423
1450
1453
1646
1647
1659
1662
1650
1652
1600
1604
1624
1626
1623
1582
1583
1570
1599
1760
1770
1780
1787
1733
1746
1750
1755
1696
1715
1725
1665
1666
1679
1692
1910
1880
1886
1874
1867
1869
1855
1854
1851
1825
1822
1817
1814
1807
2036
2026
1987
1988
1993
1998
1996
1972
1981
1978
1933
1932
2205
2197
2185
2190
2179
2227
2219
2271
2264
2265
2255
2293
2286
2284
2051
2056
2061
2063
2092
2129
2128
2131
2127
2149
2441
2440
2445
2510
2507
2500
2526
2523
2521
2512
2535
2559
2555
2305
2327
2339
2342
2362
2382
2383
2380
2381
2400
2415
2419
2418
2426
2751
2743
2740
2737
2733
2704
2695
2691
2812
2813
2807
2798
2786
2784
2790
2768
2775
2766
2610
2597
2593
2602
2578
2674
2678
2659
2643
2650
2653
2652
2655
2627
2632
2638
2979
2978
3003
2992
2994
2945
2963
3049
3047
3017
3021
3014
3012
3026
3025
2853
2849
2862
2864
2878
2873
2820
2816
2831
2828
2931
2930
2882
2884
2904
3286
3282
3283
3299
3306
3215
3232
3239
3165
3162
3158
3149
3140
3138
3139
3192
3075
3128
3122
3121
3106
3520
3532
3540
3544
3553
3567
3562
3572
3575
3569
3464
3486
3490
3496
3511
3517
3402
3399
3419
3437
3439
3442
3331
3333
3349
3374
3367
3389
3391
3381
3380
3830
3832
3838
3816
3820
3803
3781
3737
3716
3725
3710
3692
3665
3656
3657
3659
3661
3663
3637
3612
3611
3592
3588
3585
3587
3912
3919
3905
3886
3877
3874
3901
3900
3898
3892
3895
3894
3889
3888
3854
3848
3840
3841
3867
20
35
40
61
68
80
83
103
99
132
152
174
191
178
182
193
217
227
254
248
241
259
256
257
267
271
305
304
294
295
301
325
320
332
331
374
378
358
390
444
436
424
427
419
473
467
463
453
548
546
569
568
519
512
533
540
621
632
600
697
694
692
645
760
753
718
704
731
722
828
831
806
813
808
798
771
779
881
893
869
862
956
959
941
917
907
988
978
976
962
1112
1151
1144
1055
1043
1044
1076
1241
1167
1180
1398
1390
1329
1312
1317
1503
1499
1523
1509
1511
1431
1428
1432
1413
1421
1456
1460
1440
1442
1454
1654
1606
1629
1593
1550
1543
1756
1671
1889
1893
1881
1879
1862
1841
1837
1811
2047
2016
2007
1984
1992
1971
1980
1937
1926
1922
1928
2187
2211
2266
2267
2260
2241
2295
2290
2281
2075
2074
2079
2049
2098
2107
2175
2169
2156
2157
2152
2153
2434
2437
