23
27
38
37
40
54
63
65
78
87
80
83
92
90
102
96
119
118
136
129
131
134
148
169
167
184
191
182
183
201
197
192
219
214
210
254
251
245
241
263
271
304
310
298
331
375
374
369
365
411
409
414
401
406
393
386
389
433
430
419
422
478
452
503
495
484
548
571
570
569
519
528
540
612
619
626
632
577
584
600
603
606
681
697
692
649
640
656
659
747
751
767
755
757
704
711
831
806
808
787
798
793
779
888
864
870
874
875
876
877
853
833
839
840
958
959
896
1002
1004
997
984
980
970
962
960
966
1116
1112
1114
1144
1038
1026
1053
1056
1087
1160
1174
1180
1369
1349
1399
1381
1336
1331
1332
1312
1317
1489
1503
1501
1496
1472
1529
1509
1504
1514
1428
1434
1433
1439
1436
1437
1412
1417
1423
1420
1450
1455
1640
1657
1655
1624
1626
1581
1574
1575
1598
1551
1546
1543
1539
1770
1791
1731
1739
1744
1749
1750
1756
1707
1718
1715
1669
1664
1677
1679
1692
1898
1899
1901
1902
1872
1871
1857
1855
1854
1850
1826
1817
1814
1809
1798
2035
2007
1987
1993
1999
1998
1972
1981
1943
1932
2201
2192
2196
2197
2185
2189
2227
2211
2209
2260
2256
2283
2049
2052
2056
2098
2084
2131
2169
2149
2158
2152
2153
2440
2445
2444
2462
2448
2449
2473
2479
2466
2482
2510
2509
2525
2522
2516
2549
2306
2323
2327
2326
2382
2383
2397
2400
2751
2737
2727
2704
2697
2811
2807
2790
2776
2783
2769
2775
2753
2756
2610
2597
2594
2593
2602
2582
2577
2587
2573
2568
2675
2668
2645
2646
2651
2650
2627
2629
2636
2638
2992
2994
2945
2963
3050
3045
3047
3017
3010
3012
3026
2853
2851
2862
2817
2824
2839
2837
2834
2844
2925
2934
2886
2894
2903
2911
3280
3293
3294
3295
3318
3314
3313
3302
3299
3217
3223
3207
3235
3245
3161
3162
3150
3171
3092
3132
3122
3121
3126
3112
3106
3522
3532
3540
3564
3562
3572
3569
3580
3579
3474
3490
3496
3509
3511
3401
3395
3392
3414
3437
3433
3431
3449
3338
3353
3344
3349
3370
3367
3389
3824
3838
3810
3797
3799
3803
3805
3765
3749
3759
3757
3756
3731
3711
3709
3690
3692
3673
3664
3663
3644
3641
3640
3637
3612
3605
3607
3593
3585
3946
3937
3941
3912
3913
3919
3906
3908
3884
3877
3900
3902
3895
3854
3855
3853
3847
3870
3857
55
53
79
93
106
122
121
132
156
174
178
181
205
202
193
217
211
255
248
258
269
309
313
294
297
347
324
335
330
355
360
408
405
392
387
443
444
438
424
479
469
498
489
487
547
558
554
565
560
573
521
533
536
621
631
685
702
652
669
665
746
737
743
760
716
725
829
828
807
813
809
771
882
869
850
862
841
956
957
1011
1003
990
974
961
1119
1123
1151
1068
1076
1255
1161
1366
1359
1355
1352
1404
1406
1388
1389
1384
1310
1341
1329
1328
1330
1497
1526
1508
1515
1410
1413
1440
1647
1612
1605
1570
1593
1585
1549
1550
1565
1564
1556
1767
1780
1733
1735
1743
1725
1668
1910
1893
1881
1874
1870
1863
1851
1846
1837
2036
2037
2042
2044
2016
2027
2026
1986
1985
1984
1992
1996
1973
1978
2205
2179
