8
12
15
27
38
40
55
54
68
71
66
78
90
99
96
97
114
128
134
174
167
183
181
195
238
227
254
250
240
275
276
264
270
305
304
312
298
301
343
336
347
320
335
332
369
359
406
393
396
387
386
433
425
424
427
429
430
416
418
476
473
463
462
452
505
503
496
498
489
488
546
547
557
554
566
561
560
570
568
519
525
536
626
630
635
639
584
603
606
680
702
694
692
645
664
656
743
756
757
710
722
725
828
831
806
807
808
811
779
880
882
885
870
874
850
862
860
833
841
937
1011
1000
1003
1006
993
992
997
998
990
989
961
960
966
964
1116
1119
1114
1151
1149
1138
1038
1053
1055
1044
1058
1056
1076
1232
1154
1160
1174
1352
1351
1349
1389
1384
1381
1336
1329
1328
1331
1332
1326
1489
1526
1523
1531
1509
1434
1432
1436
1412
1417
1421
1458
1440
1453
1659
1651
1613
1604
1623
1592
1585
1539
1556
1553
1731
1743
1756
1707
1725
1669
1679
1684
1906
1902
1889
1891
1887
1874
1879
1877
1864
1859
1863
1860
1850
1846
1825
1807
1796
1793
2044
2045
2047
2031
2008
1987
1984
1990
1992
1996
1971
1979
1937
1925
2196
2197
2187
2189
2191
2190
2179
2219
2221
2209
2293
2286
2051
2063
2086
2092
2157
2441
2460
2493
2494
2480
2481
2482
2509
2503
2499
2498
2525
2523
2521
2516
2515
2536
2538
2557
2559
2552
2548
2544
2307
2304
2326
2341
2356
2362
2374
2415
2429
2743
2708
2705
2810
2800
2799
2798
2790
2776
2760
2755
2756
2758
2621
2593
2577
2573
2675
2674
2673
2678
2658
2647
2650
2636
2637
2638
2984
2981
2992
2955
2945
2964
2963
3049
3048
3041
3064
3057
3017
3021
3008
3012
2853
2855
2868
2828
2825
2839
2835
2834
2847
2843
2913
2938
2888
2892
2897
3283
3293
3268
3276
3325
3311
3306
3218
3221
3224
3205
3215
3245
3162
3149
3143
3139
3187
3183
3084
3130
3132
3112
3117
3106
3532
3564
3569
3570
3486
3495
3518
3403
3399
3395
3419
3432
3433
3434
3440
3339
3331
3346
3345
3351
3374
3832
3838
3839
3813
3799
3804
3778
3780
3782
3767
3765
3761
3748
3758
3756
3737
3718
3715
3710
3690
3695
3665
3669
3657
3645
3642
3636
3620
3612
3611
3610
3600
3596
3944
3945
3937
3940
3912
3913
3905
3908
3909
3923
3921
3924
3886
3881
3877
3874
3875
3898
3895
3894
3843
3840
3858
4
35
57
63
61
84
83
106
119
118
113
124
121
157
149
166
178
182
205
219
209
258
263
271
313
340
363
409
414
405
394
389
444
467
453
499
495
486
513
540
611
609
612
617
631
632
600
681
697
688
640
669
667
662
659
737
761
765
715
809
798
881
888
891
864
875
876
854
839
840
846
957
959
1004
987
976
967
1117
1113
1144
1043
1063
1087
1241
1152
1163
1202
1363
1359
1404
1406
1399
1398
1310
1496
1475
1525
1533
1529
1511
1507
1515
1427
1437
1410
1423
1461
1463
1642
1646
1658
1661
1650
1655
1609
1600
1626
1631
1581
1572
1596
1564
1733
1744
1755
1696
1686
1896
1893
1871
1855
1854
1844
1841
1814
1798
2032
2035
2042
2027
2026
1986
1973
1976
1922
1934
1932
1928
2237
