12
30
55
54
53
65
75
84
83
93
102
103
96
138
130
134
171
191
189
182
195
220
210
211
250
241
275
278
283
287
271
304
313
294
298
341
336
331
374
408
409
415
404
387
416
478
473
469
467
463
459
449
510
502
496
487
554
565
519
525
528
540
609
613
619
621
626
639
638
583
603
697
667
751
755
711
731
732
734
823
829
811
796
771
769
888
867
874
833
839
840
956
957
958
896
1000
1002
987
972
1105
1151
1026
1053
1067
1087
1153
1152
1174
1355
1352
1351
1349
1390
1381
1310
1341
1329
1326
1312
1313
1489
1502
1473
1525
1526
1523
1533
1529
1531
1508
1519
1427
1436
1458
1468
1442
1444
1450
1640
1647
1606
1621
1582
1583
1549
1550
1546
1543
1563
1782
1791
1731
1743
1696
1668
1665
1666
1684
1906
1896
1898
1901
1867
1871
1869
1857
1862
1855
1846
1829
1830
1825
1811
1807
2041
2031
2007
1990
1992
1996
1980
1976
1978
1979
1930
1928
2198
2227
2215
2264
2265
2251
2241
2296
2292
2293
2284
2281
2073
2074
2049
2050
2061
2104
2086
2113
2162
2158
2441
2446
2445
2460
2451
2449
2477
2482
2483
2509
2522
2523
2516
2543
2538
2531
2559
2552
2555
2548
2305
2323
2356
2382
2380
2386
2400
2415
2408
2417
2426
2748
2744
2741
2733
2714
2711
2704
2691
2798
2785
2768
2773
2767
2753
2756
2618
2607
2582
2566
2673
2659
2656
2665
2650
2652
2655
2638
2988
2982
2978
3002
2994
2972
2964
2965
3049
3048
3050
3043
3064
3017
3021
3010
3014
3031
2853
2849
2850
2851
2862
2868
2865
2818
2817
2828
2824
2839
2837
2834
2847
2842
2913
2923
2928
2931
2938
2882
2894
2896
2903
2904
3286
3281
3282
3288
3268
3276
3319
3320
3309
3305
3221
3222
3225
3232
3165
3158
3154
3144
3140
3143
3138
3139
3192
3184
3180
3172
3092
3122
3121
3116
3110
3109
3520
3531
3542
3544
3553
3562
3572
3573
3568
3581
3579
3456
3465
3474
3482
3486
3491
3495
3509
3511
3514
3517
3402
3401
3395
3415
3437
3432
3428
3431
3454
3440
3442
3338
3343
3331
3333
3345
3344
3351
3349
3367
3385
3824
3833
3839
3808
3813
3817
3822
3796
3805
3781
3780
3782
3765
3761
3768
3749
3721
3711
3696
3695
3677
3669
3659
3645
3644
3640
3626
3620
3619
3609
3611
3603
3593
3590
3586
3587
3913
3908
3934
3921
3924
3874
3875
3903
3895
3894
3889
3867
3860
8
9
15
31
40
49
76
79
106
116
128
131
158
149
202
193
217
218
219
227
258
269
309
312
301
375
369
359
365
392
391
443
436
427
419
479
476
453
452
498
488
483
550
548
547
560
518
512
513
542
612
617
635
633
637
577
600
606
680
695
669
656
760
753
718
828
806
813
808
782
779
881
880
886
891
869
842
841
959
937
1011
1003
1006
992
997
990
960
966
964
1117
1119
1144
1055
1054
1044
1063
1163
1167
1369
1404
1397
1306
1337
1317
1493
1503
1477
1509
1504
1515
1428
1410
1415
1417
1421
1445
1655
1654
1609
1613
1601
1604
1623
1581
1574
1570
1571
1593
1592
1767
1771
1780
1728
1733
1744
1746
1755
1703
1725
1902
1893
1881
1865
1856
1854
1812
2047
1986
1984
