20
38
61
64
74
102
108
126
124
137
138
132
146
169
167
166
178
183
201
202
197
217
219
209
210
234
254
278
258
291
295
347
326
335
332
331
374
359
414
406
405
393
396
387
391
389
443
447
433
416
419
473
469
462
505
502
498
495
488
484
487
548
544
558
554
564
560
573
570
518
526
635
633
578
600
697
649
640
656
746
751
742
767
765
731
735
722
829
828
831
824
808
796
774
769
779
882
885
867
874
875
876
878
862
833
844
958
937
896
1000
1005
1004
997
985
989
976
974
960
1102
1117
1116
1119
1121
1149
1144
1038
1039
1067
1058
1056
1087
1152
1154
1369
1351
1349
1406
1398
1389
1337
1341
1328
1312
1313
1501
1486
1525
1509
1427
1436
1417
1423
1421
1458
1470
1445
1632
1659
1650
1652
1613
1600
1602
1605
1626
1623
1575
1572
1570
1599
1596
1592
1549
1551
1543
1539
1565
1564
1567
1555
1760
1770
1728
1731
1741
1743
1749
1707
1718
1715
1668
1670
1681
1898
1889
1893
1881
1874
1854
1851
1844
1846
1825
1822
1796
1793
2036
2047
2031
2007
1987
1985
1984
1990
1993
1996
1976
1977
1978
1926
1922
2205
2197
2179
2227
2221
2209
2215
2255
2286
2056
2103
2086
2095
2092
2162
2169
2149
2158
2152
2440
2445
2444
2437
2462
2460
2448
2472
2465
2466
2493
2481
2483
2503
2498
2526
2522
2521
2515
2512
2552
2555
2327
2326
2339
2356
2358
2377
2388
2385
2404
2415
2426
2751
2748
2743
2727
2715
2708
2704
2689
2810
2813
2800
2776
2773
2755
2754
2758
2614
2589
2573
2569
2673
2681
2661
2667
2647
2646
2649
2650
2652
2625
2984
2979
2992
2972
2962
3048
3042
3057
3012
3025
2851
2862
2856
2869
2873
2874
2821
2817
2830
2828
2835
2843
2933
2904
3283
3292
3294
3289
3268
3318
3299
3309
3235
3242
3165
3161
3141
3143
3139
3190
3184
3171
3131
3132
3121
3124
3116
3559
3562
3575
3474
3473
3495
3517
3403
3399
3395
3392
3415
3410
3434
3428
3443
3442
3329
3351
3349
3367
3389
3378
3824
3833
3838
3817
3805
3778
3767
3765
3775
3732
3738
3710
3689
3673
3674
3677
3669
3659
3661
3662
3644
3640
3636
3625
3605
3601
3596
3597
3593
3590
3944
3947
3918
3906
3908
3935
3934
3933
3923
3922
3924
3885
3881
3877
3874
3875
3900
3898
3894
3888
3854
3855
3853
3848
3847
3870
3867
3866
3862
65
76
77
78
80
93
92
106
113
122
121
155
156
149
174
184
191
177
251
241
259
271
268
304
313
341
338
324
320
369
378
352
365
404
392
390
438
424
427
422
479
465
453
452
451
503
499
483
546
575
569
568
512
533
528
612
621
631
577
583
603
606
685
680
692
645
662
762
764
753
716
801
811
864
869
841
846
957
935
998
973
972
962
966
964
1113
1112
1128
1053
1044
1064
1063
1163
1169
1366
1352
1381
1382
1332
1317
1493
1503
1477
1475
1474
1473
1526
1523
1504
1415
1456
1463
1468
1447
1454
1642
1640
1646
1661
1609
1601
1604
1629
1582
1546
1733
1744
1746
1759
1703
1669
1665
1664
1695
1870
1862
1863
1855
1839
1829
1824
1814
2038
2041
2027
1992
1975
1971
1980
1983
1928
2201
