8
27
35
40
49
54
59
61
71
67
77
78
84
97
119
137
130
135
148
169
167
166
191
189
182
201
202
197
217
209
210
211
234
251
248
276
283
259
271
304
313
312
297
301
340
374
359
355
408
414
406
384
391
445
424
430
416
476
472
469
505
502
503
496
499
487
557
554
528
536
609
614
612
631
633
637
577
583
606
694
692
688
649
669
667
656
746
751
767
754
716
711
731
726
829
831
807
809
811
791
796
792
781
779
885
888
870
875
876
877
853
862
860
842
841
844
896
1021
1005
993
987
984
990
974
972
962
960
1117
1116
1119
1113
1151
1149
1138
1055
1040
1067
1068
1154
1355
1352
1406
1384
1336
1323
1325
1326
1490
1489
1501
1496
1475
1473
1526
1507
1516
1439
1437
1415
1417
1423
1456
1440
1450
1640
1646
1632
1657
1661
1602
1604
1583
1575
1572
1595
1593
1551
1547
1539
1565
1564
1563
1556
1555
1760
1770
1731
1741
1746
1749
1752
1668
1670
1667
1666
1906
1898
1899
1902
1891
1881
1880
1872
1856
1860
1842
1839
1829
1822
1814
1811
1798
1793
2035
2036
2044
2017
2026
2031
2007
1987
1998
1977
1933
2205
2196
2197
2185
2179
2180
2227
2219
2211
2264
2079
2049
2055
2056
2104
2086
2092
2157
2152
2441
2456
2462
2466
2482
2483
2510
2509
2498
2521
2516
2515
2552
2555
2545
2546
2306
2307
2304
2305
2315
2341
2342
2362
2382
2380
2381
2400
2809
2812
2800
2806
2799
2783
2768
2756
2620
2577
2589
2566
2568
2675
2674
2678
2681
2658
2656
2643
2650
2632
2638
2981
2977
2994
2945
2965
2962
3043
3042
3047
3057
3013
3012
3026
3031
2853
2848
2851
2868
2864
2876
2873
2817
2833
2913
2914
2928
2933
2938
2885
2888
2893
2903
2911
3286
3282
3292
3318
3319
3314
3322
3311
3309
3235
3232
3240
3245
3165
3154
3140
3138
3139
3192
3184
3085
3121
3106
3532
3540
3579
3459
3474
3473
3488
3490
3492
3495
3497
3511
3518
3400
3401
3394
3395
3392
3393
3419
3417
3416
3414
3437
3432
3433
3434
3440
3329
3333
3344
3351
3370
3837
3803
3805
3806
3782
3765
3761
3775
3756
3734
3731
3743
3715
3689
3695
3674
3669
3670
3657
3641
3611
3605
3607
3597
3590
3585
3586
3946
3938
3939
3912
3913
3905
3908
3909
3931
3935
3933
3923
3922
3883
3903
3898
3892
3895
3894
3855
3850
3849
3847
3845
9
23
31
38
65
79
80
93
92
99
118
116
113
128
134
152
178
183
219
238
227
255
275
258
305
309
294
298
325
369
352
393
443
436
438
427
419
473
467
463
484
486
544
558
561
560
575
533
540
639
598
602
697
665
762
760
759
828
824
771
881
882
886
864
851
833
957
958
917
1003
1004
1006
998
988
970
1114
1123
1044
1056
1063
1152
1167
1366
1365
1351
1404
1389
1381
1341
1493
1503
1477
1474
1482
1533
1508
1511
1515
1428
1410
1412
1463
1662
1650
1601
1605
1629
1581
1570
1598
1585
1550
1767
1771
1728
1750
1758
1759
1677
1681
1695
1887
1874
1879
1865
1859
1862
1863
1844
1841
1837
2032
2037
2027
2029
1985
1995
1922
2187
2190
2237
2257
2296
2284
2279
2073
2053
2103
2101
2095
2128
2131
2169
2149
2445
