15
38
49
64
78
79
87
83
106
126
122
136
128
148
186
178
202
197
234
227
250
278
312
294
297
343
324
325
335
331
374
378
411
415
405
394
393
392
387
384
389
437
429
421
422
472
462
453
504
503
498
489
488
544
564
563
561
519
525
526
528
609
612
618
619
617
621
633
639
580
606
681
649
645
668
667
656
747
765
704
710
731
725
823
807
803
815
809
769
887
888
876
878
853
863
860
839
841
957
937
1002
1006
997
984
990
981
972
961
960
967
1119
1114
1144
1026
1055
1044
1067
1058
1154
1163
1164
1168
1181
1369
1363
1352
1349
1399
1389
1384
1341
1317
1502
1501
1483
1482
1525
1526
1523
1511
1514
1426
1427
1439
1436
1410
1456
1458
1461
1440
1445
1642
1656
1612
1601
1604
1606
1626
1583
1575
1596
1585
1551
1547
1565
1556
1770
1780
1733
1744
1746
1749
1750
1756
1715
1677
1685
1681
1695
1910
1901
1881
1887
1869
1861
1853
1855
1846
1841
1842
1829
1814
1812
1809
1793
2035
2036
2037
2044
2047
2031
2008
1987
1981
1979
1926
1933
2201
2196
2187
2189
2179
2215
2286
2276
2079
2103
2101
2104
2128
2119
2164
2441
2444
2438
2461
2449
2473
2472
2466
2491
2494
2481
2482
2504
2500
2523
2521
2559
2327
2339
2341
2342
2350
2362
2374
2383
2380
2381
2388
2397
2392
2412
2415
2422
2425
2426
2751
2743
2741
2704
2809
2798
2766
2755
2756
2758
2614
2623
2620
2577
2579
2589
2590
2586
2562
2675
2673
2678
2681
2685
2656
2663
2647
2630
2632
2981
2982
2977
2998
2999
2974
3054
3047
3064
3021
3013
2850
2851
2817
2830
2831
2837
2833
2843
2913
2923
2928
2933
2886
2884
2894
2898
2897
2903
2906
3292
3289
3277
3319
3303
3299
3311
3309
3218
3223
3232
3161
3154
3144
3139
3190
3130
3132
3118
3116
3106
3533
3531
3537
3553
3575
3570
3465
3474
3486
3491
3495
3511
3403
3400
3401
3395
3392
3423
3414
3434
3428
3425
3440
3443
3338
3339
3345
3368
3372
3374
3387
3380
3382
3830
3832
3838
3839
3803
3804
3806
3776
3781
3780
3767
3768
3757
3743
3736
3716
3719
3710
3690
3694
3665
3657
3663
3641
3640
3637
3626
3625
3620
3612
3611
3600
3584
3585
3586
3587
3946
3947
3941
3943
3919
3931
3935
3922
3885
3880
3883
3877
3878
3874
3850
3848
3849
3847
3843
3841
3867
3857
8
9
20
30
35
54
68
80
103
100
99
108
132
155
171
169
166
187
191
181
205
217
219
214
211
254
274
283
320
321
328
382
352
354
355
365
391
443
438
416
419
473
463
458
449
502
496
499
495
558
565
573
540
536
626
631
635
637
598
680
702
700
697
640
746
742
760
764
755
753
705
722
828
831
806
801
808
811
891
893
869
875
862
833
840
1004
996
988
970
974
963
1116
1113
1112
1105
1151
1024
1054
1043
1063
1087
1076
1152
1169
1180
1365
1351
1404
1382
1337
1332
1489
1496
1474
1472
1533
1534
1529
1531
1507
1415
1423
1421
1460
1463
1447
1450
1646
1661
1654
1600
1624
1570
1598
1593
1760
1739
1743
1696
1671
1670
1667
1684
1902
1889
1893
1880
1844
1807
1798
2026
2007
1972
1973
1980
1978
1943
