4
9
20
54
63
68
67
77
87
92
102
103
122
137
129
128
132
146
174
184
182
183
181
205
201
202
193
210
238
254
255
248
278
264
270
271
310
312
291
294
295
340
347
325
335
331
375
369
359
411
409
414
406
393
385
391
430
419
418
479
473
463
460
502
498
499
548
546
547
566
564
560
573
519
540
630
633
600
680
692
649
640
667
762
760
753
716
705
706
731
732
734
829
828
807
815
810
787
796
774
775
771
769
782
882
885
888
864
870
876
878
850
854
863
862
860
833
841
957
939
1002
1006
990
970
967
1117
1105
1149
1144
1038
1071
1058
1063
1076
1163
1164
1174
1352
1351
1349
1389
1310
1336
1341
1329
1313
1317
1489
1502
1503
1497
1472
1520
1523
1531
1519
1432
1421
1458
1447
1450
1454
1647
1632
1657
1662
1650
1613
1600
1602
1599
1596
1595
1593
1585
1551
1565
1556
1767
1780
1728
1731
1739
1746
1749
1750
1677
1692
1695
1901
1902
1890
1893
1881
1874
1872
1867
1862
1855
1844
1846
1841
1811
1793
2032
2031
1991
1988
1993
1972
1971
1978
1932
2192
2197
2198
2187
2189
2190
2227
2209
2271
2264
2267
2242
2293
2286
2284
2283
2055
2062
2103
2086
2128
2169
2158
2441
2456
2473
2482
2526
2525
2514
2515
2536
2557
2548
2307
2326
2332
2342
2345
2350
2373
2383
2385
2397
2415
2426
2751
2743
2741
2705
2810
2812
2813
2799
2798
2786
2776
2780
2781
2783
2768
2773
2775
2765
2767
2597
2593
2577
2589
2675
2673
2678
2681
2658
2655
2637
2638
2981
3002
2998
2992
2955
2945
2964
2965
2962
3050
3043
3064
3014
3013
3012
2853
2849
2851
2878
2820
2817
2830
2839
2913
2914
2923
2933
2939
2887
2892
2897
2896
2903
2911
3314
3302
3299
3306
3216
3229
3205
3241
3245
3164
3154
3140
3141
3143
3138
3139
3192
3190
3171
3073
3130
3128
3122
3124
3116
3117
3520
3531
3530
3557
3553
3567
3568
3581
3459
3491
3492
3495
3496
3511
3518
3402
3395
3415
3414
3413
3339
3343
3368
3375
3830
3832
3808
3813
3817
3799
3804
3777
3776
3780
3782
3767
3774
3768
3759
3731
3743
3715
3711
3690
3694
3673
3670
3662
3640
3632
3625
3610
3607
3602
3597
3588
3585
3945
3938
3940
3905
3908
3909
3935
3934
3922
3924
3884
3885
3883
3877
3875
3902
3892
3895
3857
8
27
26
38
40
49
61
78
93
100
96
118
126
169
166
186
190
189
219
209
211
239
240
241
275
263
269
304
313
298
301
341
320
332
330
374
354
365
363
408
387
390
433
416
467
461
458
453
452
488
487
575
571
513
521
621
631
639
580
602
691
688
652
746
743
761
718
722
725
824
808
779
869
874
836
842
840
846
959
997
1119
1123
1121
1044
1067
1167
1180
1363
1406
1381
1331
1330
1493
1477
1508
1504
1516
1410
1417
1456
1442
1445
1651
1655
1626
1581
1570
1549
1550
1546
1564
1563
1770
1703
1696
1667
1684
1681
1906
1899
1887
1879
1857
1854
1837
1839
2035
2037
2044
2027
2026
1986
1984
1999
1973
1981
1936
1933
1928
2201
2177
2182
2260
2250
2296
2295
2292
2079
2051
2129
2119
2162
2148
2152
2440
2458
2461
2451
2448
