38
54
53
63
64
66
77
79
84
93
102
96
106
113
126
136
128
134
146
186
184
191
189
181
201
209
211
238
240
283
258
259
263
271
269
304
312
289
291
298
343
335
332
401
406
385
444
433
439
422
472
463
503
499
489
484
544
557
554
564
573
518
528
540
609
619
617
631
633
632
583
600
606
702
691
688
645
669
667
656
747
749
755
757
716
718
704
831
824
792
774
781
880
869
870
877
841
844
956
958
1000
1002
1005
1004
987
974
964
1119
1105
1123
1144
1138
1026
1067
1068
1063
1160
1164
1352
1390
1341
1316
1489
1502
1503
1497
1473
1525
1529
1531
1508
1504
1519
1412
1417
1421
1458
1461
1471
1444
1447
1632
1656
1651
1609
1613
1601
1604
1624
1582
1575
1572
1599
1549
1546
1547
1543
1565
1564
1556
1553
1555
1767
1771
1791
1728
1731
1743
1749
1725
1668
1671
1675
1685
1692
1906
1896
1898
1901
1893
1881
1880
1867
1869
1856
1857
1863
1854
1846
1798
2032
2044
2045
1985
1999
1972
1973
1980
1981
1977
1978
1933
1932
1930
2207
2185
2187
2191
2227
2211
2215
2264
2267
2256
2257
2259
2255
2251
2299
2275
2050
2056
2057
2104
2092
2119
2127
2175
2157
2441
2434
2462
2461
2449
2466
2493
2494
2483
2510
2503
2522
2523
2514
2537
2339
2362
2373
2382
2383
2400
2415
2751
2743
2740
2737
2727
2715
2697
2695
2809
2812
2813
2800
2799
2785
2769
2766
2755
2620
2618
2586
2573
2568
2673
2681
2666
2643
2642
2650
2653
2655
2625
2627
2630
2635
2636
2637
2638
2977
2999
2962
3054
3064
3057
3017
3021
3014
3013
3012
3025
2853
2848
2849
2856
2868
2864
2876
2816
2817
2830
2824
2923
2925
2938
2886
2897
2904
3283
3294
3325
3320
3299
3311
3216
3221
3225
3233
3232
3242
3240
3165
3149
3184
3172
3132
3122
3120
3124
3118
3116
3523
3533
3532
3531
3553
3564
3569
3465
3490
3492
3511
3402
3392
3416
3432
3433
3434
3428
3431
3453
3454
3446
3440
3338
3339
3335
3353
3346
3830
3832
3839
3817
3797
3803
3780
3766
3732
3716
3719
3711
3709
3691
3674
3664
3670
3662
3663
3644
3642
3640
3637
3597
3586
3945
3946
3939
3940
3919
3935
3923
3922
3921
3886
3880
3874
3900
3902
3898
3889
3854
3855
3848
3847
3860
4
9
20
40
57
78
83
103
100
97
121
152
149
169
187
182
217
210
254
251
242
275
273
279
270
315
301
340
347
325
374
409
391
390
389
445
436
424
427
473
467
453
498
495
487
486
548
546
561
575
569
513
612
621
638
681
694
692
649
650
640
659
760
765
711
722
828
806
807
809
782
881
891
864
875
851
850
854
970
960
967
1117
1113
1112
1151
1038
1216
1255
1202
1399
1381
1382
1331
1332
1326
1312
1317
1474
1472
1533
1509
1511
1456
1463
1468
1442
1450
1454
1642
1640
1657
1583
1571
1596
1550
1551
1563
1760
1730
1746
1752
1756
1707
1665
1677
1695
1910
1902
1889
1887
1879
1865
1860
1855
1837
1825
1809
2035
2038
2041
2047
2027
2031
1996
1971
1976
1926
2189
2179
2180
2269
2265
2260
2252
2296
2290
2286
2281
2049
2061
2062
2098
2101
2149
2154
2153
2460
