4401
4
11
12
13
15
4389
4395
4399
4370
37
43
4377
4383
47
45
4353
4358
57
4366
70
4465
73
84
4449
4457
91
90
4437
99
4433
110
114
113
4429
4428
122
4424
137
139
140
4532
4535
152
156
144
4516
150
174
4509
4508
4502
4491
191
189
179
192
194
4589
222
4584
4582
4575
4571
233
228
224
4550
4546
242
274
273
4135
278
4144
262
4158
4157
4096
307
309
4105
4104
315
4111
318
4110
294
4120
298
299
300
336
344
4215
4213
325
321
4223
332
4220
329
4165
4164
4166
4163
4162
4174
377
4168
357
353
412
4258
403
4262
406
404
395
393
4286
397
4273
390
445
438
4230
425
429
421
476
472
464
461
448
4303
4292
500
4289
490
484
4310
4305
4886
4883
4871
567
4867
4866
4912
526
4920
614
612
619
625
4928
4943
577
578
582
583
4988
599
600
675
702
697
4998
4996
693
4994
4995
648
650
644
643
666
663
657
736
743
763
765
758
759
715
705
724
4612
4615
829
4620
828
4616
812
4637
814
4638
4639
810
811
789
4640
4654
796
771
4666
4667
883
892
868
874
877
4709
852
4713
861
4716
843
4731
840
847
4748
4744
4740
4741
4738
947
4764
937
939
928
927
925
4779
917
912
4798
907
905
4787
4810
1022
1023
1010
4817
993
4823
986
4841
991
979
4832
977
4839
975
974
4860
962
967
1089
1124
1122
1120
1151
1148
1033
1039
1026
1028
1071
1062
1083
1078
1077
1220
1222
1216
1218
1228
1231
1224
1239
1232
1244
1247
1261
1259
1257
1264
1274
1162
1164
1178
1186
1192
1197
1201
1207
1372
1369
1346
1401
1397
1391
1383
1310
1308
1296
1292
1293
1337
1328
1334
1322
1327
1316
1498
1477
1483
1482
1525
1520
1533
1530
1505
1513
1426
1429
1433
1457
1459
1468
1447
1452
1646
1634
1611
1579
1576
1575
1571
1569
1597
1594
1587
1543
1564
1558
1553
1554
1765
1769
1787
1785
1789
1735
1737
1745
1746
1747
1753
1758
1702
1710
1671
1678
1681
1683
1692
1910
1903
