4403
9
4386
4395
28
4396
31
30
4378
43
4377
41
4383
45
4363
57
4360
4364
70
66
4479
86
4449
4448
4439
4437
4444
4445
106
4419
115
4429
137
139
140
4535
152
154
4514
4516
4517
150
4506
174
163
4499
162
4497
4496
4502
186
4492
4480
206
221
217
213
4582
4571
235
233
4564
224
4546
4130
4128
272
278
4133
4138
280
4141
284
4140
4147
4145
260
268
4099
309
311
312
4104
4109
318
288
4117
300
4199
338
337
346
327
4212
4210
4209
321
4223
4165
4173
377
376
357
4187
413
395
393
4280
4286
4284
4274
385
4232
443
4229
4249
4241
479
477
4333
4330
475
468
465
4351
4349
461
4347
4342
4341
4340
4338
511
501
4293
4295
483
4307
549
4883
544
559
555
4889
4871
4879
4878
4917
519
4913
513
4924
4925
526
521
4921
535
542
4947
613
625
628
634
4940
576
580
4982
582
583
4961
683
682
701
661
662
746
751
738
736
762
763
764
765
758
712
719
729
732
4613
4612
4608
4611
4621
829
825
824
4639
4634
791
4643
4654
797
4652
4660
4667
4673
4683
894
868
872
4696
4697
4703
851
4706
4704
4713
4717
4722
4726
4727
840
846
844
956
4764
940
4753
4754
921
4773
912
906
905
4792
899
4787
4785
896
1018
4810
1023
1009
1013
1014
999
984
4845
982
968
975
974
962
960
1102
1091
1119
1118
1112
1106
1129
1145
1144
1036
1039
1025
1026
1028
1052
1047
1046
1066
1069
1062
1061
1073
1079
1078
1077
1218
1231
1227
1236
1239
1234
1246
1251
1278
1155
1164
1177
1182
1187
1188
1211
1212
1348
1397
1395
1389
1391
1381
1383
1297
1293
1281
1286
1331
1320
1322
1316
1318
1498
1496
1482
1480
1524
1525
1526
1530
1505
1430
1409
1417
1421
1466
1440
1450
1452
1659
1650
1611
1603
1604
1631
1582
1583
1578
1579
1576
1569
1593
1586
1551
1542
1561
1560
1556
1553
1763
1766
1774
1780
1787
1785
1789
1729
1737
1740
1746
1758
1703
1702
1707
1716
1668
1666
1681
1912
1904
1906
1896
1888
1893
1883
1882
1878
1858
1856
1852
1845
1844
1837
