4402
4409
9
13
15
4387
4389
23
29
31
30
35
36
37
4378
4377
47
54
4363
56
4364
68
4471
66
79
4452
87
86
4460
89
4457
4439
4436
4437
98
4435
99
96
110
4444
4442
4440
117
115
4419
114
113
126
4429
125
124
122
4542
4533
133
134
152
4526
158
4514
4506
168
4499
4496
165
4500
186
190
4492
179
201
4602
196
4594
221
4565
225
4552
4546
4129
4141
258
260
267
4157
4099
307
4104
4109
4108
316
4111
4110
296
303
341
346
4201
335
4218
369
4162
381
4173
356
4181
4178
392
4287
4286
4284
396
4273
4226
4230
4254
418
421
465
463
4341
4337
501
4293
4295
493
484
4310
4304
4885
545
4890
4871
565
571
516
4912
513
4925
4921
535
534
543
4904
613
619
616
4958
625
624
634
4937
633
576
4978
581
583
4985
4960
595
4965
4971
687
702
696
695
693
691
4995
644
643
662
656
659
748
736
743
763
760
758
757
713
729
721
723
4615
829
4617
4631
4636
814
4638
4647
791
789
4644
4643
794
4648
4660
770
771
783
4666
883
892
894
864
866
868
4693
4695
872
4696
4697
851
849
4704
836
4728
845
948
4743
944
4738
939
933
4757
932
935
928
4777
921
913
4798
905
4787
1022
1010
1011
4806
1015
4825
4826
1004
984
4846
988
982
4839
980
968
962
960
964
1102
1090
1119
1108
1122
1145
1144
1025
1043
1045
1047
1046
1066
1071
1069
1057
1062
1060
1083
1073
1228
1231
1226
1237
1238
1239
1234
1241
1261
1264
1277
1275
1156
1163
1164
1166
1178
1180
1186
1191
1211
1373
1372
1366
1358
1354
1397
1389
1307
1288
1294
1293
1285
1328
1314
1315
1492
1496
1478
1473
1522
1534
1513
1512
1430
1431
1428
1415
1419
1466
1468
1441
1447
1449
1660
1650
1655
1654
1611
1602
1627
1581
1572
1586
1564
1567
1561
1560
1563
1760
1765
1787
1735
1741
1740
1746
1748
1750
1753
1724
1664
1918
1906
1883
1873
1858
1856
1860
1853
1844
1840
1833
1828
1824
1811
1794
2032
