4403
11
20
4392
29
30
36
41
4383
45
4355
4352
4364
64
4465
80
4461
4457
90
110
108
106
4443
4440
4441
4419
113
126
4428
120
4542
4535
4524
158
4527
144
146
4516
4519
4506
174
4497
4502
165
4500
186
4491
191
179
4481
182
181
4605
4606
4601
4603
4602
192
221
223
213
4573
4571
235
4564
249
4550
242
4129
4133
4138
4151
267
4158
271
268
4157
4096
309
4100
308
311
319
318
288
4116
4117
296
4120
299
300
341
338
4212
325
4209
321
334
335
4166
4163
4162
381
380
4175
4180
357
353
361
410
4258
403
4260
405
4287
4285
4274
4279
390
389
440
4234
4228
425
430
418
421
4244
476
4333
477
475
472
466
4351
4349
4340
4338
4337
448
511
4293
4289
497
483
4886
551
549
561
4917
518
4915
4925
4900
534
4897
529
541
540
4908
4947
4951
612
613
619
616
4958
628
4942
4940
576
4985
4988
4963
4965
4972
682
679
678
702
693
4994
691
4995
655
648
650
738
743
740
764
765
718
732
723
821
4613
829
825
824
4625
4626
4638
814
4632
4633
4634
789
4642
4640
774
771
783
4666
776
895
870
4697
879
4706
848
852
4713
4717
840
4734
4732
4748
948
944
4782
926
4778
923
4779
921
4777
4773
4795
4794
4791
4787
899
4814
4802
4826
4842
991
4844
4832
4858
975
4852
1117
1115
1109
1108
1124
1151
1150
1148
1142
1140
1035
1036
1025
1043
1046
1071
1069
1057
1061
1073
1077
1216
1228
1246
1247
1260
1257
1272
1155
1158
1160
1163
1162
1164
1168
1180
1191
1192
1197
1210
1212
1373
1395
1389
1309
1308
1299
1328
1331
1315
1319
1495
1492
1479
1486
1484
1522
1534
1530
1429
1433
1415
1419
1418
1461
1466
1447
1451
1642
1646
1632
1633
1656
1651
1650
1605
1606
1619
1575
1572
1569
1594
1550
1551
1544
1566
1561
1560
1563
1553
1554
1765
1780
1729
1735
1734
1746
1747
1753
1754
1702
1706
1664
1678
1690
1910
1880
1878
1864
1869
1859
1856
1860
1852
1850
1845
1844
1837
1832
1823
1821
1817
1814
1805
1802
