7
4385
4395
31
4372
4377
47
51
4353
4367
4469
70
64
4464
72
84
86
80
4439
4436
4437
4445
4441
113
125
120
137
139
4528
131
4532
134
152
159
4527
144
4514
168
163
4497
4491
191
179
4481
182
4487
4601
203
4599
193
4586
4582
4564
4550
4134
276
4147
4148
268
307
306
308
311
4109
316
318
299
4125
301
4127
338
351
350
4215
327
4213
4211
4209
4220
4165
4164
4167
4161
369
4162
383
4168
357
410
4270
414
412
403
400
395
4287
386
4273
385
390
443
4226
437
4229
4230
425
4250
4241
421
464
4351
4350
461
505
501
493
483
549
546
4890
567
4867
4866
4875
571
516
4916
513
4924
524
4926
4927
4920
521
4900
534
529
542
4946
614
4948
613
4953
4958
622
625
634
633
4937
4942
576
4977
582
583
4985
600
4971
604
687
678
696
697
693
646
640
643
668
656
659
746
737
766
759
757
715
719
729
821
4610
4620
830
825
4619
803
4627
814
4638
811
4642
4654
4650
774
4657
4670
882
886
894
864
868
4693
870
877
4710
859
861
4717
4731
841
846
4735
4732
4733
4748
4751
4744
4743
933
935
4754
4782
4778
921
912
905
899
4787
4810
4814
1023
1009
4801
4802
1011
4806
1015
4825
4826
4829
1006
4817
4816
4823
986
987
4846
977
4839
983
4851
4852
1097
1094
1089
1112
1115
1108
1106
1129
1120
1039
1028
1031
1052
1047
1071
1069
1062
1073
1078
1222
1216
1219
1218
1228
1236
1232
1234
1244
1247
1261
1257
1275
1156
1182
1186
1195
1192
1199
1353
1348
1389
1379
1297
1296
1289
1293
1281
1337
1336
1330
1322
1315
1316
1498
1486
1484
1524
1525
1535
1530
1510
1423
1463
1466
1447
1449
1451
1646
1644
1634
1632
1659
1656
1650
1655
1652
1611
1604
1620
1578
1575
1597
1550
1542
1543
1561
1563
1554
1763
1776
1789
1729
1735
1734
1737
1741
1748
1703
1715
1666
1678
1672
1692
1693
1919
1906
1878
1867
1865
1858
1856
1860
1853
1852
1854
1848
1850
1845
1836
1828
1825
1823
1818
1811
