4403
11
15
4385
4387
4386
22
27
4396
4399
4370
4378
50
59
60
4466
4467
4477
4453
85
84
80
4463
4438
4436
4435
4445
4443
4440
118
4419
4428
139
4542
4535
153
4524
158
4513
4514
147
4516
150
151
4504
4497
160
4502
4500
4491
184
179
4487
180
4605
206
201
4602
199
193
4589
217
4575
235
4571
4570
228
4552
242
4545
274
4135
4133
4140
262
260
264
4158
268
4097
319
289
291
294
4120
4121
4125
4198
341
338
350
4201
4209
4223
329
4162
4174
377
4169
4168
356
358
359
410
412
4258
404
395
4285
4284
396
4274
4272
4279
388
4229
4248
4253
418
471
464
4342
4341
4337
505
4292
488
549
4885
546
4883
547
4869
4872
568
4912
4913
526
4920
4900
528
4899
530
4908
4904
611
615
612
4949
624
628
4937
4943
637
578
580
4986
4987
4961
600
687
679
701
695
4992
646
643
668
670
662
663
656
737
736
741
763
752
759
713
712
715
716
719
704
731
4612
4615
4611
4610
4620
4619
4628
4624
4638
811
4647
789
4642
798
4652
771
783
4666
779
4675
4683
4693
4695
4696
849
4709
4713
4717
861
4716
836
843
4728
847
844
956
957
4750
959
4751
4746
948
4740
4736
947
4739
933
4753
921
4793
898
4811
4815
4801
4805
1013
4825
4824
4826
999
986
984
4846
991
4845
4832
983
4839
980
1113
1109
1108
1129
1151
1148
1144
1142
1140
1039
1025
1028
1047
1046
1056
1075
1073
1072
1079
1219
1218
1224
1239
1245
1248
1270
1277
1274
1272
1156
1162
1168
1182
1187
1191
1195
1194
1199
1197
1207
1369
1351
1403
1395
1389
1383
1376
1286
1327
1319
1495
1490
1479
1474
1480
1524
1534
1430
1461
1441
1442
1444
1448
1646
1659
1649
1611
1627
1628
1630
1621
1620
1579
1576
1597
1591
1587
1586
1560
1563
1555
1760
1767
1774
1772
1777
1787
1790
1737
1740
1742
1746
1747
1710
1724
1671
1678
1681
1906
1883
1878
1867
1856
1853
1854
1845
1811
1796
2032
2035
2036
2037
