4403
6
11
20
27
4394
35
43
41
47
4355
49
4353
4356
68
64
4464
4465
84
86
4449
4460
90
103
4436
96
4433
110
4445
4442
106
4440
4419
126
4424
139
140
4528
4535
134
4522
158
4526
4516
4506
4509
4508
4497
165
4500
186
4492
179
177
180
181
4606
4601
4602
4597
4584
4586
213
4583
4573
236
235
4565
224
4558
4546
242
4545
274
258
262
4148
267
268
4157
4104
4106
317
4109
316
319
4114
4116
4120
299
300
301
4125
4127
343
341
4215
327
325
334
4167
4166
4163
4173
4175
4169
377
4170
357
367
4191
360
410
4258
402
403
406
4262
4281
4287
397
396
4284
443
4239
4228
436
437
438
4253
4241
421
4244
4334
477
464
465
463
4337
511
4303
4297
4315
4314
4886
549
546
547
4869
564
4867
4866
4916
4917
4919
520
4921
529
4946
611
614
615
612
4949
4958
623
625
4940
636
4976
578
4978
581
588
4988
590
591
4960
4963
4966
4971
701
693
4994
4995
652
654
648
650
646
640
668
662
656
657
659
747
746
738
753
758
757
713
712
718
704
710
731
733
721
820
4615
4608
4620
4623
4616
824
4629
4626
4627
4633
4634
811
4644
4654
774
4660
771
4666
891
4683
4695
872
4710
856
4717
838
840
846
844
4751
4741
4742
4738
4764
937
939
933
935
4753
4754
925
4778
921
912
913
4793
901
899
4785
1016
4810
4814
1023
1009
4805
1014
4806
1015
4824
1003
1002
4826
4816
997
987
984
4847
4845
978
971
968
974
4851
4852
1097
1088
1119
1113
1112
1106
1129
1124
1122
1145
1142
1035
1028
1048
1051
1052
1043
1062
1060
1226
1236
1238
1232
1234
1246
1262
1261
1258
1270
1269
1275
1273
1155
1180
1182
1189
1197
1353
1389
1381
1377
1379
1307
1290
1289
1293
1286
1341
1331
1334
1322
1314
1493
1490
1498
1477
1484
1482
1525
1527
1523
1535
1509
1513
1410
1421
1461
1444
1451
1644
1632
1648
1609
1611
1605
1616
1582
1578
1576
1569
1594
1593
1587
1585
1548
1551
1539
1560
1558
1555
1760
1765
1764
1770
