2
4403
4
4405
9
11
14
4389
22
4394
4396
31
30
4370
35
38
36
43
41
45
4355
57
56
4366
70
4477
79
4453
4452
84
86
4459
100
4437
110
106
4440
117
116
4419
127
137
142
133
134
4534
4527
147
4517
168
163
162
186
4491
184
179
181
4604
203
4597
193
192
4584
213
4582
215
4576
4571
4569
4564
225
255
4552
4546
242
241
4545
4129
4135
4133
4143
4144
4149
267
4158
268
304
4099
308
311
4106
316
4111
289
294
296
4121
4125
4127
4199
338
336
4215
325
4213
4211
321
335
4167
4166
369
4163
4171
356
357
353
4191
4187
412
403
404
4284
396
4274
4272
4279
389
4233
445
4238
4239
435
4228
425
4248
430
4245
421
476
475
4351
4349
4340
4338
4337
4297
4292
4293
4289
4312
488
4308
4311
4310
4886
551
546
559
4890
4871
568
4917
4919
512
513
4923
535
529
530
541
4947
4944
613
625
628
634
4938
4937
4943
576
577
578
581
582
588
4963
4962
594
603
604
682
702
701
697
4994
4992
652
655
657
737
736
741
753
758
713
715
705
721
723
4612
4608
4610
829
4620
824
805
4634
810
811
4645
4644
4643
4641
4654
774
4662
4667
4675
883
4678
4680
891
895
864
870
872
851
849
4709
859
856
860
838
4727
836
4731
843
840
4728
846
4748
4750
4751
4745
948
4741
949
4743
4737
4757
935
931
927
4779
4773
912
4799
905
4792
4787
4810
4811
1023
4801
1011
4806
4824
1003
4831
4817
4823
4842
4841
988
979
975
974
4860
960
4852
1097
1091
1119
1115
1106
1124
1122
1120
1142
1028
1048
1050
1045
1069
1062
1083
1075
1228
1231
1236
1244
1246
1247
1248
1257
1270
1269
1266
1267
1264
1265
1277
1155
1164
1167
1178
1191
1195
1209
1354
1353
1351
1401
1403
1395
1389
1381
1383
1379
1309
1299
1288
1282
1286
1341
1320
1327
1316
1318
1319
1494
1495
1492
1500
1477
1487
1484
1480
1530
1509
1505
1513
1515
1430
1433
1415
1419
1458
1447
1449
1451
1450
1646
1636
1649
1654
1609
1614
1606
1631
1620
1622
