4403
7
4389
23
4395
4394
4370
51
4353
54
4364
4470
4471
4464
4466
4479
73
86
88
90
4439
4435
96
110
108
4445
4442
114
126
4429
125
120
4424
137
136
141
4534
134
152
155
4523
159
4527
144
4517
150
4509
4508
163
4500
4491
4494
191
4492
179
182
180
181
206
201
4601
203
4602
198
223
217
4570
233
4565
255
250
246
4546
4544
280
4142
4141
284
258
4155
267
268
4099
307
4106
4109
317
319
4110
4117
294
4120
296
4121
4124
4125
303
4198
341
337
346
327
4213
4211
334
4223
4165
4167
4166
369
4163
4171
4180
367
4187
363
403
400
395
4287
4285
397
396
4284
4274
4272
389
4229
4230
425
4248
4253
430
4241
421
476
4330
475
472
465
4339
505
4292
500
4293
4295
496
490
484
4310
483
4885
555
553
4869
564
4872
568
535
4896
541
4946
611
614
4951
613
617
634
4943
4976
4977
578
579
4986
4988
4963
4962
600
602
604
4998
693
691
655
651
640
662
656
739
738
741
740
763
760
764
765
757
712
719
705
704
729
730
731
732
721
4621
830
4629
4627
814
810
811
789
4644
4643
4649
4648
4660
783
776
882
4683
4695
879
4703
849
4704
4710
853
4717
860
4716
4727
4731
4728
840
841
956
959
4751
4742
944
4737
4738
939
933
4753
4754
4778
4779
4777
4798
905
4787
896
4810
4814
1008
4801
1014
4806
4825
1003
4829
4817
993
996
4823
999
986
982
4852
1097
1144
1140
1033
1035
1039
1025
1028
1053
1046
1061
1082
1079
1078
1218
1239
1244
1247
1261
1259
1257
1264
1152
1156
1162
1168
1178
1179
1182
1187
1188
1211
1215
1373
1395
1296
1294
1286
1331
1315
1318
1500
1478
1483
1524
1525
1522
1530
1518
1433
1410
1419
1418
1421
1457
1458
1461
1465
1466
1441
1450
1634
1660
1655
1611
1603
1606
1628
1630
1582
1581
1597
1587
1542
1561
1560
1555
1554
1761
1766
1785
1790
1735
1740
1747
1758
1703
1702
1711
1710
1707
1706
1671
1666
1673
1681
1691
1915
1918
1906
1893
