4401
4403
4405
4388
4391
4392
27
38
36
42
4377
47
4355
51
4353
4359
4356
4465
4466
66
77
4449
4448
4461
93
4460
94
89
4457
90
4436
4437
98
99
4442
106
113
4430
125
4424
4534
154
158
4527
4514
4516
163
4503
166
165
4500
186
4491
191
4492
189
181
4601
203
4597
193
192
194
221
222
223
4584
217
218
215
208
4574
4571
233
4566
4564
227
4546
4545
273
272
284
4146
258
4106
4108
4111
318
4121
4125
4197
336
346
4210
321
4209
4218
4163
383
4171
410
412
4258
403
404
4260
405
396
4284
386
385
4232
445
435
4228
437
4230
4241
4244
4334
479
476
4333
475
463
4350
4349
461
4345
4344
4341
4340
450
4337
505
4289
4291
4885
547
4890
4889
4871
4869
4879
4878
4872
568
4916
513
4925
526
4896
528
540
543
609
615
613
4949
4958
628
4938
4977
580
581
583
4988
4961
4962
599
4971
604
684
682
678
4992
651
644
646
670
667
663
746
743
741
762
766
712
715
704
732
733
721
4611
829
4629
4626
4627
4634
811
791
4643
4640
4654
4662
774
770
771
4666
4667
4675
891
4685
866
4693
870
872
4696
4697
849
4704
4710
859
4713
856
4716
4722
841
4750
959
4740
944
4737
4739
937
4756
935
4753
921
4777
914
912
4798
907
4792
899
4787
896
1018
1008
4801
1013
4806
1014
1015
4825
4826
4819
986
4843
4846
988
4844
4845
975
962
960
4853
964
1094
1089
1113
1115
1108
1124
1125
1122
1148
1144
1036
1048
1062
1083
1222
1216
1218
1231
1230
1224
1237
1239
1248
1259
1257
1270
1266
1267
1264
1163
1168
1177
1199
1211
1209
1369
1395
1376
1288
1289
1293
1281
1327
1316
1319
1478
1477
1526
1523
1516
1433
1418
1441
1451
1632
1656
1611
1603
1604
1630
1582
1583
1576
1594
1592
1548
1550
1560
1766
1774
1772
1777
1787
1785
1745
1746
1754
1703
1702
1710
1724
1720
1668
1664
1666
1677
1672
1691
1915
1910
1893
1864
1848
1850
1845
1844
1840
1836
1837
1828
1823
1822
1818
1814
1798
