4401
4403
4405
9
15
20
24
26
31
4398
38
4377
47
45
50
49
59
70
4465
4466
4467
4479
85
80
92
94
4436
100
96
4433
110
4444
4445
4440
116
114
4428
4427
120
4543
142
4542
4535
4534
4526
4512
150
4506
168
163
4499
4497
4496
4500
4491
190
191
4492
179
4487
181
4604
203
4599
192
194
4594
4589
217
4586
213
4579
228
224
273
4135
276
280
4141
4140
4144
262
4148
264
304
308
311
4105
312
4104
315
316
4111
4110
289
290
299
4124
4127
338
337
4215
4212
4213
4211
4223
4220
369
4174
4169
4171
4170
356
4178
367
360
4264
414
412
4258
4262
4260
4281
4287
4272
4276
4234
443
437
425
4250
4253
418
4244
476
475
471
465
461
4342
4339
450
4337
501
4310
4885
547
4889
567
4869
4879
571
4872
4927
4923
529
4897
541
4908
542
611
609
615
619
616
4958
624
628
4942
576
578
581
583
4986
590
4961
4960
594
4962
600
603
678
696
4998
693
655
670
662
663
746
736
740
764
765
713
712
704
724
820
4612
4615
4610
829
4620
830
4624
4626
4627
4632
811
790
798
794
771
4666
4673
4672
882
884
895
866
868
851
4706
849
4717
860
843
4728
840
4729
847
4732
948
949
4738
4761
933
927
4779
4773
914
912
4795
4792
4791
896
4809
1008
1009
1010
4825
4829
4817
997
984
985
989
979
962
960
1091
1118
1112
1115
1108
1106
1127
1140
1033
1039
1025
1026
1028
1048
1052
1066
1071
1062
1061
1075
1078
1218
1231
1230
1236
1244
1246
1261
1258
1265
1274
1156
1164
1166
1168
1172
1177
1187
1186
1189
1203
1211
1373
1372
1367
1366
1353
1344
1394
1389
1376
1304
1293
1334
1478
1486
1524
1525
1534
1510
1513
1430
1419
1418
1458
1461
1462
1463
1465
1442
1447
1451
1646
1660
1655
1654
1614
1603
1606
1627
1575
1572
1598
1594
1585
1539
1560
1563
1761
1760
1765
1785
1789
1729
1735
1740
1746
1748
1750
1758
1702
1706
1715
1671
1679
1678
