2
4389
27
28
31
4370
42
47
45
51
4355
59
68
4467
4477
79
73
4453
84
4452
87
86
80
93
4457
102
4436
98
4433
4445
4443
4440
114
113
4424
120
4532
134
153
154
4522
144
4516
4509
4508
162
4503
166
184
191
206
4601
203
198
4594
221
4579
4571
233
228
225
255
253
4550
4546
4545
278
4138
280
4143
4158
268
4099
311
4108
316
288
291
293
294
296
343
338
337
346
4162
380
4169
4168
376
356
4181
359
4185
4187
403
400
395
4287
397
4284
390
443
445
4229
438
439
425
4241
477
4351
511
505
4292
500
501
4293
493
4312
490
4311
4310
4305
483
551
545
564
571
4872
4919
4912
4920
4923
535
534
4896
541
536
4947
4951
4949
4958
4928
624
638
636
4977
578
581
4986
590
4966
600
4975
679
4994
4992
654
648
646
662
657
743
763
764
765
752
757
712
729
732
733
721
723
821
4615
4625
4632
4634
811
4647
791
789
4644
4655
4652
4649
4660
771
783
4667
776
4672
4679
895
864
872
874
4700
4703
4710
859
861
860
835
838
4727
836
846
847
844
4748
4740
4743
4737
4761
939
933
928
4755
4782
925
4777
921
4773
914
912
896
4815
1009
999
991
4832
982
980
975
4852
1097
1088
1090
1117
1113
1115
1106
1127
1124
1120
1121
1150
1140
1033
1051
1046
1071
1057
1078
1077
1218
1224
1237
1234
1261
1265
1272
1273
1162
1166
1178
1187
1186
1191
1197
1207
1212
1372
1354
1353
1389
1379
1304
1296
1282
1285
1336
1328
1334
1327
1482
1525
1523
1534
1530
1511
1430
1428
1429
1433
1439
1415
1459
1461
1463
1465
1468
1450
1632
1659
1650
1609
1601
1628
1619
1582
1581
1577
1574
1571
1594
1593
1590
1544
1564
1566
1561
1560
1556
1775
1774
1772
1789
1751
1758
1703
1715
1671
1677
1678
1909
1910
1883
1882
1880
1867
1856
1854
1840
1836
1833
1828
1824
1826
1827
1823
1811
1796
1794
2037
2042
2027
2026
2014
2012
2013
1987
1984
1996
1973
1969
1979
1957
