7
9
15
4385
20
29
37
4377
41
4355
4352
4464
4465
66
4477
72
4453
84
4439
4436
4444
109
104
117
115
126
4427
137
139
4532
134
158
146
4514
4517
150
4511
162
165
4500
4491
177
206
4601
203
4602
193
217
4576
4578
4573
235
233
228
224
4545
274
4129
4128
4135
284
267
271
268
4157
304
4099
4108
4117
296
4125
341
4212
4210
334
4163
381
359
4184
4187
410
4270
403
404
4260
4285
386
390
389
4234
445
4239
436
4230
4248
4250
430
4254
4241
4240
418
477
475
4349
4342
4339
504
4297
4292
4295
496
490
484
4311
4310
551
547
4869
4875
4872
568
4917
4912
526
535
4896
541
540
615
619
616
617
4958
625
4937
4943
638
576
4976
581
4985
588
590
4963
4972
702
701
697
693
691
666
663
656
657
751
748
737
743
742
763
764
753
705
733
721
723
724
4615
4610
4624
4626
4636
814
4639
4632
4634
4647
790
4643
786
4642
4654
4662
4660
770
771
4666
4673
4672
4680
894
866
851
849
853
4709
859
862
861
4717
835
847
844
4733
4750
4751
4744
4746
4742
4743
4737
937
939
935
4753
927
4781
4778
921
912
906
4794
4791
899
4785
1016
4811
1022
1009
1011
1014
4825
4831
4823
999
986
984
4846
4834
4832
982
4860
4851
960
964
4852
1102
1097
1117
1112
1115
1108
1120
1151
1150
1145
1144
1039
1051
1071
1060
1219
1230
1226
1236
1239
1247
1270
1269
1264
1265
1277
1274
1273
1168
1175
1182
1186
1207
1209
1215
1373
1370
1363
1354
1346
1395
1389
1376
1379
1308
1288
1334
1313
1319
1495
1477
1475
1473
1480
1535
1530
1510
1427
1429
1415
1423
1458
1466
1468
1448
1645
1634
1662
1609
1605
1627
1581
1551
1539
1567
1561
1558
1553
1763
1767
1766
1765
1772
1735
1737
1741
1745
1746
1747
1751
1705
1715
1722
1723
1668
1664
1681
1693
1694
1913
1912
1904
1892
1883
1867
1865
1859
1853
1852
1854
1848
1850
1841
1828
1806
1802
2036
2037
2023
1987
1985
1969
1982
1978
1936
1951
1932
2186
2190
2177
2235
2219
