4401
4402
4403
4410
20
4394
29
4370
43
40
41
4383
45
4356
56
4471
66
73
84
4452
86
4460
110
4444
108
4442
4440
116
126
4429
120
140
4533
134
4534
158
4514
4516
174
4509
4508
4497
4503
165
186
179
182
4487
201
203
4597
199
192
4584
217
4582
4579
235
4571
4569
227
224
4550
273
278
276
258
4149
264
4158
311
4106
4109
4111
4116
4117
296
4121
4127
337
346
325
4213
4210
334
335
4167
4166
369
4162
4173
356
357
359
4176
361
4185
410
413
403
400
4262
4283
395
4281
4287
397
396
4274
4273
4279
445
436
4229
439
4253
430
4241
4240
418
4244
476
4330
461
4348
4342
505
4293
490
551
549
546
547
4890
555
564
571
569
4916
4917
4918
518
4912
526
4927
521
534
529
528
4896
4904
4947
611
613
619
4958
625
4943
639
4976
4987
4988
588
4989
4961
4963
678
702
701
693
4995
655
651
644
646
666
662
663
746
741
740
763
765
752
753
758
716
705
729
731
732
4613
4611
4621
829
4620
828
830
824
805
803
4638
4647
4644
4642
4641
4640
796
4652
793
774
770
4667
883
4683
895
851
849
4710
853
852
861
4717
860
832
841
4734
847
4732
844
4748
4750
4751
4740
4742
944
937
939
928
4754
927
4778
4777
4773
4795
906
898
1018
1022
1023
1010
4802
1013
4825
1002
4826
4817
4843
984
4847
978
979
983
4839
980
975
974
4860
960
964
1090
1118
1106
1129
1124
1122
1049
1048
1050
1045
1066
1071
1069
1083
1228
1246
1247
1263
1260
1258
1267
1265
1273
1159
1158
1164
1178
1191
1189
1195
1211
1212
1369
1366
1351
1383
1379
1289
1341
1327
1316
1496
1486
1480
1534
1535
1530
1427
1428
1433
1410
1419
1418
1423
1452
1646
1632
1656
1662
1649
1655
1609
1611
1603
1627
1631
1630
1623
1582
1575
1569
1597
1593
1591
1550
1542
1566
1763
1760
1775
1776
1780
1787
1789
1737
1741
1742
1747
1751
1753
1754
1702
1710
1716
1715
1723
1720
1668
1664
1691
1915
1906
1903
1882
1873
1856
1857
1853
1845
