4401
4
9
11
15
22
27
29
28
31
30
35
38
45
51
54
4363
56
68
70
4464
4465
4477
77
4479
4449
80
94
4457
4437
104
114
127
122
120
137
131
132
4532
134
4534
152
154
155
156
158
4506
174
4503
4491
191
4481
4487
180
4604
4601
194
222
4584
4582
4571
228
224
4550
4546
4130
4135
4134
4133
276
4137
280
284
258
4154
264
271
4157
4096
307
308
312
4106
4109
316
319
4117
299
4127
4198
338
336
4211
321
332
4167
369
4161
4163
4162
4173
381
377
4171
359
353
354
360
4185
412
403
4262
4260
405
395
393
4272
4227
437
4230
425
421
4246
472
4329
468
464
463
4340
4338
450
511
501
4308
4310
4305
483
551
546
547
545
559
4890
555
4889
4869
571
4912
512
4915
524
521
534
529
4897
528
542
4904
4946
611
609
619
617
623
625
4928
635
634
639
4982
4986
588
4988
4961
4966
4971
679
702
4998
691
4992
654
640
661
662
747
746
739
741
740
762
763
757
713
716
719
710
4612
4615
4617
4629
805
4625
814
4634
791
4643
4641
796
4652
793
783
4672
882
4683
4684
866
871
877
851
4704
4711
4710
4709
853
859
861
4716
860
846
4734
847
959
4745
948
944
933
4754
925
4781
921
4773
912
4793
901
4810
4814
1022
1009
4801
1013
4831
4819
4823
986
984
4846
4847
4844
988
4832
971
4851
4853
1097
1089
1091
1117
1119
1108
1132
1124
1144
1140
1033
1035
1048
1051
1053
1047
1069
1057
1061
1220
1236
1245
1246
1247
1262
1260
1257
1269
1266
1267
1264
1265
1275
1155
1166
1178
1180
1186
1191
1197
1373
1370
1354
1353
1395
1383
1304
1310
1296
1286
1330
1320
1315
1319
1493
1500
1487
1482
1524
1530
1505
1506
1430
1431
1428
1410
1419
1466
1468
1442
1444
1447
1448
1451
1635
1609
1602
1604
1606
1630
1618
1620
1578
1576
1575
1593
1586
1566
1560
1563
1767
1765
1787
1729
1742
1710
1723
1668
1672
1691
1915
1901
1882
1858
1853
1852
1850
1841
1840
1836
1816
1811
1805
2032
