6
7
9
12
13
23
4391
4395
4394
4396
31
4369
38
4372
4373
43
4471
77
4479
4448
80
92
90
4437
110
4442
4419
113
120
139
4542
131
4524
4507
4499
162
4502
166
4494
4492
180
4605
201
221
222
213
215
4583
4579
4573
4571
4564
250
251
4552
272
4135
4134
278
4138
284
4147
4145
267
4158
271
4096
4099
306
308
311
4105
4104
4106
4111
318
288
290
4116
4121
299
4124
303
4127
4199
4198
338
350
4201
324
320
334
4223
329
4166
4162
377
4169
4171
358
4176
367
360
4185
4187
410
4268
4258
403
4286
397
4284
386
4273
4272
4279
390
4277
4239
436
4229
4253
430
4241
4243
4329
4350
4349
461
4344
4340
450
4337
4303
511
505
493
4316
490
4308
483
4307
482
4886
551
546
555
4889
553
567
566
571
4872
4916
513
4920
534
541
542
536
4944
615
4949
616
617
625
4938
637
4977
580
581
4982
587
588
591
4962
594
4965
4966
4972
687
684
683
679
702
701
696
695
4994
691
652
670
662
656
657
737
741
763
765
713
712
704
723
821
4613
4615
4611
4617
824
803
4634
790
4645
4644
4641
4649
774
4660
779
882
886
4680
872
877
4703
851
4706
849
4704
4710
4709
852
4713
4717
4722
835
840
844
4748
4751
944
940
937
936
939
4754
926
925
4778
921
4777
1016
1017
4810
4811
4814
1015
1004
4817
4816
999
984
4841
4846
991
982
983
968
4863
4851
962
960
4852
1119
1118
1113
1112
1108
1106
1151
1144
1140
1066
1069
1056
1057
1077
1228
1224
1232
1246
1247
1260
1270
1271
1264
1277
1272
1273
1162
1178
1179
1183
1191
1189
1199
1369
1348
1394
1389
1383
1298
1289
1281
1286
1334
1320
1313
1318
1494
1493
1474
1486
1482
1480
1525
1523
1534
1509
1513
1431
1428
1429
1418
1423
1466
1444
1448
1644
1633
1662
1660
1650
1648
1611
1605
1606
1628
1630
1621
1582
1581
1578
1574
1569
1599
1597
1585
1550
1539
1561
1560
1563
1554
1763
1760
1766
1775
1772
1776
1777
1735
1737
1740
1742
1750
1758
1702
