4401
4403
4404
9
4409
4410
15
4386
29
35
36
4378
43
41
4353
54
57
56
70
4465
84
4452
86
4457
4436
96
4433
110
4444
117
4420
114
113
137
139
140
131
4535
134
4534
152
4521
154
155
159
150
151
4506
162
4497
4496
166
165
4500
184
189
179
4605
193
4594
222
4584
218
213
4564
228
227
4558
4550
4546
242
274
273
4134
280
4141
284
258
262
4151
4148
267
268
4097
306
308
317
4108
288
289
4120
4124
337
347
4212
4210
4211
321
4209
335
4167
369
4163
381
4173
4174
356
360
4184
361
4185
4187
4270
414
4268
403
393
397
4285
396
4279
443
4239
4226
435
4228
4241
4244
479
477
475
461
458
4340
4338
4337
511
4297
505
4292
500
501
4307
483
547
4883
559
4890
555
561
4875
571
569
4919
526
4926
521
530
540
542
4904
4946
611
4944
615
4948
4949
4958
625
634
639
576
4986
4988
589
591
4960
599
4966
603
4971
602
4975
702
701
697
693
689
652
651
643
670
656
746
741
753
759
712
719
705
710
729
721
4612
4611
4610
829
824
805
4627
814
4638
4639
808
810
4634
790
789
4641
798
4654
4662
772
4660
770
4667
779
776
883
886
4680
895
864
866
4695
871
872
4700
877
4704
4709
853
4713
856
861
4717
846
844
959
4746
4740
4741
949
947
4761
939
4753
931
925
4778
4777
921
912
913
4787
898
4785
896
1008
4802
1002
4816
999
4823
4842
988
980
968
974
4853
4852
1119
1112
1106
1127
1124
1148
1144
1035
1066
1060
1061
1079
1222
1231
1224
1239
1247
1260
1259
1257
1264
1277
1272
1273
1155
1163
1180
1187
1184
1195
1197
1207
1211
1209
1212
1372
1367
1366
1354
1344
1395
1389
1383
1304
1309
1298
1281
1341
1328
1334
1320
1313
1314
1318
1492
1493
1498
1496
1482
1530
1510
1428
1415
1419
1418
1462
1465
1466
1642
1634
1649
1655
1654
1609
1603
1627
1631
1630
1619
1618
1621
1620
1575
1599
1593
1551
1567
1566
1559
1553
1555
1767
1772
