4402
4403
4
6
4407
9
11
12
15
4387
20
4391
26
35
38
36
4373
43
4377
41
4383
45
51
50
49
4356
57
4469
4471
4466
4467
4479
79
4453
4463
94
4457
91
103
100
4437
110
109
4443
115
114
126
124
4424
120
139
131
132
134
4534
152
4520
159
146
174
4508
162
4503
186
4491
184
191
4492
177
4487
4605
4604
4603
4602
4597
198
193
192
194
4589
222
217
4582
4571
4569
4546
242
4544
241
273
4128
276
4137
287
262
4158
271
304
311
4104
4106
4109
319
318
4114
294
296
4122
4198
337
4212
4213
4210
321
4167
4163
4175
356
357
4181
359
4178
413
403
400
4287
397
4285
4284
396
4273
4272
4279
4239
438
4249
4250
4254
4241
421
475
465
4350
4349
4339
4338
4337
511
501
493
4315
490
4314
484
549
546
4883
555
4871
4868
4866
4878
4875
569
4916
4918
4912
526
4920
533
535
529
528
4904
4949
613
616
4958
4938
4976
578
4982
582
583
4965
4966
600
696
4996
693
4994
652
655
648
650
643
668
670
666
749
738
741
740
763
760
753
758
713
715
716
705
704
708
731
732
721
4615
4608
4620
4617
4629
4624
4638
4632
4641
4640
797
4648
770
771
783
882
4679
4678
4680
4683
894
866
4693
870
872
849
853
859
861
4717
4727
836
4729
841
847
4732
844
4750
959
4751
4740
4737
4764
937
933
935
4781
4778
921
912
906
905
4792
901
4810
4811
1009
4801
4806
4826
1004
999
987
984
4846
988
4832
4839
980
975
962
1091
1119
1129
1120
1151
1035
1024
1052
1046
1071
1069
1057
1061
1079
1216
1218
1231
1237
1245
1247
1263
1258
1266
1274
1275
1164
1177
1184
1191
1197
1203
1210
1211
1212
1373
1369
1354
1344
1381
1376
1309
1308
1290
1288
1292
1281
1337
1328
1331
1334
1320
1322
1327
1318
1495
1493
1500
1474
1487
1486
1482
1480
1524
1525
1527
1510
1513
1418
1457
1461
1441
1444
1447
1642
1646
1644
1634
1650
1649
1602
1603
1627
1616
1582
1578
1576
1575
1572
1593
1548
1550
1539
1563
1553
1554
