4402
4403
4
4405
7
11
12
4387
4391
4392
28
35
36
37
4373
40
45
59
4471
4466
66
4479
84
4452
4449
4448
80
4461
4456
4436
4435
4433
4444
4442
4440
113
126
4429
137
139
4543
4535
158
159
144
4512
4517
4506
168
4508
160
166
165
184
189
4481
182
4487
4604
204
4606
4601
4603
203
4597
4594
221
4575
235
4565
4564
224
4550
4546
4545
4130
4133
4138
280
284
4146
4145
262
267
264
271
268
4157
4097
4096
307
4099
306
311
4105
316
4110
298
301
4127
338
337
4207
350
346
4211
335
332
369
4163
381
4171
356
4181
4176
360
410
4258
4260
395
393
397
4274
389
4239
4226
437
4250
4253
4243
421
476
475
465
463
461
4348
4344
4341
4340
4303
504
4292
500
501
4291
490
4308
4310
480
483
551
4883
545
559
4890
4889
571
4872
4917
526
4900
541
542
4947
4949
619
4953
4958
628
4939
576
580
4982
583
4985
4986
4988
4989
590
4961
603
4971
685
680
678
697
644
640
668
670
666
657
659
746
738
764
765
712
716
719
718
705
731
732
721
723
821
4615
829
4617
824
805
4629
4626
812
4632
811
4647
790
789
4644
4641
4654
4662
4660
4657
783
4666
4667
776
4683
891
895
868
4696
872
4709
852
859
4717
843
4728
4734
847
4751
4744
4746
4740
947
933
4753
931
4782
925
4778
4777
917
4798
907
4787
1016
4811
4802
1011
4806
1015
4825
1003
1002
1005
1004
4831
995
986
4843
984
4841
4847
988
978
983
4839
971
4858
4853
1102
1088
1089
1091
1119
1122
1144
1142
1048
1052
1046
1066
1069
1057
1060
1061
1083
1082
1216
1231
1238
1234
1246
1241
1250
1263
1267
1277
1274
1155
1162
1164
1179
1182
1189
1188
1194
1197
1203
1207
1209
1215
1373
1348
1345
1395
1389
1381
1376
1379
1307
1297
1296
1290
1328
1334
1322
1313
1493
1496
1478
1487
1484
1530
1511
1510
1429
1457
1463
1465
1466
1468
1470
1451
1450
1634
1649
1655
1611
1612
1603
1627
1622
1576
1569
1594
1550
1544
1539
1565
1564
1566
1563
1763
1760
1765
1772
1780
