9
4395
4394
28
31
35
4373
43
41
47
45
4353
57
56
4366
4364
70
4453
86
4448
4457
4456
90
4434
99
110
4444
4445
106
4419
114
4430
4424
120
139
131
153
155
4523
158
4526
4527
146
147
150
4508
4500
4491
184
4494
191
179
206
4601
201
4603
4599
192
4584
217
213
4583
4573
235
4569
4561
255
241
273
272
4134
4138
4137
4141
4145
4155
271
4157
4097
4096
308
311
4106
4111
4114
291
293
4120
300
4198
338
346
327
321
4223
369
4163
381
383
4174
4168
357
4185
4187
363
410
414
404
395
4287
4285
397
4273
445
436
4228
4249
4250
4253
429
4334
479
4333
475
472
465
4350
4339
4337
505
4292
500
501
496
4312
490
4314
4308
483
551
549
4885
567
4871
4869
561
4872
568
4912
4913
513
4915
4925
526
529
4896
541
540
4946
611
609
615
4948
613
624
4938
634
4937
4943
4976
4986
4989
590
4962
603
604
4975
685
695
691
655
640
666
662
663
738
737
763
765
705
731
4613
4608
4611
4610
4621
828
4624
4627
4632
4633
810
4647
791
4643
793
4660
783
4673
886
877
4706
4710
860
836
840
4732
844
4748
956
959
4740
4741
944
4738
937
939
932
4753
928
4781
4779
4799
906
4792
901
4787
4785
1016
1010
1014
4825
1005
4819
4823
986
987
4846
991
989
4834
4839
983
980
4856
975
967
4852
1088
1089
1090
1113
1112
1108
1129
1122
1121
1140
1024
1028
1048
1051
1052
1057
1083
1072
1078
1077
1219
1224
1237
1232
1244
1247
1241
1250
1248
1259
1257
1275
1158
1164
1172
1178
1186
1191
1197
1207
1209
1358
1344
1396
1389
1337
1316
1318
1495
1498
1478
1482
1524
1525
1534
1530
1509
1505
1506
1513
1431
1433
1415
1423
1465
1468
1470
1450
1645
1633
1659
1650
1655
1652
1628
1616
1581
1576
1572
1569
1594
1586
1585
1551
1542
1566
1561
1558
1761
1767
1777
1782
1787
1729
1740
1745
1748
1753
1758
1703
1710
1707
1715
1722
1671
1666
1692
1913
1896
1893
1883
1869
1858
1856
1857
1860
1854
1848
1845
