1 150
1 77
1 194
1 229
1 65
1 22
1 227
2 111
4 361
4 360
5 135
5 401
5 390
6 132
6 153
6 169
6 8
6 302
6 197
6 517
6 507
6 496
7 587
7 96
7 645
7 238
7 542
7 497
7 386
7 492
7 546
7 192
7 132
7 501
8 127
8 403
8 177
8 174
10 286
10 276
10 333
10 582
10 340
10 82
10 200
10 488
10 651
10 703
10 302
10 712
11 70
11 191
11 125
11 428
12 96
12 216
13 663
13 99
13 265
13 28
13 181
13 199
13 315
13 478
13 42
13 95
13 789
13 59
13 794
13 167
13 614
13 603
13 97
13 432
13 111
14 204
14 302
14 919
14 238
14 242
15 14
15 300
15 744
15 50
16 583
16 448
16 234
16 385
16 939
16 603
16 199
16 134
17 7
18 489
18 510
18 197
18 182
18 64
18 14
18 6
19 211
19 325
19 4
21 7
21 875
21 262
22 118
22 204
22 290
22 732
22 202
23 380
23 528
23 216
24 421
24 324
24 223
25 612
25 125
25 238
25 729
28 568
28 98
29 12
33 258
34 329
34 690
35 879
37 288
37 27
37 79
38 118
38 465
38 673
38 679
38 404
40 305
41 238
41 135
42 969
42 385
43 202
43 705
43 660
43 778
43 302
43 118
43 208
44 55
44 250
44 157
44 69
44 31
44 245
45 257
48 661
48 181
48 259
49 741
49 100
50 9
52 100
52 25
52 473
54 276
54 471
56 410
56 732
56 82
56 432
56 118
56 596
56 70
57 79
57 546
57 288
57 763
58 98
58 7
58 475
58 491
58 42
58 116
58 204
59 1114
59 184
59 48
59 77
59 39
59 1093
59 234
59 715
59 12
59 129
59 523
59 288
60 200
60 1020
60 152
60 56
60 195
60 492
60 637
62 180
62 195
62 1009
62 7
62 125
62 171
62 475
62 162
63 50
64 186
64 435
64 515
64 79
64 288
65 511
65 87
66 741
68 288
68 178
72 525
73 196
73 173
73 154
74 237
75 25
75 685
75 271
75 405
76 175
76 96
77 134
78 289
79 251
82 194
82 518
82 8
82 71
83 728
83 755
83 210
83 274
85 1137
85 268
85 604
85 923
85 642
85 479
87 491
87 783
87 154
88 311
89 50
89 181
90 480
90 656
90 131
90 1101
90 609
90 191
90 847
90 1193
90 512
90 166
90 568
90 52
90 1202
90 26
90 647
90 863
91 174
91 735
91 31
91 172
91 527
91 98
91 657
92 180
92 50
92 291
92 208
92 212
92 215
92 466
92 1
93 477
94 98
94 693
94 741
94 246
94 448
94 1014
94 258
94 68
94 23
94 346
94 1044
94 685
94 61
94 76
94 684
94 45
94 111
95 736
95 51
95 202
95 423
95 462
95 186
95 657
95 356
96 645
97 175
98 210
99 597
99 1119
99 595
99 742
100 315
102 50
102 208
104 283
104 270
106 1
106 313
109 125
109 172
109 176
109 588
109 147
112 306
112 339
113 258
113 976
113 1251
115 127
115 185
116 11
116 195
116 1142
116 181
117 789
118 79
118 171
119 274
119 459
119 458
119 412
119 315
119 28
119 222
119 917
119 125
119 550
121 428
121 937
121 12
122 1168
122 1113
122 582
124 195
125 511
125 498
125 194
125 191
125 705
126 288
126 681
127 343
128 238
128 955
128 433
128 790
128 223
128 499
130 531
130 69
130 11
130 568
130 684
130 148
130 658
130 423
130 751
135 173
135 23
135 470
136 276
136 258
136 298
137 249
137 174
138 121
138 603
140 268
140 303
141 984
141 282
141 985
142 7
143 313
144 195
144 50
144 59
144 212
144 1197
144 180
145 164
145 1046
145 123
145 636
145 329
145 11
147 904
148 132
148 133
149 345
150 13
151 1109
151 173
151 655
151 265
151 137
151 505
151 659
151 657
151 509
151 136
151 174
151 965
151 1269
151 638
152 393
152 1300
152 1136
152 423
154 302
157 127
157 276
157 508
157 1
158 455
158 70
158 742
158 985
158 530
158 275
158 659
159 866
159 293
159 829
159 25
159 871
159 243
159 1049
160 462
160 282
160 276
162 147
163 64
164 181
165 174
165 432
166 328
167 698
171 303
173 319
174 88
174 280
174 655
174 196
174 553
174 699
176 270
177 508
177 654
177 276
177 7
178 148
178 203
178 531
178 269
178 55
178 111
179 333
180 421
182 423
183 739
183 720
184 492
184 208
184 506
184 393
184 165
184 196
184 276
185 116
185 28
186 470
186 925
186 147
186 540
187 168
188 357
188 180
188 455
189 135
189 952
189 83
189 520
189 532
189 246
189 274
189 485
189 165
189 157
191 302
192 284
192 108
193 313
193 750
193 300
193 100
193 393
194 58
194 124
194 71
194 529
194 530
196 111
196 306
198 179
199 9
200 143
200 509
200 8
200 135
200 673
200 179
200 230
200 54
200 402
201 1135
201 991
201 468
201 183
201 190
201 482
201 1268
201 212
201 234
202 516
203 117
203 628
204 45
207 125
207 237
208 663
209 181
210 403
210 114
210 167
210 517
210 465
210 176
211 257
211 528
212 735
213 568
213 79
213 684
213 655
213 273
213 924
213 181
213 448
214 705
214 483
214 156
215 144
216 108
216 69
217 56
218 654
219 546
221 762
221 231
221 273
221 1011
221 24
221 174
221 69
221 467
222 117
222 186
222 636
222 1284
222 527
223 278
223 470
224 300
224 215
224 846
224 282
225 603
225 22
226 242
227 1007
227 13
229 302
230 186
232 166
232 498
232 186
232 900
232 172
232 81
233 98
233 313
233 168
234 106
234 1021
234 483
234 28
234 613
234 474
234 724
235 480
235 515
235 170
236 298
236 64
237 9
237 197
239 56
239 507
239 179
239 512
239 14
239 269
239 511
239 428
243 631
244 651
244 1057
244 660
246 55
246 68
246 741
246 198
246 100
246 185
247 28
249 708
249 1
249 117
249 919
249 79
249 240
250 127
250 1073
250 154
250 240
251 612
251 742
251 1012
251 144
253 659
253 895
253 1039
254 199
256 413
256 1150
256 4
256 1086
257 165
258 310
259 750
261 322
262 1014
262 71
262 64
263 699
263 162
264 813
264 447
264 1009
264 558
264 184
266 313
266 285
267 780
267 824
267 739
267 265
268 59
268 222
268 655
268 179
268 546
269 654
269 134
269 655
270 1471
270 156
270 740
270 97
270 319
270 53
270 741
271 186
271 180
271 529
271 11
271 705
271 169
271 614
271 181
271 135
271 713
272 11
272 32
272 288
274 476
274 319
276 175
276 742
276 123
276 1218
276 22
276 282
276 7
276 1170
276 198
276 125
276 101
276 588
276 772
277 258
278 538
279 1231
279 59
279 431
279 1072
279 469
279 16
279 228
279 550
279 1034
279 89
279 385
279 151
279 709
279 751
280 132
280 416
280 499
280 546
280 7
280 1478
280 1114
280 86
281 300
283 151
283 709
283 845
285 313
285 100
286 47
286 683
286 1039
286 381
286 89
286 1060
286 419
286 1316
286 483
286 232
286 154
286 1091
286 348
287 121
288 157
288 127
290 164
290 82
290 732
290 385
290 22
291 79
291 70
291 562
291 232
291 282
291 427
291 90
291 80
291 215
291 153
291 117
291 423
291 204
292 423
292 193
292 156
292 234
292 58
292 117
292 2
293 514
293 97
293 183
293 582
293 317
293 705
294 334
294 313
295 405
295 70
295 91
295 527
296 276
296 286
296 301
296 285
296 45
296 292
297 479
297 56
297 690
297 8
297 475
298 498
298 265
298 97
299 137
299 318
299 1119
299 645
299 347
299 503
299 50
299 662
299 1103
299 702
299 732
299 170
301 333
301 693
301 742
301 455
301 99
301 218
301 1228
301 73
301 22
301 755
301 405
301 871
301 195
301 427
301 732
303 1039
303 208
303 218
303 792
303 425
303 221
303 847
303 90
303 381
303 233
303 195
303 483
305 655
305 483
305 176
306 13
306 287
307 214
307 431
307 529
307 580
308 23
308 962
308 517
308 520
308 1065
308 50
308 45
308 91
308 385
308 1
308 675
308 516
308 502
308 164
308 396
308 825
308 633
308 22
311 946
311 566
311 662
311 227
311 71
311 495
311 15
312 520
312 191
312 187
312 204
312 169
312 510
312 608
312 633
312 69
312 429
312 671
313 182
313 657
313 23
313 516
313 135
313 118
313 97
314 682
314 69
314 562
314 1297
314 1047
314 815
314 1016
314 578
314 268
314 655
315 318
315 269
315 4
315 13
315 531
315 1084
316 286
318 138
318 134
318 257
318 722
318 211
318 357
318 66
320 121
320 232
320 808
320 250
321 483
321 462
322 302
322 192
323 333
323 479
323 93
323 544
324 879
324 123
325 172
325 135
326 199
326 178
326 444
327 151
327 168
327 1007
327 173
328 79
328 589
329 313
329 198
329 124
330 153
330 231
330 22
330 151
330 422
330 177
330 866
330 161
331 269
332 240
332 252
332 746
332 234
332 820
332 763
333 739
334 629
334 684
336 276
336 1118
339 212
339 183
339 1
339 1153
339 28
339 127
339 435
339 276
339 47
339 79
339 496
339 434
339 693
340 418
340 274
340 1
342 100
342 124
343 405
343 235
343 427
343 462
343 1073
343 176
343 198
344 487
344 508
344 251
344 647
344 127
344 204
345 197
345 268
345 1007
345 287
345 742
345 301
345 1101
346 56
346 133
346 181
346 29
346 89
346 431
346 50
347 230
347 159
347 288
347 293
347 405
347 182
348 831
348 121
348 924
348 123
350 427
350 1039
350 176
351 286
352 657
352 39
354 419
354 208
354 175
354 124
354 606
354 740
354 533
357 866
358 213
359 181
360 83
360 100
360 248
360 207
360 285
360 210
361 285
361 179
361 213
361 156
361 603
363 222
363 208
363 223
363 825
365 340
366 217
366 443
366 637
367 7
367 185
367 331
369 271
370 269
370 427
371 176
371 24
371 73
373 153
373 660
373 170
373 96
373 238
373 215
373 485
374 405
374 693
374 963
374 87
374 77
378 768
378 210
378 432
378 435
378 792
378 715
378 702
378 423
378 709
378 729
378 223
378 508
378 191
378 631
378 143
379 141
379 285
379 709
379 448
379 526
379 1113
379 855
379 47
380 194
381 304
381 931
382 481
383 9
383 137
384 328
384 355
385 479
385 185
385 922
385 659
385 512
385 285
385 1008
385 656
386 840
386 50
387 473
387 518
387 114
387 248
387 1128
387 515
388 298
388 237
389 371
389 136
389 847
389 492
390 302
390 319
391 661
391 963
391 61
392 316
392 847
393 1446
393 463
393 1180
393 50
393 168
393 64
393 96
393 223
393 241
394 69
394 202
394 156
394 227
394 22
394 508
394 67
394 546
394 393
395 286
395 154
397 302
397 109
397 183
397 174
397 197
398 173
398 211
398 732
398 514
398 692
398 208
398 837
398 480
398 153
398 117
398 25
399 459
399 235
401 486
402 15
402 118
402 511
402 181
403 276
405 732
405 521
405 467
405 356
405 427
406 183
406 179
406 174
406 924
406 276
406 469
406 410
406 508
407 85
407 588
407 255
407 746
407 8
407 222
407 732
408 288
409 283
409 276
409 484
409 171
409 172
409 357
409 663
409 496
409 474
412 150
412 64
413 289
416 69
416 588
416 288
416 1503
416 1147
416 216
416 724
416 24
416 173
416 300
416 402
416 97
416 310
416 294
416 866
416 929
416 1160
416 272
416 319
416 327
417 518
417 796
417 393
417 42
417 195
417 82
419 79
420 603
422 137
422 100
423 304
423 1265
424 14
425 271
425 230
425 347
426 603
426 608
426 211
427 332
427 688
428 332
428 877
428 307
429 83
429 127
429 50
429 207
429 223
429 15
430 237
430 328
432 1047
434 815
435 159
435 2
435 385
435 226
435 7
435 792
435 246
435 235
435 1268
435 436
435 177
435 23
435 420
435 709
435 1016
435 21
435 83
436 503
436 392
437 165
437 436
437 318
437 1206
437 162
437 709
437 1121
437 699
438 280
438 148
440 242
440 86
441 282
442 181
442 628
443 313
444 9
444 912
445 96
446 887
447 183
447 1142
447 25
447 470
447 544
447 952
447 282
449 640
449 224
450 1248
450 280
450 591
450 357
450 312
450 12
450 1518
450 708
450 655
450 56
450 631
450 751
450 168
450 354
450 187
450 1212
451 335
451 1265
451 322
452 136
452 609
452 472
452 164
452 490
452 188
453 1016
453 25
453 357
454 651
454 28
454 143
454 485
454 22
454 257
455 660
455 197
456 433
456 410
456 427
456 1328
456 92
456 127
456 22
457 500
457 372
457 825
457 97
457 175
457 428
457 64
457 709
457 219
457 469
457 161
457 14
457 629
457 96
457 52
457 134
458 427
458 13
458 603
458 483
458 189
458 317
458 405
459 1038
459 174
460 276
460 302
463 127
464 332
464 255
464 321
465 845
465 87
465 855
466 174
466 7
466 260
466 288
468 98
468 246
468 19
468 475
468 170
469 153
469 173
469 65
472 411
472 258
472 214
472 257
472 796
472 227
472 1139
472 3
472 231
472 186
473 124
474 729
474 515
474 318
474 616
474 76
474 499
474 614
474 186
474 8
474 1011
474 31
474 357
474 510
474 487
474 611
476 67
477 732
477 25
477 553
477 88
477 282
478 843
478 710
478 237
479 201
479 153
479 58
479 175
479 751
479 304
479 248
479 523
481 283
482 748
484 153
484 174
484 125
484 15
484 879
486 137
486 460
487 181
487 216
487 1209
487 402
487 294
487 4
487 272
488 357
489 349
489 316
491 654
491 408
492 286
492 528
493 252
493 250
493 265
494 181
495 140
495 378
495 145
495 132
495 90
495 705
495 153
496 217
496 22
496 268
497 408
497 240
497 550
498 628
498 192
498 484
498 175
498 190
499 651
499 198
500 639
500 964
500 1166
501 127
501 108
501 628
501 544
501 1534
503 582
503 194
504 75
504 942
504 68
504 248
504 65
504 258
505 300
505 423
505 176
506 58
506 399
506 73
506 2
506 503
506 191
506 732
506 227
506 204
506 497
506 604
507 691
507 1016
507 307
507 1089
507 879
508 52
508 423
508 735
510 326
511 333
512 11
513 435
513 323
514 275
514 174
514 655
514 79
514 12
514 269
514 306
514 1101
515 1399
518 713
518 744
518 273
518 125
519 350
521 179
521 184
523 662
523 66
523 935
523 155
524 301
524 517
524 124
524 127
524 654
524 527
524 481
524 660
524 31
526 285
526 750
527 127
527 1149
528 410
528 194
528 173
529 286
531 751
532 52
532 576
532 472
532 1483
532 898
532 330
532 815
532 689
533 549
533 211
533 94
533 356
533 724
533 58
533 43
534 294
535 16
535 517
535 699
535 709
537 23
537 490
537 315
537 610
538 196
538 144
538 238
539 660
540 25
540 310
540 1048
540 50
541 225
541 781
541 95
542 321
542 772
543 9
543 694
543 234
543 4
543 226
543 480
543 1014
545 205
545 73
545 379
545 395
545 196
545 195
546 200
547 354
547 333
548 293
548 250
548 678
548 1016
548 504
548 292
548 696
548 185
549 237
550 271
551 780
551 69
551 385
551 209
551 300
551 216
551 559
551 286
551 204
551 180
553 607
553 609
553 604
553 505
553 50
553 174
553 480
554 87
554 132
554 181
555 117
556 321
557 246
557 198
558 936
559 205
560 250
560 1019
560 319
561 343
561 458
561 1449
561 1103
561 345
561 185
561 56
561 664
562 132
563 210
564 50
564 258
566 705
566 12
566 461
566 86
566 77
567 657
567 134
567 197
567 124
567 648
567 484
567 474
568 482
568 1137
573 194
573 182
573 513
574 319
574 311
576 125
577 845
577 79
577 132
577 54
577 284
577 1028
577 582
577 186
577 770
579 288
579 1
579 202
580 123
581 127
581 50
582 293
582 919
582 246
583 530
583 198
585 86
585 509
585 707
586 161
586 780
586 451
586 118
587 691
587 260
588 783
588 699
588 294
588 184
588 315
588 658
589 873
590 285
591 283
592 354
592 47
592 427
592 89
592 408
592 168
592 547
592 508
592 93
592 469
592 568
592 123
592 405
592 887
592 501
592 255
592 305
593 179
593 118
593 15
593 11
593 144
593 58
593 98
593 313
595 3
597 225
597 742
597 181
597 127
598 349
599 282
599 546
599 1014
599 1095
600 526
600 127
601 156
601 482
601 127
601 91
601 455
601 250
601 141
603 100
603 748
604 100
605 601
605 527
605 22
606 507
606 201
606 265
606 82
606 175
606 91
606 568
606 147
606 250
606 83
606 237
606 117
607 529
608 753
608 337
609 304
610 162
611 311
611 286
613 607
615 462
615 168
615 127
615 262
615 518
615 69
617 179
618 79
618 132
618 378
618 117
618 56
618 176
619 1016
620 432
620 237
620 82
620 118
620 409
621 3
621 578
621 270
621 208
621 419
621 125
621 405
622 231
622 30
622 226
622 56
622 202
622 95
622 7
622 496
623 194
624 742
627 176
627 205
627 23
627 100
627 797
627 39
628 361
628 333
628 845
629 144
629 9
630 535
632 215
632 143
632 99
632 480
632 96
633 237
634 118
634 546
637 1
637 690
638 550
638 50
639 516
640 68
640 64
640 204
640 134
640 174
640 239
640 4
642 748
642 294
642 2
642 780
642 1078
642 8
642 1091
642 403
642 966
642 395
643 516
643 418
643 187
643 185
643 233
644 823
644 276
645 664
645 430
645 135
645 168
645 211
647 748
647 88
647 72
647 202
647 588
648 2
648 399
648 1
648 79
648 208
648 1050
648 252
648 692
648 447
648 169
650 196
650 186
650 515
652 333
652 328
653 385
653 181
653 64
653 310
653 511
654 318
654 111
654 588
654 418
654 4
655 448
657 286
657 294
657 111
657 744
659 317
659 212
659 1172
659 792
659 316
659 216
659 490
660 1050
661 165
661 209
661 195
662 1511
663 313
664 153
664 186
665 111
665 418
665 411
666 632
666 191
666 661
666 709
666 527
666 546
666 286
667 651
667 186
667 660
667 527
667 285
668 340
669 664
669 480
670 519
670 96
671 298
671 273
671 161
671 12
672 275
672 515
673 242
674 121
674 405
675 750
675 269
675 344
676 520
676 1
677 117
677 687
677 222
677 1
679 432
680 285
682 332
682 96
682 50
682 379
682 73
682 282
682 151
682 64
682 181
682 946
683 289
686 127
686 194
689 258
690 98
690 67
690 174
691 604
692 762
694 69
694 9
694 419
694 495
694 489
694 15
694 470
694 517
694 127
695 346
695 678
697 242
697 628
697 277
697 237
697 1067
697 307
697 244
697 591
698 485
698 205
698 357
699 270
699 989
699 20
700 96
701 313
702 228
702 229
703 15
704 603
704 735
705 1043
705 38
705 241
705 625
706 756
707 190
707 221
707 705
707 533
707 286
707 602
707 310
708 319
708 181
709 234
709 210
709 121
710 182
710 99
710 313
711 132
711 1221
711 402
711 137
711 114
711 51
711 202
711 241
711 475
711 91
711 923
712 655
712 378
713 315
714 282
714 258
715 4
715 96
715 50
715 64
716 133
716 451
716 194
716 740
716 627
716 168
716 611
717 262
718 282
718 597
719 655
719 378
719 510
721 82
721 145
722 124
722 471
724 272
727 526
727 67
727 227
727 203
727 89
727 174
727 451
727 748
727 207
728 237
731 520
732 269
732 243
733 124
734 605
734 604
735 333
738 197
738 528
738 183
738 98
741 204
743 268
743 311
745 603
747 526
747 47
747 204
747 504
747 887
747 672
747 71
747 1
747 461
747 1204
747 497
747 70
747 83
747 98
748 515
748 183
748 58
749 185
749 200
749 4
749 414
749 181
749 22
749 133
749 271
749 50
749 232
749 145
749 1016
749 356
749 96
751 101
751 79
751 274
751 709
752 332
752 358
752 539
752 305
753 357
754 937
754 295
754 127
756 1060
757 276
757 298
757 95
757 549
758 405
758 705
758 174
758 895
758 150
758 128
758 223
758 184
758 616
758 108
758 218
758 25
758 1159
758 732
758 780
758 865
760 278
761 748
763 222
763 194
763 1268
763 198
764 286
764 7
764 289
764 100
766 493
766 181
766 968
767 28
767 141
770 14
770 298
773 198
773 235
773 189
773 1555
774 180
774 127
774 199
774 431
774 69
776 523
779 117
779 294
782 887
782 1385
782 1038
782 127
782 895
783 880
784 690
784 898
785 152
786 161
786 286
786 71
788 241
788 963
788 503
789 9
790 15
790 716
790 241
790 317
790 98
790 116
790 774
792 100
793 844
795 514
796 405
796 161
796 607
796 230
796 1042
796 511
796 181
796 660
796 151
796 31
796 275
796 525
796 699
796 402
798 323
798 845
798 275
798 926
798 73
800 127
800 121
803 311
804 513
804 742
804 123
804 566
804 185
804 479
804 156
804 183
804 98
804 235
804 568
805 1065
805 519
805 469
805 425
805 470
805 1157
805 856
806 483
806 127
806 475
806 654
806 222
806 1018
807 95
807 633
807 450
807 151
807 596
807 1084
808 327
810 323
811 895
815 735
815 214
815 1039
815 183
815 190
815 203
821 1060
821 79
823 135
823 739
823 238
823 919
823 286
823 404
825 274
825 273
825 827
826 229
827 272
828 971
828 316
828 303
828 24
829 286
829 512
829 475
830 211
830 568
830 487
830 193
830 403
831 298
833 647
833 806
833 654
833 745
835 486
835 133
835 378
835 237
835 197
836 1065
836 880
837 220
838 179
838 168
838 12
838 174
838 494
839 127
840 588
840 152
840 516
840 190
840 1266
841 270
842 333
844 173
844 216
844 588
844 151
845 313
845 308
845 269
846 489
846 720
846 527
846 8
846 318
846 4
846 780
846 580
846 609
846 227
846 515
846 610
847 71
847 220
848 403
848 419
848 511
848 421
849 174
849 172
851 160
851 231
851 286
851 271
851 742
851 79
851 915
851 182
851 17
852 1052
852 127
852 257
854 924
854 285
854 405
854 93
854 11
854 124
855 510
857 19
859 25
859 846
860 216
860 302
861 289
862 135
862 559
862 216
862 271
862 196
862 202
863 344
863 271
864 190
864 349
864 343
864 202
864 161
864 2
864 357
864 172
865 455
865 744
867 286
867 483
867 498
867 172
867 524
867 191
867 956
868 187
868 101
868 81
868 1
868 506
868 199
868 59
868 169
870 286
870 198
870 327
870 208
870 45
870 568
870 276
871 96
871 161
871 226
871 751
871 210
872 975
873 313
874 654
875 582
875 421
875 1073
877 70
877 549
877 59
878 202
878 512
880 81
880 273
880 201
880 186
880 53
880 1222
880 258
880 1016
880 100
880 96
880 208
880 200
880 568
880 249
880 770
881 195
881 205
881 414
881 524
881 136
881 62
881 322
881 191
882 180
882 177
882 243
882 191
882 99
882 211
883 1462
883 902
883 81
883 9
883 113
883 12
883 549
883 430
883 461
885 195
886 1073
886 9
886 64
887 28
887 181
887 1029
887 559
887 128
887 609
887 756
887 132
887 368
887 501
888 202
889 194
889 428
889 129
889 208
889 94
889 98
889 216
889 250
889 262
890 357
890 515
890 429
890 133
890 286
891 286
891 471
892 1124
892 1
892 430
892 153
892 68
892 195
892 208
892 15
893 597
894 1
894 903
894 529
896 222
896 660
896 210
896 164
896 96
896 952
896 651
897 238
897 161
897 127
897 201
897 184
897 409
897 405
897 204
897 659
897 214
899 746
899 154
899 568
899 496
900 480
901 509
901 623
901 211
901 58
903 528
903 223
903 664
903 293
903 175
903 180
903 238
904 275
907 202
907 333
907 1157
907 685
907 235
907 1326
907 1221
908 648
909 116
910 405
911 197
912 501
912 659
913 789
913 228
913 203
913 200
913 741
913 173
916 164
916 97
916 1005
916 1011
916 241
916 92
916 216
917 237
917 476
918 1171
918 16
918 972
919 221
919 742
919 313
920 313
920 340
921 400
921 845
922 151
922 576
922 1110
922 421
922 380
923 866
924 228
924 318
924 172
924 427
924 1
927 588
927 195
927 237
928 173
928 876
928 168
930 14
931 293
931 685
932 647
932 7
932 1121
932 185
932 56
933 177
934 2
934 202
934 94
935 121
936 13
936 25
936 248
936 268
936 286
936 845
936 904
936 272
937 303
938 126
939 15
939 121
939 255
940 678
940 238
941 298
942 282
942 528
942 480
943 566
943 356
943 181
1 108
1 16
1 195
1 82
1 9
1 171
1 135
1 43
1 113
2 300
2 297
3 181
5 257
5 209
6 490
6 410
6 98
6 512
6 480
6 502
6 494
6 475
6 81
7 180
7 179
7 307
7 592
7 217
7 31
7 485
7 581
7 549
7 9
7 601
7 185
7 223
10 93
10 59
10 367
10 497
10 629
10 617
10 182
10 710
10 156
10 707
10 170
10 527
11 733
11 690
11 97
11 8
12 754
12 98
12 215
13 49
13 402
13 60
13 414
13 770
13 182
13 855
13 202
13 89
13 647
13 498
13 791
13 517
13 32
13 268
14 473
14 211
14 382
14 181
16 161
16 87
16 183
16 200
16 99
18 716
18 286
18 527
18 962
18 530
19 258
21 56
21 273
21 558
21 325
22 186
22 4
22 999
22 250
23 258
23 522
23 404
24 97
24 151
24 237
25 265
25 498
27 1017
30 538
30 174
31 319
31 271
31 875
33 678
35 748
37 22
37 948
38 419
38 155
38 452
40 242
41 173
41 170
41 209
42 183
42 1
43 354
43 946
43 203
43 732
43 531
44 313
44 249
44 260
44 153
45 276
47 258
48 528
49 1021
49 151
49 346
49 1073
50 1010
50 288
50 268
52 15
52 237
52 111
52 93
52 191
53 1087
55 144
55 56
56 98
56 181
56 174
56 399
56 42
56 1028
56 172
56 237
56 117
56 151
57 1016
57 496
58 176
58 70
58 474
58 238
58 223
58 651
58 381
58 137
59 584
59 7
59 53
59 371
59 195
59 127
59 975
59 658
59 644
59 615
59 58
59 618
59 458
60 603
60 161
60 89
60 357
60 519
60 162
60 136
60 9
60 132
60 498
60 69
60 517
60 433
60 204
60 480
62 959
62 1016
62 546
62 473
62 50
62 306
62 209
62 13
63 109
63 277
64 367
64 215
64 1
64 56
64 389
65 526
65 185
65 778
65 202
67 151
68 181
69 234
70 507
71 135
71 98
71 276
71 56
71 52
72 5
72 51
72 187
72 484
73 171
73 1149
73 187
73 180
74 340
75 56
75 952
75 196
75 472
76 216
76 514
76 70
76 200
76 955
77 98
77 519
79 258
79 285
80 215
81 276
81 282
82 432
82 170
83 110
84 79
84 543
85 813
85 8
85 70
85 423
85 660
85 89
85 318
85 507
87 172
87 944
87 1041
87 435
87 161
87 80
89 475
89 151
90 488
90 31
90 141
90 1048
90 1125
90 511
90 154
90 198
90 179
90 242
91 331
91 143
91 264
91 289
92 124
92 96
92 651
92 176
92 223
92 631
92 674
92 4
93 275
94 616
94 589
94 190
94 625
94 1
94 160
94 86
94 83
94 652
95 416
95 1
95 62
96 7
96 98
96 1154
97 661
97 189
98 517
99 173
99 471
99 1067
100 898
100 690
101 284
102 174
102 98
103 127
104 751
104 150
106 12
106 77
106 566
106 660
106 1242
109 1074
109 809
109 196
109 111
109 218
109 144
111 328
111 340
112 302
112 750
114 183
115 178
115 530
116 900
116 221
117 144
117 179
117 25
117 109
118 98
118 134
118 201
118 641
118 551
119 268
119 322
119 455
119 332
119 109
119 310
119 93
119 7
121 313
122 1044
122 708
122 469
123 504
123 432
124 166
125 8
125 173
125 430
127 901
128 69
128 591
128 319
128 507
128 490
130 236
130 128
130 682
130 276
130 367
130 321
130 881
130 354
130 890
130 589
130 282
130 63
130 218
131 297
131 242
132 56
133 750
133 258
135 185
135 603
136 303
136 14
136 515
136 275
137 680
137 472
137 181
137 195
138 12
138 194
139 297
139 127
141 471
141 118
141 106
141 147
141 328
142 189
143 333
144 216
144 223
144 742
144 316
145 549
145 134
145 265
145 310
145 510
145 315
145 358
145 393
145 597
146 258
146 313
147 301
147 340
148 116
148 189
148 172
148 227
149 896
150 221
150 268
150 127
151 966
151 484
151 427
151 181
151 483
151 151
151 724
151 98
151 956
151 428
151 494
152 660
152 1301
154 515
155 286
156 192
157 244
157 274
157 340
158 403
158 217
158 798
158 20
158 325
158 129
159 117
159 597
159 291
159 127
160 174
160 1073
160 531
160 124
160 763
161 100
164 1025
166 894
168 1016
169 538
169 480
172 582
173 332
174 111
174 823
175 187
175 12
175 64
176 246
176 305
176 285
177 59
177 87
177 156
177 340
177 302
178 143
178 79
178 125
178 131
178 173
180 216
180 69
181 121
182 126
182 596
183 177
183 202
184 313
184 132
184 64
184 1396
184 98
184 89
184 387
184 699
184 836
184 950
184 176
184 631
184 497
185 690
185 9
185 114
186 225
186 332
187 137
188 204
188 127
189 1372
189 176
189 100
189 253
189 175
189 248
189 150
191 331
192 1137
193 941
193 187
193 690
193 1168
193 117
194 193
194 483
194 837
194 655
194 23
194 357
194 523
194 507
194 588
194 179
195 751
197 230
197 313
198 154
198 56
198 1142
200 196
200 96
200 226
200 79
200 515
200 523
200 423
200 28
200 826
201 172
201 157
201 197
201 227
201 596
201 582
203 815
204 269
207 59
208 371
210 186
210 195
210 1118
210 654
210 127
210 708
213 475
213 212
213 214
213 627
213 603
214 313
214 608
215 98
215 181
215 197
215 186
216 28
216 655
216 298
216 508
217 684
219 258
220 300
221 27
221 50
222 549
222 153
222 48
222 521
222 97
222 739
222 50
222 591
223 546
223 333
223 216
223 237
224 356
224 178
224 162
224 699
227 274
227 276
227 293
227 116
230 210
230 588
230 739
230 202
230 161
230 100
230 582
232 100
233 845
233 828
233 357
234 31
234 22
234 1064
234 491
234 506
234 1020
234 429
234 466
234 480
234 124
234 91
234 651
234 1397
235 96
235 190
235 70
235 69
235 1451
235 522
236 432
237 494
237 514
237 489
239 96
239 1098
239 150
239 135
241 310
242 237
242 1152
243 655
243 511
244 1168
244 596
244 655
244 629
244 433
244 157
244 181
245 1033
246 11
246 12
246 172
246 24
248 194
248 405
248 249
249 421
249 241
249 7
249 39
249 1073
250 338
250 89
250 238
251 45
253 22
253 64
253 96
253 81
256 781
256 66
256 82
256 779
256 452
256 237
256 815
256 174
256 409
256 49
256 405
256 274
256 761
257 137
257 582
259 117
259 200
260 682
260 748
261 245
262 427
263 527
263 622
263 100
263 69
263 180
263 205
263 328
263 378
263 186
264 98
264 451
264 430
264 367
264 504
264 1118
265 294
267 176
267 293
267 480
267 1401
267 65
267 169
267 3
267 50
267 479
268 114
268 324
268 127
268 154
268 208
268 92
268 116
269 13
269 631
269 697
269 523
269 427
270 183
270 778
270 268
270 164
270 566
270 452
270 121
271 277
271 729
271 9
271 521
271 866
271 132
272 183
272 654
274 200
275 28
275 174
276 324
276 196
276 710
276 258
276 219
276 153
276 56
276 157
276 176
276 271
276 276
276 942
276 269
276 447
277 1197
277 285
277 15
277 293
279 712
279 566
279 1027
279 1321
279 144
279 759
279 195
279 137
279 382
279 977
279 166
279 321
279 728
279 802
279 429
279 1488
279 17
280 96
280 111
280 1168
280 387
280 90
280 218
280 527
286 186
286 83
286 1101
286 127
286 73
286 465
286 301
286 211
286 85
286 155
286 330
288 520
288 100
288 268
288 176
288 97
290 993
290 432
290 71
291 401
291 218
291 1042
291 404
291 200
291 1277
291 106
291 46
291 396
291 226
291 93
291 17
291 1219
291 246
291 123
292 144
292 491
292 248
292 654
292 528
293 160
293 216
293 303
293 45
293 589
294 1
294 1132
294 123
294 181
295 404
295 385
295 1459
295 227
295 941
295 318
295 546
296 632
296 462
296 257
296 277
296 198
296 134
297 201
297 603
297 156
297 129
298 261
298 121
298 651
298 210
298 527
298 174
299 238
299 747
299 484
299 190
299 151
299 59
299 129
300 257
300 872
301 1
301 143
301 1112
301 284
301 474
303 582
303 23
303 251
303 1048
303 518
303 109
303 182
303 845
303 1286
303 544
303 33
303 122
303 7
303 160
303 65
303 151
303 270
303 813
303 475
305 315
305 183
305 1101
306 14
306 111
307 70
307 83
307 462
307 24
307 71
308 480
308 172
308 566
308 589
308 1421
308 1169
308 276
308 11
308 506
308 856
308 87
308 655
308 663
308 319
309 334
310 116
310 257
311 378
311 50
311 944
311 178
311 218
311 755
311 202
311 310
311 72
311 423
311 76
311 428
311 651
311 226
312 478
312 179
312 195
312 659
312 588
312 603
312 207
312 528
313 161
313 503
313 204
313 187
314 132
314 685
314 411
314 28
314 949
314 67
314 762
315 645
315 238
316 275
318 482
318 378
318 655
318 72
318 610
318 1160
318 326
318 285
318 157
319 333
320 68
320 42
320 66
320 51
321 531
321 607
321 275
322 157
322 1019
323 255
324 411
326 174
326 491
326 523
327 178
327 238
327 191
327 230
327 86
328 117
328 685
328 172
329 333
330 174
330 228
330 215
330 72
330 989
330 763
330 181
330 50
330 1084
330 403
331 1101
331 306
331 735
331 124
331 414
332 450
332 222
332 120
332 118
332 8
332 566
332 651
332 230
333 315
333 127
334 258
334 521
334 222
334 197
334 628
334 549
334 302
334 1315
334 153
334 657
335 322
336 591
336 49
336 710
336 762
337 631
337 380
338 189
338 654
338 52
338 100
339 124
339 939
339 4
339 269
339 191
339 100
339 431
339 241
339 228
339 485
339 98
340 405
341 335
341 330
341 895
342 122
342 558
342 663
342 423
343 179
343 152
343 435
343 177
343 786
343 654
343 466
344 459
344 955
344 285
344 509
344 216
344 176
344 288
344 1007
344 228
344 124
345 639
345 269
345 651
345 200
345 13
345 15
345 451
345 498
346 546
346 144
347 693
347 568
347 249
347 432
347 239
347 475
347 186
347 210
348 107
348 405
348 147
349 15
350 127
352 176
354 478
354 83
354 238
354 382
354 710
355 1392
356 347
356 258
357 118
357 820
357 287
357 111
358 1159
358 318
358 59
360 64
360 275
360 251
360 471
361 207
361 694
361 238
361 237
363 91
363 1010
363 8
363 90
363 789
363 746
363 151
363 1495
364 325
365 287
366 853
366 200
367 670
367 184
367 760
369 752
369 919
370 107
370 302
371 204
371 443
372 448
372 581
373 79
373 520
373 275
373 165
373 228
373 48
373 214
374 39
374 12
374 552
374 210
374 117
376 223
376 707
377 234
377 271
377 443
378 276
378 969
378 531
378 596
378 1147
378 87
378 736
378 8
378 806
379 729
379 577
379 163
379 143
379 529
380 527
380 736
380 258
381 133
381 30
381 1533
381 1018
381 1119
382 168
383 197
383 285
383 237
383 180
383 496
384 258
385 132
385 487
385 1535
386 127
386 515
387 258
387 1007
387 580
387 1199
387 169
387 845
387 83
387 513
388 328
388 680
388 301
388 596
389 504
389 479
389 211
389 414
389 558
389 100
390 515
390 258
391 187
391 56
391 286
391 603
391 659
392 1143
392 98
392 511
393 181
393 496
393 51
393 497
393 620
393 1179
393 833
394 540
394 39
394 549
394 7
394 33
394 222
395 196
395 338
397 588
397 611
398 15
398 423
398 152
398 654
398 28
399 588
399 188
399 295
399 57
401 357
401 318
403 925
403 148
403 121
403 118
405 56
405 193
406 661
406 420
406 69
406 133
406 501
406 772
406 164
406 175
407 50
407 286
407 209
407 418
407 508
407 69
407 258
409 210
409 89
409 214
409 466
410 269
411 603
411 9
412 724
412 211
412 7
412 56
412 135
413 300
414 288
415 136
415 1524
416 291
416 204
416 7
416 331
416 966
416 366
416 578
416 651
416 591
416 538
416 472
416 418
416 268
416 184
416 659
416 1221
416 707
416 1217
416 303
417 55
417 118
417 83
417 1086
417 655
419 197
419 223
420 86
420 137
421 174
421 466
421 516
422 93
422 126
422 250
423 315
423 15
423 620
423 286
424 275
425 943
425 340
425 288
426 488
426 1204
426 474
426 491
426 100
427 1296
427 680
427 304
429 506
429 64
429 789
429 549
429 184
429 96
429 387
430 50
430 124
430 168
430 303
430 1347
430 514
432 628
432 300
432 121
433 276
433 246
434 763
435 168
435 45
435 1103
435 331
435 228
436 83
436 746
436 73
436 226
437 143
437 378
437 496
437 8
437 1153
437 614
437 170
438 269
438 845
439 147
440 886
441 751
441 9
442 943
442 92
446 270
448 303
448 305
449 1009
449 593
450 192
450 472
450 143
450 1221
450 468
450 519
450 487
450 190
450 399
450 378
450 588
450 523
451 329
451 243
452 199
452 661
452 213
452 971
453 55
453 181
453 117
454 692
454 566
454 237
454 258
454 77
454 732
454 451
455 173
455 449
455 313
455 228
455 22
455 265
456 150
456 640
457 660
457 755
457 252
457 57
457 9
457 4
457 164
457 56
457 66
457 455
457 527
457 959
457 8
458 346
458 180
458 283
458 939
458 302
458 753
458 192
458 127
458 144
458 86
458 190
458 307
458 430
458 129
459 105
459 926
459 286
461 258
462 328
463 1163
463 269
463 151
463 253
464 482
464 709
464 299
465 191
465 286
466 33
466 350
466 50
466 518
467 257
467 298
467 269
468 772
468 204
468 423
468 82
468 216
468 367
469 484
469 855
469 474
469 199
469 286
469 603
470 125
472 50
472 175
472 38
472 1035
472 230
472 568
472 222
472 1002
473 137
473 1142
473 1007
473 256
474 519
474 735
474 216
474 530
474 509
474 100
474 663
474 89
474 923
474 252
474 96
474 380
474 584
476 343
476 33
478 150
479 96
479 480
479 137
479 250
479 479
480 654
480 504
480 79
480 517
481 659
481 211
481 191
482 294
483 109
484 216
484 150
484 230
484 172
484 924
484 755
484 560
484 211
484 699
484 399
485 313
486 1129
486 50
486 405
486 471
487 97
487 378
487 393
487 66
487 356
487 128
487 27
488 748
489 292
489 678
489 879
489 984
489 539
490 127
493 318
494 199
494 924
495 511
495 219
495 470
495 96
495 582
497 724
497 33
497 22
497 144
497 82
498 182
498 922
498 515
498 664
498 663
499 657
499 886
499 7
499 915
499 525
500 238
500 532
500 31
500 276
501 257
501 952
501 324
501 922
501 151
502 682
502 323
503 174
503 297
503 633
503 10
503 607
503 19
503 97
503 132
504 529
504 503
504 195
504 143
504 214
505 1039
505 199
505 133
506 50
506 482
506 172
506 568
506 132
506 510
506 1063
507 682
507 898
508 269
508 185
508 101
508 23
508 13
509 603
512 1459
512 183
513 546
513 841
514 176
514 172
514 582
517 127
518 696
518 222
519 340
521 249
521 109
521 11
523 393
523 407
523 533
523 97
523 213
523 211
523 204
523 169
524 700
524 126
524 498
524 198
524 684
524 707
524 39
524 234
524 514
525 596
525 151
527 603
527 285
527 209
527 496
528 210
528 526
529 294
530 237
530 183
530 328
530 1226
531 302
531 311
532 1217
532 588
532 1312
532 77
532 483
532 301
532 161
532 501
532 603
532 228
532 496
533 168
533 297
533 477
533 685
533 328
533 1142
533 684
533 216
533 480
533 125
533 229
533 498
534 24
534 235
534 1059
535 427
535 447
535 71
535 121
535 210
535 70
535 489
535 482
535 727
536 404
536 423
536 215
537 89
537 919
537 203
537 491
537 347
537 644
537 844
538 483
538 215
539 153
540 515
540 276
541 174
541 274
542 70
542 48
542 172
542 194
543 528
543 177
543 129
545 69
546 53
546 436
546 7
547 319
548 229
548 203
548 127
549 181
551 177
551 176
551 1439
551 15
551 232
551 159
551 79
551 273
551 17
551 168
551 739
552 1014
553 98
553 190
553 275
554 202
554 56
554 86
554 174
554 117
556 133
556 187
556 170
557 268
557 875
558 275
558 116
559 216
559 520
559 55
560 12
560 1
561 1120
561 70
561 223
561 478
561 640
562 174
562 234
562 73
562 127
565 166
565 171
566 273
567 10
567 387
567 589
567 653
567 198
567 479
567 182
567 612
567 525
567 514
568 475
569 25
569 100
569 328
570 305
573 216
574 258
574 346
575 318
577 651
577 68
577 5
577 100
577 732
577 216
577 22
577 684
577 65
578 298
579 66
580 252
580 257
582 100
582 181
582 1
583 268
585 863
585 213
586 1273
586 174
586 226
586 655
586 200
586 379
586 233
587 262
587 307
587 333
588 402
588 395
588 485
588 278
588 318
588 56
589 879
589 339
590 221
591 100
591 1120
592 544
592 195
592 522
592 109
592 59
592 482
592 169
592 919
592 297
592 1184
592 1010
592 135
592 357
592 1071
593 183
593 478
593 4
593 568
595 1009
595 289
596 323
598 308
599 471
601 131
601 230
601 132
601 584
601 172
603 183
603 180
605 619
605 462
605 508
605 187
605 1
605 582
605 275
605 408
606 89
606 655
606 69
606 508
606 1
606 214
606 326
606 423
606 418
607 528
608 735
608 1124
608 483
608 461
608 9
610 419
610 378
611 300
611 307
611 336
612 924
614 294
616 288
616 343
617 443
618 69
618 97
618 7
618 385
619 233
619 22
619 651
620 563
620 820
620 63
621 148
621 50
621 109
621 135
624 25
624 126
624 246
624 313
624 993
624 919
625 181
625 169
627 82
627 92
628 338
629 651
629 277
629 392
629 100
629 271
629 194
630 11
630 620
632 684
632 174
632 132
632 69
633 300
633 385
633 143
634 285
634 272
634 100
635 1
636 760
637 50
637 151
638 234
638 410
638 204
639 306
640 566
640 750
640 1073
640 778
641 427
641 209
642 597
642 720
642 257
642 172
642 364
642 88
643 276
643 790
643 156
643 408
643 194
643 219
643 356
643 39
644 181
644 871
644 291
645 469
645 180
645 357
645 214
645 216
645 427
647 177
648 145
648 63
648 133
648 275
648 578
648 28
648 111
648 176
649 282
650 1126
650 552
651 242
652 307
653 228
653 69
653 521
653 83
654 1035
654 385
654 114
654 408
654 144
654 12
655 1642
655 213
655 30
655 64
655 962
655 344
655 46
655 867
655 276
655 182
655 504
658 960
659 210
659 387
659 56
659 664
659 385
659 121
659 196
661 408
661 135
662 246
663 619
663 603
663 307
663 628
663 11
663 47
663 763
663 64
663 508
664 513
664 663
664 496
664 603
664 649
664 168
665 287
665 282
665 249
665 845
665 293
666 134
666 479
666 684
667 272
668 354
669 490
669 408
670 485
670 480
671 566
671 50
671 159
671 96
674 181
676 315
676 748
676 539
677 678
680 276
680 845
680 143
682 117
682 240
682 763
682 95
682 468
682 250
683 321
684 520
684 178
684 237
686 50
686 430
686 89
686 26
687 895
689 748
690 203
690 234
690 208
691 64
692 410
692 211
693 357
693 117
693 53
693 185
694 196
694 511
694 203
694 229
695 340
697 305
697 689
697 879
698 1
699 1009
699 285
701 690
703 993
704 302
704 211
704 344
704 488
705 283
705 79
705 566
706 471
707 1642
707 847
707 1024
707 956
707 194
707 1281
708 111
710 1
710 496
711 403
711 189
711 213
711 64
711 420
711 8
711 1160
711 162
712 949
714 250
715 196
715 655
715 206
715 87
715 1
716 173
716 210
716 496
716 603
716 425
716 211
716 499
716 506
716 517
716 203
716 504
716 692
716 48
716 121
717 751
717 127
718 742
719 215
719 620
720 310
721 8
722 458
725 322
725 748
727 208
727 211
727 95
727 588
727 164
727 153
727 88
728 508
731 945
731 419
731 28
732 300
733 137
734 15
734 202
735 275
735 124
738 455
738 82
738 176
738 202
738 50
738 161
739 97
739 50
739 333
741 566
741 181
743 9
744 302
745 427
745 258
745 7
746 578
746 208
746 204
747 588
747 1134
747 187
747 179
747 865
747 135
747 408
747 15
747 205
747 134
748 172
748 258
749 245
749 527
749 485
749 258
749 480
749 135
749 204
749 73
751 751
751 88
751 755
751 144
753 316
755 311
756 421
756 176
756 89
756 300
757 117
757 250
757 230
758 172
758 353
758 427
758 291
758 1085
758 227
758 313
758 576
758 64
758 137
758 479
758 204
758 302
759 328
761 125
761 295
761 7
763 195
763 190
764 132
765 10
766 559
766 530
767 170
768 127
770 289
770 748
770 258
770 93
772 264
773 1475
773 432
774 227
774 178
776 168
776 479
776 276
776 23
777 652
777 196
778 367
778 200
778 262
779 71
779 1028
779 447
779 258
780 419
781 523
782 258
783 328
784 877
784 346
785 301
785 174
785 183
785 69
786 99
786 191
786 357
787 347
788 566
788 64
788 133
788 661
788 211
788 70
788 117
788 55
789 475
790 1063
790 52
790 73
790 771
790 203
790 1119
790 781
791 322
795 12
795 208
796 236
796 62
796 173
796 932
796 326
798 181
798 29
798 50
798 259
798 254
799 479
800 181
800 742
800 222
800 1
803 306
804 763
804 928
804 79
804 211
804 926
804 1025
804 128
804 197
804 443
804 445
804 429
804 433
804 739
805 645
805 451
805 176
805 269
805 50
805 419
805 153
805 55
806 192
806 150
806 90
806 187
806 197
807 485
807 496
807 1483
807 99
807 431
807 1409
807 133
807 659
807 566
811 988
813 750
815 521
815 945
815 494
815 403
815 50
815 132
816 271
817 876
818 288
819 1537
819 147
819 302
821 1084
821 294
821 125
823 1
823 735
823 762
823 127
823 642
823 143
825 591
825 174
825 930
825 597
825 1051
826 258
826 343
826 1239
828 1646
828 1068
828 179
828 921
829 190
830 226
830 732
831 197
831 7
831 50
833 30
833 100
833 1143
833 432
833 154
835 509
835 650
835 234
838 45
838 480
838 249
838 181
838 302
839 813
840 204
840 196
840 443
840 949
840 655
840 653
840 367
840 505
840 1065
841 748
841 689
843 135
843 217
844 55
844 431
845 242
846 794
846 604
846 518
846 143
846 615
846 64
846 1411
846 66
846 482
846 42
846 72
846 549
846 172
846 516
846 215
846 378
846 203
847 98
847 168
848 663
848 71
849 118
849 288
850 69
850 969
850 300
851 71
851 553
851 591
854 1226
854 514
854 7
854 919
854 318
854 9
857 14
859 249
860 347
862 526
862 173
862 205
862 748
862 143
862 651
862 288
862 50
862 462
862 742
863 313
863 301
863 306
864 273
864 660
864 55
864 597
864 136
864 137
864 423
864 22
864 559
864 145
865 100
865 1240
865 7
865 189
867 31
867 204
867 222
867 660
867 650
867 1065
867 186
868 23
868 7
868 480
868 209
868 50
869 249
870 1664
870 653
870 188
870 659
870 658
870 171
870 182
870 483
871 515
871 326
871 342
872 895
875 96
875 707
875 327
875 169
877 690
877 662
877 566
877 702
878 99
878 19
878 402
879 25
879 255
879 292
880 1059
880 268
880 123
881 222
881 218
881 11
882 692
882 748
882 225
882 405
882 89
883 56
883 234
883 144
883 387
883 216
883 1592
883 435
885 97
886 161
886 663
886 657
886 209
887 305
887 928
887 84
887 252
889 83
889 474
889 455
889 178
889 847
889 246
889 657
889 32
889 498
889 86
889 82
889 3
889 95
890 179
890 654
890 340
890 604
890 435
890 474
891 756
891 50
891 15
891 866
892 136
892 633
892 202
893 237
893 405
894 333
894 315
894 12
894 898
894 61
894 1142
895 742
896 770
896 136
896 710
896 241
896 144
896 198
896 484
896 367
897 79
897 133
897 369
897 546
897 1531
897 97
897 188
897 71
898 1296
899 174
899 234
899 214
899 470
900 124
901 222
901 1620
901 498
901 728
901 679
901 204
902 300
903 302
903 46
903 188
903 709
903 127
903 59
903 81
906 676
907 485
907 225
907 42
907 729
907 317
907 1048
907 748
907 268
908 483
908 591
909 261
909 275
911 186
911 183
911 1039
912 318
912 496
912 197
912 517
913 127
913 83
913 258
916 194
916 157
916 168
918 190
918 962
918 582
919 64
919 1101
919 946
919 660
919 129
920 1612
920 346
922 22
922 395
922 143
923 455
926 269
927 255
927 95
927 385
927 64
928 496
929 100
929 423
930 244
930 113
931 1152
931 272
931 126
932 519
932 489
932 778
932 481
932 86
932 676
932 70
932 98
933 22
933 98
933 180
933 50
934 56
934 315
934 584
934 481
934 502
935 255
935 127
935 742
935 125
935 282
936 1375
936 124
936 864
937 847
937 258
938 260
938 121
938 7
939 508
939 597
939 280
941 15
942 316
942 174
942 300
943 405
943 55
943 226
943 232
943 200
943 64
6 242
13 22
36 882
56 22
57 42
58 813
67 117
99 196
118 156
124 96
132 100
143 271
165 181
170 749
190 591
196 428
199 116
202 604
213 199
245 717
248 186
254 496
258 272
281 322
282 890
284 286
308 184
310 740
320 1059
352 172
355 300
358 1021
361 1103
366 447
372 262
374 241
389 488
391 69
395 343
401 724
402 510
407 519
417 293
443 340
464 298
502 307
515 315
519 346
524 100
528 479
539 962
577 194
595 15
610 607
612 15
618 273
655 480
665 315
668 403
683 132
690 523
698 613
705 181
716 193
722 628
743 408
744 174
747 1045
767 648
775 286
779 243
786 228
797 257
800 50
809 340
817 129
825 628
826 95
830 49
837 285
838 96
853 300
855 529
859 410
891 148
911 163
922 228
926 302
931 100
937 283
