21
43
46
44
75
84
93
110
107
119
115
122
120
139
138
145
149
206
231
224
247
279
266
312
342
350
344
320
374
376
359
352
353
355
364
360
361
411
415
413
406
395
394
389
444
445
477
464
457
450
554
552
564
561
573
571
569
533
532
535
534
542
539
614
622
623
621
625
624
630
579
580
587
683
680
675
702
700
698
691
688
653
668
670
665
656
658
737
743
760
764
754
712
719
718
704
731
720
722
725
726
821
823
818
831
809
789
794
793
774
775
773
771
783
776
884
888
893
864
869
872
877
849
848
854
853
863
862
832
843
840
841
956
953
955
950
946
947
932
929
925
906
905
904
900
899
1018
1019
1020
1022
1001
993
985
988
982
975
972
1094
1088
1117
1116
1112
1104
1107
1133
1129
1126
1120
1121
1150
1149
1147
1139
1051
1053
1040
1046
1070
1071
1058
1059
1060
1061
1085
1084
1075
1079
