1 157
1 146
1 1
1 109
1 45
1 6
1 176
1 190
1 106
1 235
1 227
4 361
5 109
6 493
6 537
6 533
6 481
6 525
6 463
7 558
7 587
7 258
7 7
7 215
7 452
7 530
7 203
7 562
7 471
7 633
7 638
7 385
7 382
7 379
8 435
10 192
10 404
10 414
10 495
10 203
10 493
10 186
10 357
10 116
10 22
10 712
11 508
11 435
11 203
11 423
12 202
13 174
13 655
13 229
13 87
13 28
13 624
13 95
13 435
13 754
13 809
13 285
14 222
14 519
14 242
14 408
14 477
15 927
16 127
16 92
16 942
16 693
16 939
16 134
18 489
18 50
18 174
18 792
18 100
18 70
18 175
18 190
20 210
22 209
23 275
23 652
23 222
23 710
24 763
24 276
25 183
25 729
25 692
26 126
28 443
28 196
29 268
30 257
31 302
32 313
32 475
34 329
34 324
37 27
37 566
37 176
38 69
38 1037
38 200
38 673
38 679
38 402
38 404
39 333
42 239
42 1041
42 692
42 102
42 202
42 274
42 736
42 96
43 966
43 482
43 302
43 648
43 735
44 591
44 87
44 148
44 175
44 196
44 99
47 321
48 661
48 181
48 209
48 357
49 53
49 98
49 185
52 25
52 473
52 7
52 471
54 748
54 237
54 471
56 50
56 114
56 815
56 82
56 447
56 559
56 588
56 69
57 744
57 117
58 213
58 268
58 50
58 209
58 127
58 269
58 645
59 792
59 382
59 654
59 402
59 18
59 202
59 428
59 972
59 182
59 234
59 219
59 823
59 51
59 855
60 506
60 96
60 1020
60 445
60 665
60 417
60 1123
60 514
60 502
60 601
60 378
60 660
60 163
62 652
62 69
62 7
62 172
62 582
63 1009
63 333
64 431
64 591
64 684
64 736
65 64
65 237
65 135
66 249
66 248
67 405
69 172
69 886
70 217
71 100
72 708
72 194
72 642
72 1148
73 188
73 175
74 313
74 294
75 111
75 405
77 23
77 431
77 483
79 100
79 311
81 273
83 755
83 191
83 663
83 1016
83 684
83 720
84 744
85 1101
85 663
85 134
85 664
85 213
85 435
85 192
85 519
85 482
87 410
87 254
87 1028
87 188
87 651
87 427
88 904
89 277
89 880
89 1074
89 15
90 313
90 650
90 187
90 221
90 131
90 98
90 306
90 509
90 193
90 507
90 501
90 568
90 285
91 689
92 823
92 180
92 239
92 747
92 258
92 93
94 528
94 686
94 23
94 81
94 647
94 474
94 1219
94 921
94 191
94 156
94 969
95 419
95 71
95 736
95 274
95 202
95 378
95 232
95 233
95 186
95 70
96 96
96 181
96 79
97 191
99 475
99 232
99 1047
99 7
100 328
100 879
100 315
101 257
101 924
102 588
102 186
104 283
106 584
107 268
109 356
109 423
109 1014
109 755
109 1157
109 176
109 288
109 365
111 269
113 595
113 286
114 269
114 98
115 79
116 199
116 515
118 558
119 451
119 193
119 168
119 1160
119 562
121 717
121 644
121 137
121 57
121 937
121 357
123 185
124 226
125 88
125 520
125 143
125 174
126 316
126 328
128 942
128 465
128 425
128 422
129 286
129 1176
130 501
130 1277
130 257
130 291
130 418
130 944
130 669
130 161
130 772
130 240
130 147
130 974
132 285
134 1
134 326
134 323
135 173
135 939
136 475
136 127
137 249
137 327
137 117
137 250
137 237
138 182
138 147
139 246
141 281
141 1023
141 298
142 186
142 895
143 315
144 474
144 845
144 234
144 183
144 523
144 212
144 180
145 348
145 44
145 54
146 262
146 245
147 690
148 164
148 529
148 175
150 273
151 265
151 509
151 178
151 216
151 847
151 770
151 174
151 473
151 186
151 705
151 1
152 153
152 71
152 790
152 167
152 781
152 1035
152 132
154 187
154 523
156 137
156 510
157 508
158 241
158 210
158 83
158 124
158 435
158 70
158 742
158 24
158 228
159 293
159 1049
160 59
160 11
162 1
166 300
167 1147
167 615
168 313
169 301
169 684
171 327
173 319
174 244
174 140
174 1312
174 1313
174 315
175 172
175 215
175 88
176 268
176 948
176 258
177 64
177 168
177 42
178 194
178 1016
178 195
178 317
180 1131
180 423
183 228
183 739
183 55
184 1398
184 197
184 272
184 451
184 604
184 1
184 1121
184 40
186 550
186 1277
187 86
187 736
187 135
187 64
188 96
188 69
188 121
188 177
189 501
189 863
189 847
189 143
189 30
189 56
190 326
193 218
193 300
193 310
193 153
194 432
194 13
194 168
194 218
195 143
195 1418
195 265
196 111
196 1022
196 411
197 232
198 153
198 1169
198 651
199 242
200 132
200 143
200 121
200 125
200 892
200 225
200 218
200 465
200 929
200 71
201 991
201 59
201 1128
201 134
201 475
201 223
201 203
203 879
207 483
207 712
207 153
208 310
210 276
210 234
210 327
211 528
211 199
213 234
213 288
213 56
214 117
214 179
214 483
215 174
215 132
215 222
215 237
215 28
216 234
216 122
216 721
216 210
217 82
217 56
217 195
218 514
219 631
220 269
221 318
221 79
221 55
221 721
221 1098
221 204
221 346
221 96
222 218
222 449
222 746
222 258
222 568
222 161
222 164
223 117
223 276
224 280
224 1039
225 492
226 270
226 250
226 286
226 176
230 97
230 64
230 143
230 951
230 418
232 56
232 705
232 191
232 523
233 381
233 56
233 127
233 492
233 97
233 375
234 428
234 966
234 661
234 8
234 1445
234 69
234 705
234 45
235 1464
236 111
236 170
236 203
237 513
239 529
239 507
239 171
239 499
239 675
239 489
239 198
239 276
239 9
239 317
241 300
241 887
243 83
243 631
243 1
243 127
244 953
244 171
244 92
244 411
244 90
244 72
244 318
244 50
244 69
246 185
248 98
249 56
249 919
249 248
249 174
250 196
250 135
251 222
251 275
252 276
253 566
253 121
253 895
254 204
254 228
254 241
255 763
256 487
256 473
256 226
256 939
256 9
256 1150
256 203
256 5
256 724
257 100
257 305
259 185
261 359
261 875
262 56
262 71
262 64
262 338
263 86
263 31
264 235
264 525
264 204
264 240
265 298
266 9
267 175
267 216
267 206
267 642
267 182
267 108
267 655
267 89
267 127
267 238
268 403
268 191
268 59
268 408
268 479
268 198
268 194
269 156
269 640
269 198
269 9
269 127
269 479
270 218
270 155
270 794
270 694
270 97
271 197
271 393
271 750
271 51
271 196
272 604
274 71
274 744
274 111
275 144
275 746
276 301
276 408
276 135
276 331
276 42
276 418
276 691
276 471
276 23
276 443
276 218
276 649
276 559
277 221
277 1
277 276
277 24
278 538
278 752
278 306
279 431
279 238
279 1376
279 209
279 464
279 154
279 578
280 764
280 203
280 499
280 1221
280 53
280 1066
282 327
282 288
283 168
284 269
284 301
284 328
285 300
286 931
286 97
286 683
286 1265
286 781
286 1053
286 423
286 153
286 111
286 209
286 1280
287 748
287 98
288 1358
288 136
288 528
289 1016
290 596
290 230
291 232
291 290
291 670
291 117
291 325
291 824
291 1188
292 64
292 515
292 1142
293 568
293 506
293 183
293 251
293 285
294 483
294 902
294 471
295 421
295 73
295 265
295 435
295 186
295 290
295 109
295 82
295 465
295 155
295 720
296 19
296 56
296 287
296 194
296 528
297 12
297 143
297 210
297 211
297 752
298 530
298 9
299 168
299 480
299 169
299 645
299 135
299 49
299 503
299 511
299 479
300 243
300 456
300 288
301 318
301 197
301 866
301 693
301 68
301 546
301 24
301 201
303 1039
303 47
303 218
303 4
303 792
303 258
303 1
303 173
303 735
303 1007
303 507
303 88
303 268
303 531
303 591
303 742
303 12
304 294
305 165
305 172
305 1286
306 287
307 655
308 50
308 129
308 435
308 74
308 162
308 432
308 1
308 550
308 584
308 609
308 610
308 502
308 95
308 825
308 633
308 945
308 22
308 68
308 201
311 234
311 365
311 739
311 527
311 134
311 716
311 231
311 1232
311 1035
311 614
311 15
312 1451
312 641
312 483
312 143
312 657
312 174
312 506
312 14
312 481
312 435
312 519
313 202
313 141
313 504
313 182
313 497
313 483
313 526
313 135
313 333
313 215
313 423
313 203
313 480
314 820
314 1276
314 8
315 93
315 1084
316 483
316 515
316 735
318 142
318 318
318 722
318 208
318 508
318 12
320 470
320 300
320 627
320 226
320 825
321 435
321 519
321 484
321 83
321 615
321 530
321 474
321 132
321 603
322 156
322 50
323 327
323 333
323 508
324 276
324 289
324 323
325 186
325 50
325 604
326 651
326 98
326 428
326 178
326 496
326 22
326 181
327 896
327 129
327 507
327 1101
327 708
327 268
327 344
327 558
327 497
327 1067
327 655
327 219
328 205
328 357
328 684
328 211
328 347
328 155
328 187
328 183
328 315
329 197
330 71
330 864
330 132
330 177
330 235
330 447
330 70
331 81
331 223
332 54
332 928
332 97
332 405
332 125
332 232
332 117
333 153
334 324
334 100
334 1404
334 12
334 89
334 634
336 70
337 15
338 180
338 517
338 435
338 490
338 498
339 50
339 12
339 11
339 1017
339 28
339 347
339 199
339 186
340 418
342 23
342 547
342 818
342 656
342 327
343 703
343 1194
343 724
343 614
343 1
343 581
343 124
344 96
344 222
344 708
345 56
345 197
345 258
345 744
345 702
345 293
346 56
346 11
346 520
346 273
346 127
347 959
347 11
347 226
347 17
348 245
348 123
348 288
350 136
350 204
351 990
351 359
352 96
352 568
352 89
352 129
354 154
354 143
354 855
354 297
354 174
354 52
354 93
354 485
354 149
354 10
355 689
357 508
357 273
360 10
360 1149
360 124
361 285
361 179
361 213
363 208
363 181
363 591
363 946
363 154
363 80
363 172
363 1019
363 176
363 47
365 268
365 1017
366 217
366 185
367 185
367 56
368 774
370 181
370 607
371 504
371 265
371 55
372 696
372 1212
372 844
372 325
373 655
373 1119
373 210
373 378
373 190
374 129
374 193
374 692
374 121
374 820
375 1217
375 300
377 294
378 289
378 173
378 468
378 739
378 742
378 702
378 286
378 174
378 403
379 176
379 204
379 372
379 173
379 709
379 153
379 707
379 177
379 381
380 654
380 69
380 132
380 465
381 124
382 197
382 531
383 9
383 1063
383 464
383 528
385 427
385 650
385 504
385 1506
385 657
385 1129
386 117
387 42
387 82
387 526
387 222
387 455
387 1128
387 663
387 201
388 200
388 300
388 569
388 326
389 178
389 507
389 483
389 127
389 496
389 693
389 481
389 185
389 491
391 652
392 513
392 269
392 165
392 23
392 517
392 257
393 282
393 480
393 1468
393 302
393 944
393 250
393 1169
393 710
393 22
393 696
393 125
393 977
393 781
393 690
393 479
393 255
394 431
394 228
394 156
394 132
394 393
395 257
396 597
396 282
397 286
397 1018
397 7
397 171
397 345
397 657
398 602
398 58
398 25
399 53
400 749
401 99
401 582
402 118
404 332
405 732
405 420
405 467
405 73
405 728
406 427
406 633
406 1170
406 715
406 127
406 674
406 430
406 589
406 52
406 123
407 479
407 99
407 173
407 217
407 211
407 189
407 89
408 358
409 511
409 483
409 14
409 1512
409 98
409 171
409 61
409 618
411 196
411 318
411 405
412 276
412 634
413 283
413 124
415 328
416 215
416 509
416 1540
416 70
416 300
416 294
416 1160
416 710
417 1183
417 326
417 184
417 420
417 451
417 727
418 288
419 286
422 100
424 740
424 323
424 840
424 333
425 92
426 614
426 134
426 492
426 482
427 245
427 682
428 334
428 272
428 310
428 877
428 896
429 732
429 276
429 134
429 529
429 127
429 197
429 151
429 470
429 207
429 15
430 1375
430 165
432 288
432 249
432 237
433 435
434 975
435 196
435 2
435 226
435 386
435 640
435 246
435 257
435 208
435 191
435 174
435 250
436 1053
436 423
436 794
436 974
436 1028
436 219
436 50
436 715
437 692
437 214
437 204
437 794
437 482
437 606
438 148
440 1073
442 17
443 313
444 100
445 1129
447 300
447 435
447 133
448 896
448 271
449 1011
449 127
449 936
450 89
450 739
450 307
450 965
450 86
450 845
450 237
450 904
450 203
450 528
450 403
450 1152
450 602
450 220
450 152
451 322
452 86
452 609
452 461
452 64
452 164
453 790
453 33
453 471
453 67
454 423
454 326
454 143
454 79
454 121
455 1160
455 463
455 121
456 69
456 959
456 187
456 324
456 410
456 268
456 1019
456 357
457 699
457 485
457 182
457 727
457 483
457 584
457 14
458 286
458 234
458 169
458 469
458 8
459 274
459 121
460 302
463 237
465 257
465 8
465 190
467 1
468 192
468 174
468 246
469 641
469 127
470 508
472 1058
472 796
472 825
472 720
472 1139
472 1091
472 3
472 550
472 370
472 890
472 566
472 401
472 7
472 173
472 96
473 150
474 286
474 642
474 461
474 218
474 186
474 661
474 1009
474 608
474 1421
474 66
474 966
474 55
474 481
474 611
474 258
475 50
477 732
478 1048
478 151
478 124
479 727
479 209
479 248
479 22
479 168
479 238
479 523
480 12
480 863
480 96
481 505
482 245
484 15
484 274
484 176
486 251
486 25
487 24
487 195
487 176
487 658
487 746
487 686
487 392
487 588
487 1410
487 121
488 205
488 612
488 318
488 1050
489 308
489 751
489 315
489 1243
490 741
490 410
492 83
493 249
493 333
493 751
493 284
495 120
495 433
495 127
495 496
495 154
495 418
496 56
496 532
496 774
497 189
497 774
497 1210
497 172
497 240
497 946
497 741
497 395
498 14
498 98
498 517
500 559
500 39
500 72
500 56
501 13
501 696
502 687
503 216
503 185
503 223
503 318
503 190
503 488
503 100
503 615
504 846
504 620
504 196
504 629
504 699
504 755
504 485
504 330
504 1090
505 300
505 96
505 73
505 378
505 307
506 187
506 443
506 233
506 258
506 79
506 208
506 174
507 310
508 216
508 527
508 436
508 655
508 151
509 326
512 273
514 228
514 31
514 462
514 204
516 212
517 597
518 713
518 284
518 1047
519 874
519 680
521 179
521 655
522 521
522 48
523 72
523 269
523 934
524 14
524 898
524 127
524 646
524 474
524 471
524 216
524 660
524 613
524 1048
524 466
524 32
525 288
525 300
527 86
527 23
527 1149
528 298
528 83
528 31
529 258
530 172
532 1210
532 127
532 277
532 515
532 549
532 1594
532 1
532 452
532 216
532 87
532 318
532 427
532 329
532 864
533 20
533 44
533 181
533 177
533 1033
533 747
533 208
533 77
534 595
534 291
534 288
534 825
535 608
535 134
535 435
535 318
535 433
535 638
536 496
536 275
536 228
536 498
536 230
536 189
536 1063
536 141
537 258
537 694
537 187
537 100
537 641
538 144
538 50
538 496
538 318
539 202
540 333
540 596
540 1014
540 1048
540 475
541 941
541 79
541 699
542 496
542 479
542 127
542 432
542 772
543 207
543 462
543 576
545 82
545 101
545 210
545 175
547 312
548 657
548 257
548 532
550 271
551 96
551 310
551 317
551 11
551 924
551 603
551 28
551 1139
551 849
551 227
551 796
551 284
551 343
551 774
551 651
551 42
551 286
551 97
551 185
551 476
553 631
553 589
553 604
553 435
553 480
554 1046
555 489
555 111
555 13
555 120
556 286
556 192
556 427
556 523
557 166
559 587
559 863
560 268
560 653
560 483
561 343
561 89
561 652
561 611
561 173
561 174
562 727
562 197
562 50
564 472
565 855
566 318
566 582
566 20
566 705
566 70
566 203
567 134
567 654
567 203
567 474
567 1021
568 486
568 478
569 237
574 319
574 300
576 514
577 845
577 48
577 183
577 561
577 12
577 125
577 623
579 294
580 250
580 181
581 127
582 269
583 513
583 195
585 283
585 463
586 403
586 33
586 451
588 783
588 99
588 40
589 873
589 310
589 689
591 56
591 487
591 508
591 1111
592 189
592 1199
592 307
592 558
592 985
592 201
592 469
592 123
592 273
592 295
592 475
592 8
593 200
593 255
593 318
593 144
593 140
594 242
595 844
595 14
597 1152
597 688
598 323
598 350
599 846
600 651
600 530
601 382
601 210
601 91
601 168
601 241
601 284
602 121
603 250
603 326
605 12
605 64
605 371
605 294
605 1226
606 234
606 156
606 211
606 393
606 31
606 1518
606 619
606 257
608 127
608 462
608 131
608 487
608 1115
609 125
610 673
610 483
611 882
612 480
612 117
615 13
615 262
615 209
615 28
615 194
616 331
617 646
617 219
617 668
617 427
617 185
618 443
618 132
618 423
618 692
618 161
618 11
618 596
619 1016
619 241
620 432
620 94
620 121
620 181
621 7
621 735
621 455
621 686
621 561
622 431
622 380
622 157
623 50
623 451
624 411
624 405
624 282
627 434
627 237
627 792
627 511
627 797
627 684
628 361
629 147
630 535
632 510
632 99
632 705
632 96
632 97
632 419
633 82
634 129
634 302
634 127
636 25
637 1
638 515
638 265
638 385
639 19
639 661
639 212
640 1067
640 64
640 684
640 346
640 174
640 568
640 180
641 124
641 83
641 301
642 447
642 1028
642 725
642 2
642 121
642 407
642 723
642 921
642 395
642 596
642 411
643 508
643 154
643 656
643 673
644 293
644 1620
645 482
645 59
645 640
647 121
647 196
647 147
647 403
648 636
648 152
648 483
650 498
650 98
650 117
650 164
650 133
653 180
653 840
653 100
653 245
653 28
653 193
654 735
654 275
654 418
655 1639
655 942
655 216
655 1643
655 305
657 9
658 530
658 169
658 471
658 429
659 507
659 127
659 212
659 481
659 216
659 187
659 13
659 134
659 606
659 178
660 652
661 185
661 173
661 50
661 169
663 121
664 708
664 100
664 518
665 301
665 313
666 960
666 188
666 498
667 196
667 427
667 131
667 9
667 285
667 357
668 286
668 993
668 13
668 896
669 300
670 519
670 484
671 233
671 82
672 25
673 79
673 340
674 866
674 282
675 303
676 845
676 354
676 316
677 294
677 1
678 300
679 357
679 73
680 151
681 292
682 657
682 765
682 628
682 399
682 39
683 272
683 22
684 181
684 168
684 66
684 204
686 204
686 178
686 48
686 205
686 317
687 288
688 754
692 238
693 318
694 195
694 118
694 489
694 176
696 1062
697 242
697 369
697 301
698 512
698 434
699 270
699 10
701 100
701 326
702 258
703 7
703 15
704 135
705 685
707 162
707 531
707 902
707 799
707 732
707 319
707 305
707 302
708 125
709 833
709 117
709 318
709 554
710 200
711 203
711 694
711 137
711 496
711 306
711 49
711 200
711 724
711 707
712 1053
712 50
712 96
712 72
712 97
712 732
712 1469
713 272
715 168
715 410
715 249
715 713
715 735
715 193
715 176
715 172
716 52
716 630
716 1101
716 735
716 495
716 58
717 302
717 281
719 510
720 302
721 172
721 1039
721 97
721 51
721 328
721 684
722 25
722 471
722 237
727 434
727 739
727 259
727 69
727 748
727 169
728 117
730 298
733 1067
737 127
737 173
738 169
738 919
739 526
740 242
741 357
741 283
741 1041
741 403
743 748
746 385
747 262
747 127
747 265
747 923
747 302
747 32
747 509
747 580
747 1203
748 654
748 427
748 633
748 514
749 68
749 22
749 82
749 86
749 472
751 418
751 82
751 480
751 708
751 603
751 21
752 332
752 358
752 331
752 683
753 304
753 199
754 291
756 178
757 228
757 97
757 205
757 198
757 96
757 1073
758 12
758 657
758 258
758 135
758 1159
758 181
758 26
759 257
761 181
761 288
761 117
763 5
763 135
763 1039
764 255
764 286
764 9
764 14
764 588
764 597
765 170
765 1009
766 52
766 968
767 659
767 1121
767 506
768 121
768 237
768 300
769 121
770 477
771 237
771 86
771 251
771 289
771 137
771 8
772 302
773 958
773 239
773 531
773 185
773 1555
774 219
774 431
775 315
776 200
776 679
776 559
776 135
776 509
777 204
777 42
778 11
779 111
780 216
780 164
780 510
780 186
780 498
781 204
781 223
782 1038
782 348
783 343
783 887
784 300
785 168
786 71
786 200
787 326
787 268
788 744
790 15
790 183
790 241
790 739
790 117
791 50
793 127
794 238
795 201
796 405
796 315
796 181
796 71
796 546
796 1036
796 12
796 815
796 869
798 1446
798 826
798 2
798 705
799 45
799 292
799 127
801 300
801 307
802 567
802 184
802 294
804 227
804 291
804 24
804 235
804 984
804 132
804 969
804 520
804 161
805 151
805 433
805 33
805 7
805 519
805 501
805 522
805 420
805 665
806 216
806 433
806 180
806 273
806 175
806 249
806 856
806 186
807 451
807 144
807 298
807 432
808 333
808 750
808 264
812 332
812 873
815 417
815 87
815 214
815 969
815 190
815 69
815 204
816 349
817 24
818 258
821 151
821 707
821 71
821 180
823 410
823 134
823 186
823 191
823 732
823 655
823 17
823 404
823 56
823 425
825 243
825 823
826 172
826 849
826 181
826 678
826 229
826 309
826 399
828 14
828 45
828 512
829 1
829 1121
830 161
830 568
830 202
830 127
831 1
831 31
831 56
833 1386
833 1017
834 276
834 744
835 131
835 237
835 174
836 216
836 663
837 289
837 151
838 487
838 7
840 521
840 1674
840 435
840 56
840 432
840 496
841 331
841 270
841 306
842 1395
842 324
842 902
843 271
844 24
844 151
846 489
846 4
846 601
846 487
846 404
846 191
846 414
846 96
846 550
846 193
846 202
847 183
847 222
847 181
848 186
848 209
849 133
849 588
850 480
851 826
851 912
851 346
851 182
852 127
854 42
854 222
854 180
854 238
859 846
860 283
860 508
861 584
861 289
862 250
862 1117
862 216
862 210
862 505
862 202
862 423
863 315
863 344
864 217
864 466
864 151
864 100
864 95
864 405
864 24
864 153
864 625
865 294
867 748
867 89
868 98
868 81
868 382
868 854
869 151
870 286
870 654
870 603
870 100
870 7
870 272
870 568
870 134
870 169
871 202
871 161
872 313
872 111
872 363
872 815
872 405
875 582
875 23
875 496
876 529
876 435
877 451
877 197
877 228
878 481
878 202
879 50
880 1134
880 315
880 591
880 357
880 124
880 550
880 176
880 23
880 346
880 693
880 294
880 246
880 316
881 568
881 357
881 1
881 71
881 663
881 528
881 561
882 291
882 1444
882 11
882 118
882 7
882 176
882 71
882 143
883 79
883 752
883 517
883 270
883 408
883 24
883 229
883 154
883 856
883 553
884 582
885 174
885 161
885 25
886 1
886 581
886 71
886 318
886 150
886 64
886 762
886 425
886 833
887 118
887 50
887 7
887 368
887 501
888 202
889 470
889 12
889 204
889 741
889 462
890 127
890 173
890 427
891 286
892 117
892 515
892 68
892 50
892 12
893 96
893 172
893 531
894 344
894 1048
894 50
894 245
894 847
894 331
894 328
894 319
896 79
896 157
896 89
896 87
896 176
897 760
897 77
897 186
897 1028
897 143
897 88
897 378
898 272
898 302
898 309
899 111
899 663
899 265
899 496
899 117
901 117
901 216
901 988
901 210
901 756
901 35
901 95
901 465
903 186
903 318
903 223
903 56
903 196
903 91
904 216
904 97
905 300
906 321
906 408
907 333
907 284
907 1051
907 472
907 245
909 1121
910 117
911 709
911 228
911 87
911 655
911 197
912 357
912 14
913 318
913 202
913 173
913 655
916 1011
916 56
916 92
916 461
916 530
919 272
919 174
919 1014
919 217
921 692
922 181
922 11
922 258
922 380
923 276
923 257
927 755
927 928
928 9
928 172
928 268
929 205
929 474
930 269
931 293
931 312
931 181
932 459
932 968
932 811
932 430
932 523
932 479
933 746
933 654
933 144
934 303
934 193
934 168
934 384
934 405
934 239
934 199
935 313
935 300
936 251
936 1068
936 14
936 1171
936 1129
938 258
938 458
938 151
939 993
939 717
939 298
940 170
940 430
940 471
941 993
942 282
942 71
942 210
943 219
943 614
943 1074
1 212
1 156
1 230
1 124
1 127
1 185
1 256
1 193
1 51
2 1
2 292
3 347
4 359
4 357
5 89
5 174
6 530
6 223
6 410
6 98
6 183
6 191
6 469
6 133
6 165
7 513
7 603
7 200
7 683
7 574
7 378
7 211
7 507
7 450
7 172
7 71
7 216
7 443
8 188
8 241
9 340
10 178
10 656
10 223
10 283
10 32
11 241
12 242
13 685
13 362
13 292
13 414
13 621
13 180
13 202
13 748
13 762
13 492
13 303
13 233
13 226
13 585
13 467
13 477
13 154
13 272
13 160
13 118
14 603
15 310
15 301
15 476
16 161
16 98
16 64
18 660
18 432
18 242
18 169
18 286
18 639
18 965
18 962
18 414
18 180
18 210
18 604
20 243
20 22
21 637
21 325
22 523
22 228
22 511
22 712
23 173
23 512
23 224
23 172
23 961
23 250
23 89
24 176
24 258
24 97
24 153
24 98
24 56
25 208
25 8
25 23
26 304
26 276
26 300
28 185
29 180
29 332
29 182
33 323
34 292
36 748
37 210
38 419
38 681
38 768
38 1031
38 384
38 28
39 313
39 269
41 56
41 430
41 174
42 172
42 151
42 237
42 196
42 183
42 77
42 121
42 402
42 1028
42 1
42 845
43 50
43 300
43 211
43 210
43 318
43 568
43 284
43 732
43 12
43 393
44 257
44 22
44 144
44 208
44 423
44 204
44 1058
45 237
46 181
46 305
47 292
47 258
47 306
48 191
48 50
49 179
49 57
49 56
49 320
52 1085
52 275
52 427
52 741
52 191
53 96
54 147
54 327
54 405
54 288
56 184
56 56
56 25
56 433
56 44
56 71
57 7
57 282
58 313
58 955
59 147
59 963
59 131
59 527
59 210
59 724
59 99
59 69
59 367
59 197
59 215
59 83
59 14
59 1005
59 615
59 174
59 713
59 825
59 549
59 98
59 762
59 510
60 482
60 60
60 810
60 15
60 216
60 366
60 659
60 194
62 191
62 114
62 298
62 13
62 190
62 12
63 475
63 109
64 228
64 176
64 184
64 655
64 527
64 313
64 705
64 157
65 806
65 1129
66 281
67 64
67 743
68 286
68 181
69 321
70 189
70 173
70 451
72 51
72 182
72 972
72 553
72 684
72 45
72 844
72 212
72 628
73 480
73 59
74 121
77 484
77 641
77 474
77 518
78 301
79 763
79 124
79 116
80 466
82 276
82 199
82 111
83 186
83 216
83 546
83 409
83 768
84 95
84 523
84 529
85 204
85 449
85 14
85 654
85 647
86 259
87 229
87 318
87 502
87 96
87 22
87 179
87 27
87 1016
87 144
89 111
89 283
90 270
90 30
90 471
90 1125
90 156
90 511
90 482
90 135
90 301
91 603
91 750
92 411
92 737
92 174
92 660
92 268
92 135
94 433
94 193
94 464
94 509
94 436
94 692
94 1211
94 58
94 1007
94 715
94 186
94 338
94 1135
94 390
94 91
94 690
94 518
95 655
95 174
95 22
95 102
95 683
95 532
95 64
95 507
96 265
97 429
97 174
99 1016
99 4
99 508
99 290
99 367
99 237
100 1235
100 752
101 742
106 191
106 703
108 718
109 121
109 144
109 70
110 315
110 939
110 94
110 258
112 312
112 888
112 331
113 273
113 268
115 192
115 176
115 282
116 479
116 346
117 144
117 50
117 1012
117 176
117 678
118 427
118 654
118 475
119 322
119 87
119 271
119 1086
119 210
119 100
119 982
119 546
119 64
119 313
119 288
119 405
120 742
120 1
120 282
121 742
121 631
122 1045
122 513
124 98
125 710
125 205
125 210
125 756
125 172
125 435
125 945
126 881
127 62
128 204
128 588
128 1039
128 209
128 462
128 490
130 672
130 44
130 118
130 271
130 215
130 228
130 449
130 420
130 24
130 305
130 143
130 246
130 1
130 1231
130 496
130 123
130 218
130 12
130 1136
131 1281
131 14
131 744
134 338
135 642
136 56
137 385
138 117
138 318
138 474
139 303
139 475
141 825
141 274
141 1028
141 866
141 258
142 333
142 82
143 326
144 172
144 8
144 785
144 197
144 237
145 684
145 42
145 591
145 183
145 258
145 949
145 12
145 354
145 150
145 685
145 182
146 331
146 1022
146 319
147 292
147 898
147 301
148 473
148 588
148 172
148 135
149 896
150 14
151 51
151 172
151 729
151 133
151 50
151 489
151 837
151 181
151 114
151 582
151 69
151 1264
152 220
152 67
152 191
152 504
153 568
154 515
154 474
154 527
157 137
158 96
158 1098
158 11
158 568
158 163
158 518
158 129
158 100
159 1190
159 96
160 192
160 201
160 285
160 250
160 23
162 222
163 56
164 597
164 984
164 299
164 826
165 258
167 237
168 258
169 50
170 245
173 874
174 65
174 202
174 87
174 40
174 823
174 393
174 781
174 722
174 126
175 12
175 98
176 272
177 23
178 385
178 993
178 271
178 809
178 1258
178 751
180 69
181 121
181 591
181 220
183 405
183 241
184 286
184 478
185 181
185 514
185 111
185 690
185 216
185 237
186 226
187 191
187 210
187 23
188 628
188 153
188 127
189 656
189 638
189 479
189 97
189 204
193 347
193 301
194 655
194 192
194 521
195 234
195 387
197 161
197 89
197 511
197 449
198 137
198 526
198 318
198 191
198 182
198 660
198 96
198 217
199 7
200 429
200 96
200 258
200 380
200 88
200 578
200 91
200 79
200 423
200 420
200 28
200 98
200 527
201 447
201 176
201 172
201 188
201 58
201 405
201 200
203 283
203 150
205 315
206 896
206 310
207 609
207 56
207 273
207 515
207 655
207 191
207 754
207 526
208 371
210 315
210 380
210 435
212 511
212 423
213 455
213 715
213 175
213 170
213 627
213 678
214 32
214 92
214 327
214 132
215 181
216 218
216 298
216 188
216 628
216 56
217 210
217 679
217 22
218 466
219 936
219 215
219 855
219 258
221 27
221 298
221 215
221 695
221 129
222 549
222 168
222 1042
222 100
222 82
222 271
222 185
222 173
222 423
222 209
223 546
223 333
225 64
226 408
226 480
226 28
227 116
230 79
230 291
230 739
230 499
230 239
230 969
230 234
230 100
230 650
230 71
231 846
231 471
232 690
233 276
233 257
233 191
234 558
234 611
234 520
234 501
234 610
235 512
235 153
235 194
235 429
237 525
237 494
237 134
237 656
238 471
238 298
239 558
239 39
239 462
239 183
239 509
239 633
239 150
240 269
241 288
242 1357
242 237
244 1017
244 1039
244 324
244 180
244 708
244 381
244 886
244 629
246 895
247 251
248 194
248 168
248 405
248 249
248 96
249 471
250 69
250 754
250 357
250 244
250 89
251 132
251 125
251 300
251 1
251 185
253 64
253 588
253 237
253 15
253 465
254 229
254 50
254 64
255 147
256 728
256 554
256 51
256 778
256 452
256 769
256 1289
256 765
256 742
257 1137
258 300
258 332
259 117
259 1135
261 340
261 243
261 288
262 655
262 923
263 97
263 662
263 622
263 602
263 183
263 515
263 87
263 168
264 451
264 433
264 168
265 742
265 100
266 272
267 789
267 183
267 65
268 288
268 227
268 56
268 7
268 713
268 583
268 182
269 631
269 432
269 582
269 602
269 268
269 425
270 672
270 402
270 60
270 558
270 872
271 238
271 190
271 697
271 661
271 462
271 179
271 498
271 224
272 200
272 178
272 1101
272 210
272 69
272 654
272 651
273 268
274 200
274 181
274 258
274 628
275 300
275 181
275 265
275 174
276 1129
276 192
276 58
276 346
276 188
276 144
276 284
276 526
276 746
276 71
276 693
277 9
278 288
279 61
279 789
279 797
279 1485
279 778
279 173
279 502
279 105
279 514
279 413
279 100
279 482
279 429
280 135
280 663
280 451
280 483
280 235
282 268
283 24
284 302
285 183
285 902
285 222
286 132
286 1101
286 55
286 191
286 235
286 125
286 741
286 99
286 298
286 881
286 330
286 143
286 272
287 1016
287 313
288 340
288 12
290 202
290 183
290 71
291 77
291 67
291 404
291 943
291 92
291 772
291 172
291 294
291 631
291 741
292 228
292 181
292 127
292 1010
292 151
293 474
293 185
293 484
293 71
293 98
294 1007
294 123
294 271
294 269
295 105
295 238
295 951
295 1135
295 417
295 79
295 624
295 204
295 965
295 137
295 172
296 20
296 1160
296 628
296 504
297 269
297 301
298 284
298 842
298 208
298 23
298 252
298 483
299 302
299 606
299 692
299 298
299 129
300 322
301 33
301 294
301 425
301 527
301 258
303 219
303 98
303 257
303 658
303 1021
303 294
303 269
303 202
303 673
303 813
303 404
303 475
305 166
305 207
305 160
306 1514
307 708
307 91
307 164
307 56
308 213
308 160
308 135
308 134
308 806
308 47
308 209
308 42
308 463
308 185
308 481
308 479
308 663
308 968
308 48
309 319
309 326
311 655
311 371
311 941
311 39
311 72
311 141
311 176
311 204
312 692
312 588
312 863
312 133
312 97
312 684
313 566
313 568
313 484
313 659
313 187
313 226
313 193
314 328
314 588
314 692
314 1150
314 1253
314 597
315 428
315 100
318 174
318 197
318 531
318 326
318 285
318 809
320 291
320 274
320 185
320 38
320 147
320 849
321 611
322 179
322 33
323 98
323 79
323 273
323 651
324 340
324 125
325 521
325 527
325 517
325 205
326 491
326 615
326 173
326 483
326 474
327 381
327 659
327 865
327 99
327 92
327 191
327 150
328 7
328 729
328 651
328 144
329 303
330 470
330 21
330 732
330 963
330 501
330 99
330 729
330 763
330 739
330 216
331 1101
331 22
331 238
332 451
332 300
332 195
332 148
332 230
332 82
333 98
333 186
334 640
334 510
334 10
334 1073
334 204
334 675
334 11
334 663
334 91
334 856
336 186
336 4
336 257
337 636
337 371
338 1124
338 514
338 427
339 631
339 475
339 770
339 431
339 655
339 240
341 288
342 175
342 367
342 143
342 482
342 428
343 53
343 435
343 286
343 193
343 90
343 223
343 229
343 58
343 786
343 606
343 147
343 499
344 196
344 1007
344 537
345 762
345 100
345 367
345 732
345 405
346 318
346 188
346 203
346 684
347 742
348 107
348 25
348 111
349 15
350 480
350 603
351 307
352 182
352 176
354 652
354 1137
354 308
354 170
356 1294
357 118
357 24
357 237
358 584
359 930
360 735
360 304
360 423
361 50
361 190
362 258
362 312
363 385
363 173
363 8
363 189
363 657
363 372
364 325
365 151
367 184
367 250
367 200
369 50
371 204
372 635
373 275
373 735
373 633
373 191
373 189
373 230
373 169
374 975
374 550
374 735
374 872
374 117
374 1101
374 467
377 7
378 1
378 258
378 939
378 655
379 654
379 192
379 100
379 443
379 52
379 529
379 686
380 183
380 89
381 480
381 582
381 1119
382 56
383 200
383 321
383 316
383 180
385 1499
385 1367
385 160
385 173
385 325
387 47
387 293
387 183
387 461
387 173
387 265
387 447
388 288
388 117
388 184
388 53
389 610
389 517
389 47
389 23
389 1204
389 50
389 954
389 211
389 124
389 684
389 65
389 485
391 696
391 48
391 56
391 435
392 515
392 127
392 657
392 347
393 259
393 79
393 332
393 204
393 366
393 1531
393 497
393 126
394 56
394 294
394 559
395 750
395 181
395 215
398 520
398 124
398 654
398 28
398 633
398 484
399 188
399 241
399 289
399 186
401 25
401 198
402 479
402 1101
402 275
403 864
403 866
403 121
405 710
405 94
405 1053
405 191
405 288
405 1554
405 143
405 397
405 658
406 436
406 631
406 825
406 235
406 582
406 496
406 48
406 357
407 238
407 210
407 209
407 180
407 1
407 201
407 432
407 729
409 203
409 195
409 59
409 89
409 214
409 527
410 316
410 905
411 651
411 770
411 568
411 1197
412 724
412 480
412 135
412 193
416 291
416 204
416 284
416 153
416 821
416 134
416 742
416 535
416 765
416 1516
416 425
416 746
416 172
416 476
416 1217
416 96
416 28
416 576
417 433
417 246
417 421
417 513
417 209
418 258
419 69
419 488
419 181
419 617
419 275
421 89
421 466
422 126
422 50
422 854
422 1017
425 357
425 156
425 50
425 334
425 288
425 33
426 205
426 659
426 605
426 133
427 258
428 350
429 195
429 157
429 484
429 403
429 248
429 219
429 168
430 297
431 538
431 286
433 137
433 59
434 220
434 411
434 928
435 188
435 684
435 168
435 50
435 172
435 1103
435 1039
435 10
436 763
436 928
436 869
436 433
436 454
437 172
437 378
437 77
437 1007
437 153
437 50
437 485
437 480
437 401
437 499
437 135
437 179
437 170
438 815
439 93
442 64
442 172
447 148
447 156
447 223
448 344
449 60
449 15
450 169
450 181
450 305
450 70
450 968
450 205
450 481
450 837
450 167
450 500
451 301
452 154
452 89
452 76
452 945
452 423
452 213
452 191
452 515
453 156
453 7
453 188
454 118
454 144
454 270
454 751
455 147
456 216
456 68
456 1008
457 183
457 200
457 9
457 403
457 204
457 275
457 450
457 69
457 472
457 132
457 770
457 527
457 223
458 134
458 939
458 12
458 79
458 287
458 129
459 8
459 322
459 278
459 271
460 224
462 289
462 332
462 682
463 151
463 116
463 311
463 508
464 326
464 269
464 510
465 286
467 269
468 204
468 89
468 612
468 1
468 318
468 498
470 742
470 824
470 125
470 221
471 82
471 95
472 193
472 658
472 183
472 28
472 895
472 288
472 222
472 118
473 276
473 293
473 285
474 14
474 735
474 549
474 89
474 132
474 463
474 478
474 419
474 12
474 25
474 192
474 180
474 150
476 300
476 710
476 765
476 781
477 794
478 276
478 393
478 762
478 288
478 143
478 1101
478 98
479 480
479 137
479 185
479 511
479 198
479 95
480 257
480 8
480 234
480 642
481 211
482 294
484 88
484 89
484 926
484 172
484 50
484 560
484 463
484 168
486 181
486 303
487 378
487 684
487 393
487 356
487 293
487 27
487 69
488 633
488 234
488 754
488 210
488 491
488 496
491 285
493 273
493 483
493 1278
493 597
494 98
494 300
494 294
494 183
494 126
495 573
495 655
495 282
495 235
495 1110
495 432
496 10
497 249
497 50
497 118
497 265
497 187
497 273
498 337
499 98
499 525
499 272
500 216
500 196
500 9
500 462
501 922
503 174
503 233
504 479
504 210
504 385
504 416
504 716
504 382
504 402
504 215
504 961
505 199
505 468
505 604
506 663
506 603
506 1016
506 550
506 28
507 315
508 511
508 228
508 185
508 176
511 271
511 294
512 23
514 152
514 47
514 265
514 4
515 313
516 181
518 121
518 628
520 289
521 226
522 173
522 654
523 435
523 1195
523 533
523 257
523 116
523 638
523 954
523 213
524 208
524 483
525 1315
525 596
526 100
526 127
526 845
527 646
527 513
527 499
527 640
527 285
527 963
527 134
527 153
527 651
528 58
529 294
530 255
531 329
532 526
532 420
532 1189
532 591
532 554
532 227
533 242
533 143
533 236
533 1142
533 87
534 129
534 546
534 333
534 742
535 614
535 492
535 923
535 71
535 607
535 1166
535 1101
535 210
535 488
535 727
536 386
536 493
536 181
536 132
536 2
536 378
536 720
536 215
536 172
537 518
537 262
537 192
537 493
537 475
537 283
537 494
537 137
538 216
538 963
538 100
538 97
539 382
540 1016
540 1011
541 66
541 543
541 378
541 420
541 477
541 257
542 435
542 48
542 357
542 172
543 8
543 508
543 357
543 302
543 692
543 176
543 936
545 944
545 233
545 254
545 218
546 379
546 234
546 898
548 121
548 603
548 181
548 405
549 100
549 258
549 288
550 15
550 288
551 238
551 1136
551 748
551 157
551 193
551 825
551 118
551 92
551 587
551 1047
551 596
551 273
551 233
551 673
551 566
551 357
552 301
552 126
553 98
553 265
553 191
553 498
553 23
554 58
554 202
554 174
554 864
554 95
555 129
555 195
555 340
556 481
556 64
557 300
558 253
559 210
560 498
560 423
560 1405
561 197
561 70
561 956
561 443
561 86
561 196
562 98
562 73
563 70
563 321
564 289
564 597
564 181
565 971
565 166
565 190
566 156
566 265
566 684
567 675
567 490
567 479
567 168
568 494
569 25
569 124
569 276
569 321
570 302
571 357
573 144
576 280
576 100
577 595
577 191
577 111
577 939
577 87
577 100
577 663
577 403
577 110
577 216
578 298
579 66
579 393
579 258
580 294
582 7
583 286
583 519
584 423
585 652
586 29
586 68
586 96
587 343
587 286
587 340
588 553
588 1
588 133
588 173
588 318
588 1091
588 50
590 1331
590 150
591 79
591 238
591 286
592 14
592 157
592 844
592 283
592 250
592 147
592 271
592 122
592 1129
592 70
592 357
592 32
592 789
593 747
594 222
595 346
596 288
599 1
599 237
600 241
600 183
600 511
601 1615
601 504
601 318
601 135
603 89
604 447
605 260
605 340
606 939
606 195
606 477
606 713
606 928
606 22
606 651
606 333
606 963
606 326
607 475
607 86
608 190
608 286
608 332
608 483
610 187
611 315
613 89
613 530
614 276
614 255
614 1
615 435
615 629
615 215
616 322
616 269
619 313
619 181
619 233
619 79
620 969
621 625
621 804
621 180
622 4
622 173
622 190
622 184
622 135
622 2
622 132
623 210
623 216
624 762
624 258
624 333
624 246
624 313
624 310
624 544
625 751
625 483
625 169
627 518
627 184
627 690
627 135
629 202
629 64
629 284
629 332
629 658
630 96
630 118
632 651
632 679
632 50
632 132
633 318
633 1046
634 313
634 269
634 117
635 1
636 740
636 121
638 523
638 211
638 204
639 275
639 178
639 707
639 1193
640 233
640 168
641 1039
641 427
642 173
642 50
642 794
642 731
642 172
642 585
642 383
642 384
642 249
642 402
642 71
643 79
643 268
643 367
645 180
645 433
645 357
645 65
645 70
647 231
647 993
647 631
648 145
648 527
648 928
648 429
648 234
648 67
648 118
648 497
648 121
648 226
648 111
648 603
648 199
649 298
649 282
650 173
650 50
650 198
650 480
650 208
653 318
653 156
653 265
653 186
653 521
653 746
653 328
653 87
654 591
654 739
654 238
654 28
654 597
654 317
654 116
655 89
655 275
655 313
655 213
655 137
655 262
655 344
655 46
655 483
658 45
658 42
659 345
659 664
659 431
659 502
660 91
660 191
660 210
661 427
663 544
663 332
664 462
664 174
664 71
664 210
664 1109
664 529
665 748
665 240
665 196
665 183
665 456
665 660
666 792
666 319
666 169
666 707
666 1045
666 175
666 496
666 23
671 241
671 96
673 313
673 294
673 344
674 25
676 294
677 322
677 742
677 245
678 111
678 7
680 195
680 150
680 515
682 572
682 585
682 559
682 1
683 316
684 118
684 520
684 178
684 73
684 215
686 357
686 654
686 521
689 471
689 109
690 393
691 50
692 410
693 357
693 144
693 195
693 53
694 183
694 199
694 121
694 196
694 161
694 203
694 657
694 229
694 200
697 126
697 273
697 9
697 326
697 181
697 276
697 50
698 515
698 705
698 385
698 478
698 132
699 285
699 1011
700 318
701 285
703 127
703 123
704 657
704 493
704 89
705 797
708 1117
708 284
708 471
708 126
708 751
709 5
710 302
710 496
711 1466
711 193
711 258
711 98
711 191
711 420
711 747
712 1221
712 941
712 1503
712 812
715 298
715 939
715 1
716 211
716 473
716 367
716 1020
716 465
716 95
716 121
717 300
717 313
717 237
717 301
717 472
720 268
721 8
721 284
721 196
726 832
726 294
727 195
727 178
727 879
727 588
727 282
727 271
727 94
730 748
730 1012
733 1132
734 202
734 496
735 275
735 298
736 993
737 357
737 32
738 195
738 747
739 498
739 97
739 22
739 195
741 480
741 134
742 591
744 657
746 204
747 176
747 185
747 187
747 108
747 69
747 736
747 116
747 419
747 134
747 418
748 408
748 189
748 56
748 1
748 96
749 202
749 511
749 586
749 273
749 595
749 837
749 127
750 288
751 173
751 434
751 497
751 168
752 269
752 589
756 402
757 168
758 316
758 922
758 587
758 211
758 196
758 163
758 270
758 24
758 508
758 529
758 1143
758 204
758 607
759 294
761 50
763 418
763 730
763 588
763 162
763 518
764 98
764 11
764 866
764 1
764 864
764 946
764 692
765 42
765 522
766 604
766 434
768 275
768 117
770 295
771 258
771 1
772 307
773 1367
773 23
773 98
773 154
775 300
775 344
776 238
776 603
776 5
776 184
777 205
777 1
777 692
778 200
779 225
779 71
779 328
779 15
780 199
780 339
780 275
781 195
781 64
781 127
781 523
781 1500
782 292
782 1664
782 258
782 316
783 345
784 751
785 301
785 174
786 183
786 405
786 196
786 501
786 419
787 749
788 589
788 614
788 520
788 318
789 1007
790 550
790 284
790 470
790 949
790 1446
790 144
792 147
792 1015
793 181
793 50
794 14
795 640
795 431
795 100
795 10
795 152
795 234
795 117
796 484
796 15
796 720
796 692
796 155
796 2
797 50
797 181
798 274
798 805
798 121
799 173
800 15
800 742
800 25
801 301
801 332
802 323
802 299
802 7
803 321
804 239
804 436
804 763
804 928
804 202
804 69
804 290
804 797
804 97
804 615
805 998
805 451
805 709
805 1014
805 150
805 83
805 346
805 47
806 12
806 200
807 748
807 541
807 842
807 602
807 210
807 118
807 172
807 1066
808 245
811 258
811 301
811 988
813 270
815 659
815 432
815 98
815 529
815 402
816 309
816 343
816 294
818 271
819 345
820 313
821 237
821 459
822 1
823 1
823 606
823 174
823 708
825 148
825 748
825 98
825 1034
825 258
826 241
826 313
826 510
826 226
828 61
828 19
829 129
830 226
830 88
830 474
830 313
830 69
831 204
833 200
833 483
833 1143
833 218
834 127
834 316
835 285
835 488
835 654
835 610
835 484
837 294
837 20
837 275
838 191
838 1115
838 249
838 128
840 607
840 238
840 127
840 157
840 419
840 705
840 183
841 300
842 340
843 250
843 179
844 553
844 241
844 1474
846 518
846 554
846 642
846 552
846 715
846 265
847 98
847 372
847 172
848 181
848 945
848 431
848 88
850 69
851 690
851 302
851 553
852 235
852 181
854 153
854 606
854 273
854 185
854 318
857 14
860 56
862 467
862 182
863 321
864 735
864 660
864 663
864 238
864 566
864 114
864 50
864 223
864 157
864 227
864 288
865 169
865 547
867 328
867 295
867 651
867 188
868 61
868 209
868 136
869 100
869 50
870 171
870 505
870 1
870 589
870 479
870 713
870 772
871 177
871 173
872 476
872 895
874 289
874 124
874 302
874 305
875 185
875 96
875 707
875 963
875 514
875 169
875 12
876 527
877 258
877 584
877 744
877 748
878 9
878 269
878 99
878 191
878 794
878 692
879 1
880 218
880 137
880 655
880 1446
880 657
880 140
880 948
881 199
881 393
881 51
881 118
881 530
882 28
882 210
882 79
882 181
882 405
882 203
883 72
883 61
883 241
883 311
883 224
883 1656
884 116
884 921
885 739
885 419
886 7
886 1048
887 121
887 24
889 455
889 178
889 423
889 747
889 154
889 187
889 258
889 265
889 866
889 86
890 514
890 7
890 474
891 409
891 742
892 684
892 578
892 222
892 191
892 174
892 184
892 478
892 480
892 192
892 300
892 177
892 661
892 180
892 151
894 275
894 1150
894 558
894 277
894 1009
894 311
896 770
896 136
896 527
896 153
896 310
896 229
896 143
896 496
897 673
897 33
899 483
899 66
899 367
899 291
899 258
901 257
901 155
901 662
901 1620
901 391
901 1035
901 435
901 405
902 300
903 25
903 276
903 179
903 12
904 111
904 155
904 274
907 427
907 763
907 88
907 282
907 317
907 117
907 287
907 237
908 419
908 484
909 275
909 224
910 313
910 684
911 183
911 151
911 203
911 443
911 465
911 969
911 143
912 143
912 498
913 127
913 478
913 269
914 402
915 691
916 150
916 156
916 86
916 276
916 484
916 174
916 39
916 650
916 168
917 282
918 213
918 507
918 428
919 325
919 323
919 419
921 1016
922 143
922 290
923 168
923 831
923 181
923 411
923 926
924 216
924 1478
924 6
925 323
926 315
926 269
927 402
927 294
928 134
930 244
930 126
931 300
932 863
932 475
932 136
932 709
932 1205
932 1266
932 805
932 203
933 22
934 97
934 70
934 228
934 1449
934 204
935 471
935 405
935 815
935 274
936 1007
936 250
936 1199
936 1008
937 9
937 295
938 864
938 476
938 762
939 275
939 1054
940 173
941 300
942 514
942 310
942 215
942 414
942 300
943 763
943 11
943 117
943 508
943 721
943 188
3 318
4 11
14 474
29 189
34 990
50 123
77 527
78 1160
81 79
99 196
101 125
106 495
112 328
122 661
125 648
131 845
141 15
147 345
152 410
154 211
155 321
156 317
176 273
183 227
196 428
198 511
199 116
207 318
219 664
221 250
222 393
255 185
263 434
267 250
277 742
279 1288
300 948
339 1244
355 300
356 272
357 274
362 302
363 128
366 447
383 603
384 272
393 1049
394 181
399 140
430 181
431 303
433 194
446 321
454 520
456 1324
486 1202
498 127
499 208
509 181
528 479
532 468
556 482
558 269
573 178
576 204
578 300
592 418
595 15
630 411
636 235
665 315
675 305
677 1245
681 1176
682 366
684 48
687 319
690 523
715 237
719 392
726 274
741 673
754 459
768 100
778 42
783 300
805 93
819 381
828 327
830 49
831 250
836 357
846 133
850 96
852 290
855 529
857 116
859 410
864 127
873 300
878 111
886 228
889 603
