6
18
20
30
43
40
41
67
80
110
105
112
120
140
155
167
219
254
279
262
295
341
351
350
348
335
330
329
373
374
369
355
364
361
363
415
412
400
407
390
441
444
426
422
469
457
454
503
481
557
552
567
561
573
571
522
533
532
540
543
536
539
610
623
620
621
627
624
630
629
635
638
579
583
587
589
590
593
605
686
683
680
672
702
703
653
650
646
641
643
670
738
761
766
767
764
754
752
753
717
728
731
734
722
725
821
820
823
816
819
829
828
825
824
805
801
802
810
790
786
795
772
773
783
882
884
865
867
869
850
848
853
863
834
837
956
958
952
953
951
944
946
941
938
932
935
934
930
926
918
909
906
901
1017
1010
1001
1005
1004
998
988
978
971
975
974
973
972
967
966
964
1100
1098
1099
1093
1095
1089
1117
1116
1119
1109
1111
1110
1133
1129
1124
1125
1122
1121
1149
1147
