3
21
40
41
46
49
63
61
74
80
110
139
138
141
140
142
253
244
279
256
263
261
267
309
308
299
339
337
350
348
344
320
330
373
383
379
364
365
363
415
412
413
407
394
396
391
389
441
426
416
420
456
500
557
553
567
565
560
575
574
573
571
522
533
534
542
537
618
619
634
639
638
577
580
583
590
601
687
683
680
674
702
703
691
688
649
645
665
745
752
753
706
730
731
733
734
722
821
823
817
819
828
824
804
807
815
790
786
796
774
775
773
769
779
885
890
867
869
871
876
877
878
850
833
836
837
842
954
950
951
944
941
940
937
932
929
931
930
914
915
909
905
904
901
899
898
1018
1022
1013
1000
1007
999
990
991
988
978
982
980
971
975
961
1097
1093
1089
1091
1116
1113
1108
1111
1105
1104
1107
1134
1133
1129
1126
1127
1125
1120
1147
1141
1033
1038
1025
1048
1053
1052
1042
1044
1047
1066
