1 150
1 45
1 81
1 6
1 198
1 224
1 7
2 282
2 276
3 346
4 327
5 169
5 109
5 135
5 390
5 228
6 64
6 527
6 169
6 519
6 427
6 510
6 485
6 221
6 195
6 177
7 428
7 587
7 7
7 205
7 523
7 79
7 86
7 386
7 382
7 552
7 379
8 301
8 172
10 610
10 582
10 275
10 168
10 498
10 134
10 137
10 12
10 22
10 334
10 321
11 291
11 508
11 332
11 213
11 393
11 79
12 195
12 328
12 143
12 96
12 161
13 675
13 8
13 874
13 181
13 223
13 42
13 612
13 837
13 285
13 432
13 360
13 48
14 222
14 23
14 430
14 285
14 210
14 191
16 467
16 939
18 83
18 283
18 496
18 493
18 317
18 515
18 960
18 735
18 71
18 211
18 209
19 4
20 210
20 742
21 1
21 298
22 62
22 209
22 172
23 171
23 527
24 1007
24 286
25 204
25 968
25 183
25 929
25 86
26 515
26 129
28 164
28 56
29 294
30 7
30 435
31 302
32 298
32 249
34 899
36 339
38 97
38 627
41 414
42 239
42 71
42 566
42 588
42 181
42 135
42 82
42 125
43 336
43 269
43 258
43 204
43 845
43 482
43 302
43 479
43 735
44 419
44 250
44 357
44 69
44 227
45 993
46 127
48 690
48 511
49 287
49 53
49 475
49 396
49 428
49 185
49 100
51 50
52 13
53 156
54 1016
54 1
55 89
56 441
56 193
56 655
56 393
56 195
56 402
56 189
56 219
57 833
57 79
57 173
57 321
58 123
58 98
58 684
58 367
58 111
58 100
58 1084
58 269
58 32
59 184
59 447
59 48
59 121
59 673
59 1101
59 490
59 1093
59 313
59 186
59 212
59 519
59 285
59 126
59 179
59 265
59 675
59 219
59 3
59 845
60 1020
60 423
60 735
60 28
60 638
60 61
60 641
60 378
60 529
60 435
62 96
62 474
62 1009
62 47
62 285
63 50
63 283
64 503
64 127
64 203
64 173
64 591
64 475
64 238
66 248
68 275
69 256
69 9
69 48
70 183
70 176
70 511
70 99
72 70
72 526
72 161
73 175
75 108
75 1017
75 111
75 151
76 175
76 851
77 23
77 153
77 222
81 3
81 210
82 582
82 483
82 8
83 479
83 70
83 210
83 720
85 182
85 462
85 380
85 98
85 435
85 709
85 657
85 143
85 175
85 1039
85 661
85 1018
87 48
87 1028
89 86
89 83
89 150
89 127
89 49
90 194
90 423
90 661
90 609
90 57
90 25
90 143
90 900
90 317
90 287
91 265
91 479
91 22
91 511
92 47
92 190
92 98
92 179
92 208
92 8
93 477
94 435
94 235
94 735
94 559
94 217
94 647
94 471
94 206
94 1219
94 684
94 111
94 274
95 328
95 420
95 195
95 539
95 627
95 356
96 50
96 483
98 210
99 329
99 125
99 315
100 300
101 924
101 546
102 510
102 186
105 324
108 14
108 100
109 451
109 531
109 181
109 94
109 636
109 7
110 196
110 11
110 82
113 328
115 847
115 8
115 696
115 1067
116 203
116 285
117 151
117 15
117 222
118 413
118 511
118 175
119 299
119 813
119 459
119 458
119 492
119 1153
119 124
119 277
121 644
121 127
122 135
123 319
124 195
125 289
125 270
125 82
126 316
126 311
126 681
127 222
128 180
128 405
128 121
128 499
128 380
130 293
130 578
130 568
130 427
130 410
130 625
130 1275
130 816
130 159
130 465
130 794
131 536
131 285
132 124
133 316
135 56
136 475
136 283
137 327
137 250
137 685
138 518
138 137
139 296
139 508
143 313
144 357
144 69
144 194
144 137
144 729
145 284
145 939
145 89
145 329
145 96
145 751
148 71
148 169
148 529
149 268
150 50
150 291
151 154
151 265
151 209
151 1298
151 628
151 509
151 70
151 429
151 216
151 965
151 7
151 381
151 277
152 944
152 155
152 783
154 61
156 318
156 651
157 127
157 1258
157 50
158 182
158 241
158 455
158 745
158 202
158 284
158 137
159 405
159 293
159 595
160 1
161 316
162 181
164 148
164 117
165 169
165 318
167 1147
167 615
168 294
169 705
169 211
169 213
170 326
171 327
172 642
173 289
174 934
174 162
174 347
174 280
174 210
174 315
174 12
174 31
174 221
175 193
176 347
177 89
177 299
178 588
178 223
178 578
178 69
178 210
178 300
178 111
179 315
179 272
180 433
180 423
183 274
184 632
184 137
184 528
184 498
184 71
184 127
185 269
185 302
185 285
185 286
186 356
187 52
187 736
187 659
187 168
187 8
188 177
188 173
189 96
189 135
189 505
189 268
189 172
189 10
189 513
189 157
190 273
190 310
193 23
193 553
193 905
194 238
194 510
195 1014
195 582
197 22
197 258
197 226
197 510
198 135
198 215
199 9
200 191
200 509
200 771
200 234
200 15
200 148
200 393
200 892
200 69
200 1091
200 229
200 465
200 929
200 560
200 742
201 1194
201 1135
201 218
201 479
201 55
205 289
207 4
207 435
207 871
207 258
207 508
207 237
207 14
208 216
209 181
210 185
210 523
210 197
210 202
210 176
210 73
212 87
212 528
213 157
214 216
214 427
214 56
214 483
214 408
215 127
215 196
215 176
216 357
217 797
217 79
219 631
221 318
221 282
221 721
221 204
221 144
222 449
222 118
222 232
222 186
222 288
222 96
222 628
222 72
223 117
223 278
223 22
224 662
224 378
225 566
225 1203
225 492
226 286
227 1017
227 7
229 302
230 498
230 64
230 357
230 125
230 485
232 64
233 482
233 192
234 641
234 135
234 483
234 69
234 496
234 602
234 318
234 289
235 319
235 515
235 705
235 170
236 28
236 318
236 148
237 191
237 408
237 197
239 527
239 210
239 14
239 172
239 50
239 489
239 921
242 1
243 8
243 221
243 514
244 77
244 428
244 191
244 161
244 92
244 95
244 411
244 56
246 227
246 675
246 185
249 302
249 684
249 182
249 42
249 53
249 135
251 172
251 202
252 275
252 268
253 87
253 188
253 482
253 689
254 222
254 82
255 763
256 31
256 473
256 188
256 161
256 583
258 310
261 687
261 339
262 433
263 526
263 357
264 194
264 655
264 345
265 117
265 591
266 9
267 186
267 157
267 156
267 80
267 89
267 693
267 475
267 198
268 269
268 27
268 68
268 194
268 480
268 117
269 276
269 654
269 1428
269 65
269 132
269 474
269 423
270 860
270 295
270 86
270 1119
270 671
270 173
270 583
271 193
271 51
271 591
271 64
272 98
272 134
272 194
272 193
272 604
273 896
274 748
274 762
274 111
274 88
275 101
275 432
275 210
276 160
276 186
276 193
276 223
276 238
276 1240
276 969
276 209
276 72
276 844
276 634
276 125
276 357
276 559
277 221
277 619
277 24
278 752
279 226
279 398
279 450
279 408
279 109
279 719
279 156
279 224
279 1492
279 7
279 228
279 558
279 464
279 1305
280 588
280 132
280 416
280 220
280 546
280 1048
280 1459
282 305
283 71
283 409
283 432
284 304
285 191
285 300
286 123
286 423
286 535
286 251
287 98
287 257
287 9
288 211
288 286
289 455
290 527
290 216
290 732
290 1035
291 82
291 79
291 820
291 367
291 153
291 95
291 293
291 71
291 325
291 179
291 582
291 100
292 223
292 603
292 602
292 1050
292 1073
293 514
293 528
293 124
293 92
293 179
293 64
293 653
293 705
294 24
294 355
295 70
295 421
295 143
295 498
295 181
295 109
295 142
295 153
295 134
296 429
296 144
296 19
296 696
296 222
296 284
297 28
297 736
297 508
297 258
297 8
297 55
297 752
298 465
298 503
298 282
299 166
299 480
299 792
299 487
299 511
299 662
299 965
299 510
299 1506
299 778
301 215
301 496
301 127
301 281
301 864
301 455
301 76
301 702
301 150
301 123
301 288
301 790
301 447
301 17
301 732
301 201
303 721
303 956
303 47
303 92
303 69
303 482
303 792
303 164
303 654
303 847
303 22
303 559
303 195
303 396
303 705
305 48
305 529
305 431
305 713
305 655
305 527
307 655
307 423
307 64
308 367
308 1019
308 811
308 531
308 194
308 679
308 516
308 180
308 610
308 403
308 223
308 1197
308 568
308 66
308 629
309 331
309 879
311 210
311 8
311 79
311 230
311 621
311 195
311 180
311 778
312 557
312 515
312 483
312 855
312 612
312 921
312 191
312 513
312 474
312 10
312 510
312 357
313 481
313 318
313 127
313 182
313 657
313 195
313 427
313 393
313 203
313 628
314 1047
314 419
314 318
314 996
315 164
315 175
315 531
315 211
315 178
316 292
316 97
316 463
316 730
317 331
317 264
318 503
318 509
318 451
318 204
318 88
319 313
320 238
320 1047
320 195
320 250
320 627
321 199
321 479
321 198
321 419
322 507
322 196
323 327
323 203
323 993
323 762
325 835
325 175
325 737
325 23
326 153
326 648
326 194
327 151
327 11
327 435
327 8
327 1069
328 79
328 1136
328 291
328 300
328 183
329 272
329 302
330 51
330 699
330 570
330 210
330 1035
330 237
331 234
332 7
332 449
332 147
332 234
332 1028
333 300
334 23
334 537
334 475
334 1263
334 134
334 707
334 512
334 428
336 284
336 1074
337 1133
338 480
338 517
338 603
338 86
339 1017
339 657
339 205
339 168
339 222
339 276
339 772
339 175
339 97
339 508
340 95
342 92
342 319
342 1368
342 301
342 56
342 144
343 157
343 276
343 237
343 747
343 508
343 199
343 187
343 154
343 137
343 88
343 98
344 191
344 619
344 190
344 64
344 530
344 79
345 81
345 150
346 147
346 210
346 549
346 12
346 237
347 180
347 77
347 288
347 11
347 298
347 293
347 763
347 181
347 233
347 686
348 756
348 1028
349 475
349 411
349 285
350 210
351 323
351 313
351 1024
352 96
352 89
354 154
354 736
354 529
354 149
354 882
354 533
354 246
354 199
355 689
357 270
357 471
357 121
357 273
358 213
358 896
358 1006
359 50
360 237
360 50
360 257
360 357
360 134
360 165
360 285
360 297
360 28
361 639
361 517
361 659
361 86
363 578
363 181
363 393
363 685
363 248
365 1017
365 315
367 268
367 100
371 663
371 73
373 153
373 136
373 64
373 2
373 194
373 170
373 727
373 378
373 190
373 173
373 211
373 269
373 694
374 237
374 288
374 98
374 71
376 762
377 98
377 200
377 164
378 396
378 70
378 401
378 433
378 729
378 300
378 1531
378 235
378 59
378 451
378 255
378 693
378 143
379 176
379 12
379 185
379 317
379 372
379 480
379 173
379 175
379 152
379 414
379 528
380 496
380 190
380 318
380 463
381 96
381 487
381 647
381 100
381 607
382 235
383 268
383 213
383 483
383 137
385 922
385 650
385 180
385 128
385 896
386 1016
387 181
387 89
387 844
387 718
387 530
387 222
388 326
389 649
389 133
389 187
389 427
389 778
389 4
389 945
389 191
389 491
389 525
390 319
391 61
391 205
391 100
392 482
392 491
392 191
392 303
392 189
393 294
393 463
393 1219
393 95
393 392
393 148
393 27
393 64
393 313
393 241
393 690
393 588
394 739
394 12
394 655
394 89
394 195
395 632
395 186
396 1025
396 1
396 333
397 192
397 171
397 657
398 87
398 208
398 203
398 182
399 94
399 148
399 566
399 98
401 210
401 684
401 356
401 194
401 278
402 15
402 19
402 7
402 181
402 255
403 258
404 683
405 521
405 11
405 568
405 586
405 172
405 571
406 285
406 15
406 633
406 121
406 179
406 174
406 924
406 624
406 921
406 428
406 410
406 508
406 96
406 709
406 1147
407 588
407 45
407 184
407 203
407 56
407 514
407 235
408 242
409 209
409 318
409 606
411 181
411 73
412 150
412 276
412 169
413 271
413 275
414 270
414 302
414 100
416 509
416 588
416 195
416 1058
416 24
416 234
416 4
416 550
416 272
416 81
416 136
416 427
417 1023
417 168
417 815
417 183
417 418
417 190
417 625
417 214
417 127
417 484
418 333
419 286
419 1
420 283
420 513
421 79
421 674
422 219
422 333
422 1187
422 396
422 410
423 750
423 276
425 62
425 12
426 1020
427 245
427 1265
428 347
428 886
429 404
429 529
429 127
429 182
429 178
429 1118
429 93
429 435
429 293
429 1020
429 163
429 207
429 432
430 222
430 273
430 151
430 165
430 656
432 15
432 1012
432 237
433 173
435 2
435 56
436 550
437 234
437 94
437 582
437 447
437 292
437 95
437 655
437 794
438 148
439 276
442 168
442 273
442 635
445 174
447 144
447 118
447 483
447 582
447 85
447 174
449 971
449 86
449 59
450 2
450 225
450 372
450 239
450 490
450 904
450 168
450 136
450 510
450 467
450 354
450 516
450 650
450 696
450 651
451 984
452 172
452 171
452 419
452 181
452 461
453 238
453 24
453 4
454 568
454 82
454 204
454 317
454 255
455 518
455 7
455 475
455 197
455 204
455 241
455 79
456 268
456 59
456 186
456 22
457 53
457 48
457 25
457 640
457 52
457 192
458 461
459 264
460 285
460 713
460 127
460 306
463 313
464 307
465 481
466 909
467 1016
467 127
467 268
468 4
468 174
468 173
469 173
470 475
472 94
472 1139
472 810
472 550
472 890
472 271
474 175
474 490
474 322
474 609
474 461
474 218
474 963
474 55
474 116
477 739
477 369
478 195
478 79
478 151
478 568
479 182
479 509
479 470
479 177
479 474
479 421
479 304
479 510
479 523
479 283
479 121
480 203
480 462
481 153
484 95
484 15
486 302
486 288
486 1514
487 195
487 56
487 1425
487 1016
487 50
487 597
487 652
487 178
487 789
488 211
488 222
488 1039
488 746
489 322
489 751
489 323
489 258
489 325
490 93
490 410
491 45
492 531
493 751
493 175
495 393
495 181
495 230
495 79
495 127
495 496
495 479
496 191
497 455
497 70
497 79
497 408
497 95
497 550
498 23
498 187
498 12
498 919
498 517
499 527
499 328
499 12
499 651
499 429
500 319
500 59
500 559
500 709
501 741
501 369
501 108
501 844
502 687
503 234
503 430
504 942
504 620
504 69
504 699
504 372
504 705
504 71
505 328
505 307
505 11
505 648
506 478
506 233
506 611
506 525
507 751
507 1016
507 750
507 343
508 1
508 436
508 655
508 188
511 908
512 198
513 435
513 323
514 474
514 430
514 157
514 655
514 429
516 191
517 748
518 284
518 919
519 263
519 1238
521 168
521 22
523 72
523 1014
523 1036
524 549
524 322
524 651
524 573
524 558
524 4
524 511
524 203
524 660
524 570
524 286
524 466
524 65
525 288
527 517
527 634
527 168
527 543
527 1149
528 410
530 535
530 692
530 196
531 690
532 143
532 472
532 58
532 44
532 1594
532 357
532 79
532 354
532 925
532 1470
533 549
533 423
533 197
533 257
533 318
533 508
533 393
533 65
533 208
534 475
534 240
535 207
535 211
535 1136
535 174
535 283
535 58
535 285
535 1098
536 82
536 662
536 62
536 755
537 179
537 131
537 58
537 543
537 694
537 48
537 175
538 317
539 69
539 275
540 13
540 596
540 1226
540 310
541 173
541 91
541 941
542 509
543 207
543 88
543 14
543 174
543 183
543 603
545 202
545 98
545 73
545 405
545 403
545 195
546 977
546 258
548 258
548 307
550 249
551 780
551 317
551 658
551 209
551 64
551 5
551 265
551 751
551 415
551 1169
551 559
551 234
551 651
551 135
551 570
551 286
551 333
551 272
551 121
551 640
551 161
551 33
551 229
553 151
554 77
555 117
555 274
555 50
556 12
556 340
557 12
558 100
559 188
559 527
560 813
560 255
560 483
561 652
561 1449
561 497
561 52
561 174
562 135
562 79
564 258
565 638
565 1396
565 1018
567 679
567 173
567 133
567 302
567 187
567 127
570 271
571 45
573 528
573 22
573 10
574 262
574 300
575 427
576 125
577 1209
577 183
577 132
577 208
577 1033
577 1147
577 237
577 402
578 222
579 100
579 692
579 845
581 127
582 458
582 293
583 655
583 524
583 195
584 249
585 1155
585 1623
585 70
585 707
585 1121
585 713
586 1218
586 403
586 117
587 332
588 941
588 1078
588 417
588 143
589 682
590 14
591 4
592 47
592 655
592 202
592 174
592 875
592 187
592 813
592 11
592 833
592 306
592 568
592 116
592 260
592 1016
593 496
593 153
593 5
593 140
595 3
599 1014
599 1095
599 846
600 530
600 665
600 570
601 250
601 324
602 304
603 250
605 176
605 100
606 265
606 82
606 156
606 211
606 966
606 568
606 237
606 530
607 45
607 494
608 606
608 742
608 268
608 1063
608 59
611 882
612 1060
613 607
613 272
615 855
615 736
615 69
617 675
617 185
618 82
618 190
618 651
618 23
618 416
618 22
619 241
620 313
620 121
620 409
620 699
620 768
621 80
621 7
621 82
621 735
621 568
621 751
622 176
622 153
622 207
622 12
622 156
622 86
624 690
624 150
624 278
624 147
624 321
625 652
625 498
625 961
627 510
627 23
627 100
627 12
629 197
629 528
629 275
629 56
629 137
629 319
629 207
630 476
630 98
632 168
632 81
633 96
634 118
634 129
634 7
634 546
635 331
639 451
640 1067
640 231
640 304
640 461
640 180
641 657
642 1473
642 294
642 862
642 1091
642 365
642 133
642 966
642 97
642 386
643 216
643 430
643 474
643 447
643 127
644 237
644 977
645 203
645 654
645 89
645 211
647 147
648 403
648 123
648 94
649 1
649 254
650 196
650 172
650 7
652 333
652 328
652 699
654 568
654 87
654 117
654 274
655 135
655 198
658 198
659 175
659 136
659 481
659 316
659 43
659 629
659 216
660 209
660 168
660 313
661 71
661 318
661 189
661 195
663 742
663 322
663 895
664 173
664 179
664 408
664 482
664 285
664 186
666 81
666 492
666 209
666 191
666 661
666 709
666 1266
666 650
666 517
667 651
668 311
668 993
668 328
670 521
670 144
670 611
671 38
671 385
673 896
673 242
675 306
675 896
676 902
676 181
676 172
676 1
677 117
677 323
679 520
679 751
680 285
682 51
682 96
682 11
682 722
682 273
682 752
682 33
682 150
683 289
684 66
684 477
686 603
686 178
686 265
686 12
686 135
686 528
687 268
688 307
689 15
689 150
690 232
690 1028
690 174
691 735
693 258
693 480
693 282
693 504
694 429
694 604
694 470
694 530
695 302
695 307
697 886
697 7
697 244
697 591
698 512
698 485
698 194
699 129
699 258
699 137
701 100
701 326
701 272
702 228
703 121
703 15
704 135
704 187
705 111
705 471
705 685
705 720
705 932
705 121
707 318
707 811
707 735
707 648
708 457
709 117
709 200
709 125
709 697
710 318
710 268
710 303
710 1039
711 169
711 86
711 588
711 1163
711 202
711 475
711 180
711 724
712 1055
712 378
713 347
714 50
715 410
715 73
715 193
715 64
716 238
716 98
716 651
716 222
716 606
717 995
717 322
717 235
718 300
719 427
720 272
721 15
721 161
721 357
721 145
721 684
721 222
722 845
722 130
725 286
727 259
727 80
727 775
727 451
730 125
730 298
732 286
733 149
734 95
735 288
737 156
738 238
738 258
738 385
739 327
741 241
741 83
741 186
741 288
742 1
746 196
746 233
747 12
747 47
747 792
747 478
747 672
747 500
747 651
747 318
747 83
748 208
748 181
748 187
749 181
749 101
749 742
749 603
749 2
749 239
749 1
749 366
749 98
749 729
749 71
749 145
749 31
750 271
750 306
751 596
751 487
751 210
751 21
752 331
752 882
752 1243
755 245
755 538
755 304
757 210
757 183
757 204
757 433
758 303
758 657
758 474
758 475
758 1046
758 1001
758 345
758 411
759 748
761 282
761 181
761 222
761 117
763 222
763 483
763 507
763 25
763 515
763 198
764 845
764 255
764 286
764 9
764 77
765 286
766 191
766 183
767 141
768 313
768 300
770 297
770 742
771 28
771 542
771 1129
772 315
773 1069
773 235
773 531
773 455
773 169
774 431
776 200
776 194
776 635
778 226
778 98
779 95
780 357
781 324
782 307
782 880
782 322
783 895
784 310
784 304
785 22
785 152
785 12
786 177
786 465
786 496
786 588
786 200
788 7
788 331
788 754
788 176
790 174
791 302
792 100
792 1197
793 248
793 109
794 515
795 4
795 89
796 405
796 427
796 1269
796 607
796 230
796 511
796 546
796 1036
796 945
796 1119
798 845
798 930
798 432
798 143
798 164
799 306
800 597
801 358
801 271
802 219
802 681
802 444
803 311
804 529
804 252
804 550
804 1056
804 96
804 323
804 25
804 125
805 447
805 519
805 473
805 1
805 91
805 665
805 470
805 1110
805 856
805 403
806 180
806 496
806 485
807 418
807 451
807 484
807 50
807 252
807 636
807 684
807 151
807 588
807 117
808 327
810 294
810 902
811 307
815 969
815 173
815 133
815 151
815 625
815 181
815 7
817 7
819 268
819 304
821 435
821 1060
821 126
821 1197
821 274
821 509
823 50
823 419
823 194
823 8
823 135
823 191
823 218
823 503
825 423
825 147
826 651
826 4
827 268
828 116
828 60
829 318
829 512
830 87
830 399
830 739
831 156
831 333
833 168
833 447
833 223
833 508
833 191
833 1597
833 135
833 68
834 315
834 50
834 15
835 23
836 269
837 740
838 174
838 255
838 50
840 208
840 497
840 405
840 501
840 473
840 480
840 661
840 191
841 322
842 874
843 636
843 234
844 778
845 311
845 308
846 772
846 1069
846 490
846 602
846 486
846 88
846 67
846 212
846 478
847 95
847 1160
847 222
847 211
848 654
848 141
848 732
848 1101
848 428
848 708
848 1021
849 298
849 172
849 38
850 50
850 208
851 9
851 286
851 336
851 298
851 250
851 129
852 1
853 304
854 171
854 11
854 124
856 690
857 259
861 45
861 242
862 1117
862 977
862 7
862 89
862 59
862 767
862 1109
863 690
864 628
864 736
864 2
864 591
864 993
864 31
864 1101
864 328
864 11
867 748
868 631
868 150
869 411
869 269
870 258
870 96
870 466
870 386
870 655
870 367
870 568
871 781
871 226
871 751
872 121
872 258
873 313
874 100
874 311
874 197
874 137
875 1103
875 187
877 451
877 381
877 326
878 659
878 416
878 512
880 728
880 47
880 210
880 329
880 258
880 281
880 746
880 549
880 367
880 294
881 49
881 1217
881 742
881 568
881 216
881 943
881 472
881 1124
881 179
883 989
883 256
883 96
883 176
883 553
884 509
884 258
885 82
885 79
885 210
885 949
885 274
886 584
886 1067
886 1467
886 150
886 195
886 12
886 813
886 425
887 28
887 946
887 7
887 91
887 578
887 673
887 228
887 204
887 368
888 631
889 298
889 164
889 144
889 1073
889 919
889 607
889 174
889 186
889 318
890 632
890 210
890 185
890 174
891 591
892 648
892 63
892 183
892 25
892 27
892 615
892 28
892 22
892 62
892 435
894 1010
894 1501
894 515
894 279
894 1
894 1592
896 172
896 732
896 216
896 730
896 7
896 942
896 597
897 760
897 465
897 28
897 210
897 180
897 141
897 436
897 419
897 185
897 132
897 214
899 663
899 48
901 94
901 168
901 22
902 176
902 79
903 820
903 214
903 655
903 223
904 739
904 785
905 129
906 285
906 408
906 121
907 111
907 147
907 332
907 172
907 405
907 121
907 291
907 356
908 133
908 479
908 648
908 144
909 1121
909 880
911 93
911 507
911 420
913 12
913 168
916 64
916 196
916 7
916 1335
916 652
916 265
916 203
916 697
916 172
916 98
916 22
917 535
918 707
919 70
919 221
919 297
919 147
921 662
921 196
922 257
922 746
922 237
923 628
923 866
924 237
927 768
927 228
927 367
927 38
928 876
928 246
929 318
931 459
932 513
932 229
932 632
932 211
932 490
932 185
932 523
932 30
932 414
934 630
934 181
934 703
934 414
935 300
936 547
936 181
936 1
936 1377
936 1097
939 237
939 717
939 121
939 255
940 170
940 194
940 354
940 471
942 750
942 347
942 427
942 210
942 879
943 22
943 385
943 470
943 427
1 162
1 108
1 16
1 133
1 185
1 193
1 60
2 50
2 302
3 348
3 347
5 257
5 436
6 318
6 516
6 165
7 217
7 182
7 573
7 357
7 644
7 402
7 601
7 172
7 401
7 191
7 495
8 181
8 568
8 510
10 371
10 604
10 693
10 178
10 710
10 478
10 144
10 160
10 499
11 241
11 8
12 159
12 50
12 132
13 691
13 651
13 550
13 855
13 530
13 748
13 492
13 806
13 420
13 272
13 62
13 832
13 150
14 524
14 792
15 137
16 629
16 945
16 404
16 9
16 496
16 427
17 475
18 242
18 169
18 286
18 15
18 582
18 736
18 154
18 45
19 202
20 934
21 635
21 447
21 324
22 186
22 24
23 79
23 961
23 404
23 170
24 97
24 357
24 98
25 265
26 288
26 9
28 143
28 96
29 79
29 332
36 261
36 885
37 174
38 313
38 1014
38 768
39 352
39 319
41 69
42 469
42 230
42 371
42 228
42 411
43 98
43 1035
43 591
44 660
44 64
44 200
44 144
45 181
45 1
46 332
47 303
47 305
48 306
49 56
49 919
50 288
50 547
52 282
52 19
53 25
55 181
55 118
56 153
56 79
56 280
58 514
58 408
58 462
58 203
58 272
59 47
59 963
59 30
59 200
59 781
59 429
59 215
59 216
59 642
59 54
59 135
59 52
59 287
59 50
59 762
60 228
60 121
60 172
60 186
60 661
60 508
60 60
60 835
60 708
60 15
60 505
60 199
60 480
62 1073
62 14
62 959
62 546
62 1074
62 298
62 9
62 71
63 14
63 262
63 109
63 10
63 301
64 64
64 9
64 434
64 237
64 48
64 215
64 655
64 168
65 378
67 7
68 181
68 1028
69 98
69 1142
69 508
70 50
70 496
70 89
71 357
71 56
72 97
72 844
72 69
73 514
73 129
74 7
74 100
75 56
76 1129
76 513
76 137
76 806
76 135
77 50
79 10
79 319
80 86
82 523
82 99
82 170
83 31
83 252
83 161
83 409
84 1033
84 543
85 203
85 211
85 372
85 449
85 179
85 83
87 629
87 177
87 845
87 519
87 510
87 153
87 554
88 881
89 111
89 475
89 151
89 694
90 185
90 652
90 33
90 303
90 1194
90 197
90 97
90 753
90 1097
91 195
91 230
91 205
92 71
92 176
92 276
92 196
92 175
92 12
92 134
92 156
92 135
92 203
93 275
94 56
94 203
94 1
94 168
94 806
94 581
94 506
94 317
95 8
95 208
95 111
95 1206
95 515
95 471
96 7
96 484
96 265
97 115
97 408
97 23
98 47
99 328
99 433
101 742
101 284
102 175
102 174
102 98
103 126
103 471
104 285
104 290
104 276
105 268
106 778
106 77
106 59
108 137
108 718
109 121
109 210
110 258
111 311
111 340
112 754
112 272
112 310
112 333
113 333
113 294
115 56
115 192
115 980
115 178
115 176
115 282
116 479
116 519
117 144
117 50
117 168
117 109
118 324
118 55
119 1202
119 132
119 100
119 741
119 405
119 287
119 511
120 742
123 462
123 285
123 479
125 66
125 22
125 756
125 435
125 258
128 26
128 161
128 588
128 1039
128 367
128 482
128 451
128 393
128 763
128 483
128 507
128 173
130 84
130 90
130 1019
130 469
130 228
130 31
130 895
130 403
130 405
130 282
130 77
130 477
132 154
135 176
135 98
136 14
136 275
137 210
141 825
143 333
144 533
144 423
144 98
144 326
144 117
144 304
144 318
144 1286
144 651
144 528
144 190
145 742
145 294
145 269
145 685
146 345
146 302
147 319
147 301
147 340
148 228
148 163
148 222
150 14
151 699
151 427
151 275
151 64
151 462
151 25
151 357
151 582
151 483
152 504
153 79
154 480
155 306
156 9
156 197
158 293
158 810
158 111
158 20
158 471
158 277
159 918
159 298
159 126
160 410
160 285
160 185
160 150
160 169
160 23
160 202
162 222
162 1011
162 298
164 125
164 118
164 100
164 307
165 332
167 133
167 478
167 99
168 866
169 234
169 50
169 172
171 272
174 255
174 143
174 202
174 458
175 12
176 875
176 93
176 13
178 79
178 435
178 993
178 433
178 62
178 1012
178 628
178 174
178 342
179 914
179 538
180 372
180 431
180 762
180 40
180 69
181 25
184 514
184 523
184 950
184 191
185 216
185 515
186 77
186 71
186 591
187 196
188 176
188 470
188 97
189 1
189 176
189 480
189 486
189 473
189 1065
189 198
189 487
189 136
189 150
190 269
190 222
190 628
190 300
191 331
192 515
192 287
192 1061
193 307
193 366
193 127
193 117
194 467
194 357
194 521
194 659
195 500
195 47
195 1193
195 1315
196 238
197 161
197 511
197 1228
197 313
198 654
198 942
198 447
198 480
198 527
200 380
200 588
200 391
200 205
200 9
200 373
200 570
200 98
201 185
201 192
201 792
201 285
201 655
201 405
201 640
203 288
206 258
206 272
207 170
207 655
207 191
208 66
208 186
210 186
210 15
210 134
212 515
212 511
213 98
214 171
214 531
215 234
216 1067
216 763
216 156
216 221
216 216
217 391
217 233
218 466
218 55
219 179
221 695
221 100
222 11
222 89
222 101
222 157
222 22
222 895
222 756
222 591
222 755
224 553
225 1443
225 478
226 258
227 295
227 116
227 93
230 98
230 405
231 15
232 194
232 204
232 52
232 133
233 276
233 64
233 568
233 660
233 261
233 257
233 588
233 923
234 166
234 473
234 479
234 660
234 429
234 99
234 558
234 611
235 197
235 523
235 483
235 7
235 429
235 318
236 699
236 223
237 525
237 502
237 479
237 127
239 187
239 1056
239 603
239 39
239 124
239 175
240 895
242 1357
242 268
244 747
244 631
244 28
244 409
244 68
246 178
246 746
247 70
248 176
248 64
248 515
249 242
249 275
249 658
249 1011
249 137
250 179
250 44
250 183
251 121
251 64
251 50
252 475
253 64
253 89
253 343
253 282
254 172
254 416
254 449
254 429
254 655
255 56
256 21
256 66
256 151
256 866
256 864
256 1210
256 716
256 64
256 761
257 676
258 311
258 313
259 484
261 410
262 292
262 69
262 191
262 179
263 143
263 125
263 316
263 205
264 451
264 709
264 185
264 168
264 1355
265 284
266 14
267 153
267 143
267 293
267 684
267 789
267 47
267 943
267 474
267 3
267 50
268 268
268 404
268 324
268 31
269 137
269 197
269 56
269 657
269 136
269 527
269 1065
270 672
270 268
270 747
270 402
270 164
270 800
270 1014
271 286
271 729
271 187
271 466
271 414
271 462
271 179
271 511
271 194
271 605
272 200
272 172
272 187
274 125
274 276
275 181
276 461
276 419
276 226
276 290
276 334
276 192
276 153
276 427
276 475
276 332
276 959
276 303
276 1056
276 143
276 294
276 693
278 98
278 313
278 173
279 901
279 144
279 137
279 233
279 239
279 163
279 147
279 687
279 474
279 4
279 436
279 257
279 1490
279 802
279 92
279 429
280 135
280 942
280 66
280 322
280 58
280 451
280 31
280 928
280 218
280 660
281 332
282 294
283 109
283 820
284 903
285 682
286 17
286 404
286 191
286 1105
286 883
286 208
286 1375
286 173
288 520
288 50
290 172
290 99
291 1042
291 356
291 943
291 159
291 1067
291 1059
291 772
291 219
291 924
291 164
291 411
291 1098
292 419
292 111
292 98
292 96
292 194
292 282
292 248
293 420
293 474
293 185
293 414
293 50
293 135
294 1
294 7
294 222
294 539
294 350
294 340
294 872
295 162
295 404
295 385
295 1459
295 229
295 11
295 1135
295 65
295 395
295 213
295 215
295 496
295 965
295 144
295 737
296 121
296 313
297 699
298 237
299 1039
299 813
299 86
299 190
299 962
299 98
300 322
301 380
301 527
301 340
303 262
303 257
303 294
303 1286
303 919
303 386
303 558
303 79
303 506
305 286
305 427
305 660
305 486
305 134
305 189
305 70
306 150
307 135
308 504
308 1169
308 392
308 42
308 230
308 1021
308 655
308 248
308 663
309 319
310 845
310 50
311 655
311 371
311 570
311 39
311 72
311 141
311 9
311 428
311 660
311 1
312 653
312 491
312 659
312 208
312 185
312 194
312 526
312 684
312 573
312 528
313 136
313 161
313 474
313 357
313 187
313 684
313 498
313 193
314 22
314 328
314 132
314 367
314 1150
314 402
314 71
314 73
314 1517
314 88
314 762
315 286
315 645
315 98
315 654
316 716
318 385
318 174
318 301
318 458
318 1160
318 197
318 269
318 531
318 657
320 7
320 210
320 79
320 849
321 186
321 56
321 170
322 258
323 215
323 268
323 273
324 248
324 827
325 98
325 432
325 1523
325 430
325 99
325 647
325 517
326 491
326 527
326 183
326 493
327 1131
327 288
327 433
327 246
327 144
327 174
327 196
328 1483
328 729
328 742
328 56
328 689
328 515
328 520
330 64
330 596
330 418
330 197
330 485
331 947
331 694
332 159
332 204
332 326
332 333
332 121
333 88
333 100
333 748
334 640
334 228
334 887
334 42
334 197
334 505
334 237
334 56
335 322
336 49
336 26
337 515
337 449
338 474
338 197
338 990
338 275
339 428
339 133
339 250
339 475
339 770
339 130
339 211
339 86
340 50
340 1133
341 330
342 523
342 288
342 47
342 428
343 83
343 47
343 523
344 273
344 132
344 86
344 896
344 175
344 210
344 183
345 378
345 568
345 470
345 724
345 762
345 91
345 305
345 181
345 11
345 15
345 131
346 515
346 1228
346 241
346 423
346 1135
347 689
347 742
347 432
347 147
347 411
347 215
347 300
349 15
350 483
350 589
350 133
351 307
352 98
354 709
354 382
354 381
355 1429
355 1392
355 882
356 258
357 111
357 713
357 928
360 304
360 181
360 14
360 515
361 190
361 514
361 269
361 949
361 237
361 524
361 692
363 224
363 317
363 336
363 919
363 778
363 372
363 144
364 294
365 151
367 413
367 164
367 333
367 379
367 98
368 89
368 313
370 209
370 64
370 302
370 443
371 204
371 431
371 79
371 177
372 264
372 874
373 382
373 58
373 459
373 150
374 443
374 100
374 1210
374 183
374 844
374 210
374 637
374 1010
375 443
375 566
378 582
378 258
378 96
378 95
378 806
379 284
379 654
379 239
379 651
379 520
379 8
379 427
379 133
379 4
379 1
379 172
380 631
381 705
381 473
381 175
381 191
381 14
382 168
383 200
383 285
383 316
384 258
385 156
385 961
387 1537
387 129
387 205
387 1199
387 2
387 93
387 91
387 22
387 83
388 98
388 596
389 955
389 174
389 498
389 1050
389 47
389 479
389 238
389 485
391 26
391 282
391 194
391 97
391 215
392 304
392 515
392 114
392 313
393 842
393 7
393 315
393 496
393 143
393 51
394 118
394 217
394 204
395 163
396 471
396 118
396 291
397 56
397 611
398 15
398 95
398 97
398 423
398 610
399 301
399 393
399 549
399 186
401 88
401 83
401 566
402 591
402 124
403 121
405 29
405 173
406 156
406 181
406 176
406 58
406 115
406 582
406 175
407 152
407 286
407 655
407 418
407 427
407 288
407 28
408 272
409 191
409 79
409 178
409 708
410 315
411 210
411 9
411 22
412 23
413 300
413 50
414 690
416 658
416 326
416 614
416 1189
416 220
416 153
416 735
416 742
416 317
416 917
416 392
416 506
416 549
416 196
416 184
416 659
416 181
416 469
416 124
416 1133
416 684
416 83
416 9
417 421
417 125
417 176
419 514
419 257
419 1451
419 604
419 134
421 516
421 176
422 185
422 324
423 344
423 316
423 15
423 100
423 286
424 15
425 64
425 474
425 227
425 121
426 488
426 474
426 185
426 524
426 525
426 490
427 300
428 242
428 331
428 245
429 209
429 480
429 298
429 403
429 25
429 549
429 654
429 496
430 168
430 64
431 538
431 322
432 246
433 269
435 636
435 778
435 169
435 160
435 4
435 403
435 1
436 287
436 763
436 739
436 381
436 506
436 340
436 226
437 1148
437 172
437 378
437 1134
437 12
437 56
437 173
437 8
437 135
437 479
437 152
441 751
442 56
442 7
443 343
446 302
447 284
447 1326
449 293
449 639
449 179
450 417
450 169
450 258
450 90
450 143
450 99
450 1221
450 3
450 610
450 1226
450 506
450 611
450 300
450 842
450 487
450 435
450 77
450 514
450 566
450 101
450 509
450 392
450 419
450 481
450 378
450 526
450 648
450 837
450 278
450 869
450 900
450 523
450 221
450 380
452 8
452 607
452 498
452 603
453 181
453 963
453 157
453 750
453 272
453 174
453 188
453 248
454 8
454 300
454 169
454 732
455 591
455 471
455 428
455 286
455 196
457 755
457 200
457 448
457 371
457 155
457 566
457 417
457 462
457 215
457 239
457 378
457 636
457 455
457 582
458 1261
458 736
458 663
458 237
458 753
458 32
459 864
459 926
460 273
460 137
460 124
461 285
462 328
462 873
463 221
463 1163
463 269
463 1377
463 740
463 311
463 544
463 125
463 268
464 194
465 511
465 477
466 55
466 172
466 56
467 109
467 124
467 7
468 772
468 507
468 318
468 8
468 216
468 603
468 427
469 507
469 605
470 824
470 458
471 1
471 8
472 831
472 1095
472 473
472 1215
472 235
472 367
472 240
472 82
472 33
472 43
472 567
472 118
473 268
474 1200
474 707
474 203
474 316
474 492
474 504
474 136
474 607
474 79
474 252
474 650
474 211
474 131
474 134
474 28
475 127
476 734
477 778
478 762
478 48
479 616
479 230
479 187
479 173
479 198
479 176
479 101
479 357
479 164
480 510
480 504
481 70
481 580
481 190
482 50
484 720
484 197
484 399
486 9
487 66
487 237
487 204
487 27
488 294
489 355
489 359
489 328
489 303
490 9
492 100
493 684
493 483
493 182
493 150
494 300
494 64
494 237
495 173
495 413
495 147
495 240
495 944
495 151
495 219
495 208
495 225
495 82
495 478
495 1110
496 195
496 7
496 561
497 239
497 19
497 97
497 367
497 273
498 591
498 160
498 480
498 234
499 136
499 98
499 463
499 272
500 469
500 83
500 569
500 1195
500 1616
500 462
500 522
501 405
501 293
501 273
503 137
503 484
503 285
503 900
504 717
504 411
504 210
504 257
504 291
504 939
504 382
504 402
504 72
504 928
505 553
505 97
506 176
506 8
506 385
506 418
506 746
506 657
506 603
506 56
506 684
506 5
507 316
507 315
507 271
508 234
508 357
510 313
511 887
511 313
513 222
514 176
514 50
514 239
514 64
514 179
514 22
515 300
515 313
518 847
518 1
520 898
520 310
521 239
521 173
522 128
522 480
523 97
523 213
524 1107
524 614
524 192
524 191
524 82
524 132
524 416
524 506
524 129
524 657
525 248
526 591
526 845
526 676
527 499
528 505
528 657
529 873
529 333
529 1038
529 268
529 294
530 322
530 476
530 70
530 174
530 98
531 990
532 1016
532 168
532 448
532 161
532 148
532 918
533 168
533 242
533 378
533 313
533 236
533 949
533 196
533 174
533 449
533 740
534 105
534 1199
534 333
535 223
535 923
535 196
535 70
535 963
535 836
536 234
536 132
536 404
536 144
536 10
536 603
536 423
537 268
537 488
537 56
537 134
537 642
537 491
537 1085
537 83
537 427
537 347
537 124
538 100
538 237
538 187
539 531
539 163
540 508
541 174
541 459
541 596
542 186
542 196
543 663
543 521
543 23
543 185
545 413
545 742
545 71
546 271
546 145
547 302
548 281
548 1047
548 229
548 443
548 203
548 762
548 328
549 127
549 100
551 203
551 198
551 15
551 692
551 809
551 79
551 596
551 448
551 355
551 168
551 582
551 655
551 975
551 402
551 943
552 748
552 127
553 519
553 427
553 483
553 89
554 58
554 98
554 405
555 252
555 357
555 269
556 170
557 180
557 96
558 116
559 216
560 423
560 405
561 131
561 211
561 427
562 141
565 382
566 2
566 1065
566 378
566 1193
567 705
567 603
567 479
567 182
567 514
567 23
567 179
568 479
570 327
572 301
573 657
573 192
574 213
574 346
574 288
575 176
577 595
577 151
577 111
577 229
577 95
577 496
577 566
579 393
579 173
579 183
582 222
583 519
584 50
585 212
586 127
586 241
587 325
587 323
588 28
588 151
588 234
588 12
588 721
588 366
588 231
588 762
590 276
591 1099
591 709
591 1120
591 194
591 191
592 425
592 23
592 471
592 150
592 952
592 1129
592 589
593 111
593 633
593 272
593 699
593 216
593 70
595 275
595 1009
595 475
595 293
595 289
597 825
597 293
597 289
597 250
597 15
599 476
600 510
600 227
600 947
600 56
601 671
601 222
603 1483
605 98
606 89
606 939
606 709
606 33
606 282
606 22
606 50
606 527
606 202
607 56
608 735
608 23
608 419
608 357
608 448
608 70
609 313
610 216
610 568
610 176
611 346
611 344
612 864
614 121
614 294
615 319
615 357
617 357
617 573
617 656
618 66
618 91
618 506
618 127
618 403
619 258
620 928
620 563
620 565
620 1503
621 148
621 249
621 53
621 271
622 109
622 434
622 780
622 597
622 209
623 234
623 659
624 237
624 126
624 276
624 410
626 272
629 153
629 357
629 307
630 288
630 1047
630 975
631 313
631 289
632 404
633 405
634 628
634 111
634 333
634 742
634 25
636 15
637 936
638 431
638 226
638 195
639 28
639 213
639 178
639 306
639 615
639 83
640 751
640 14
641 511
642 181
642 795
642 451
642 928
642 462
642 1014
642 147
642 15
642 739
642 51
642 496
642 102
643 96
643 156
643 484
643 153
643 255
643 234
644 257
644 871
645 506
645 357
645 46
647 222
648 1271
648 550
648 603
648 199
649 282
650 705
650 100
650 91
650 507
650 478
650 208
652 307
653 156
653 228
653 198
653 200
654 204
654 196
654 963
654 195
654 144
654 785
654 1016
655 357
655 89
655 275
655 313
655 213
655 64
658 50
658 1101
659 164
659 153
659 196
659 89
660 211
660 151
660 154
660 316
662 10
663 1047
664 81
664 202
664 50
664 1109
664 169
664 504
665 588
665 762
665 845
665 660
666 478
666 203
666 654
666 660
666 484
666 127
666 114
666 1045
666 180
666 23
667 275
668 323
669 603
669 649
669 181
669 657
670 659
670 222
671 159
671 546
674 292
674 181
674 25
675 86
676 303
676 173
676 100
676 294
677 129
677 7
677 245
678 111
678 7
679 168
681 898
681 690
681 539
682 195
682 585
682 172
682 333
682 228
682 393
682 431
682 156
682 216
682 325
684 710
686 89
686 435
686 451
686 26
687 321
687 340
688 341
688 326
690 186
690 655
693 144
693 195
693 53
693 159
694 202
694 203
694 50
694 582
694 200
695 311
696 312
696 285
697 343
697 291
697 763
698 210
699 117
701 1
703 993
703 123
703 628
704 481
704 347
704 272
705 385
705 283
705 576
705 64
706 125
707 256
707 863
707 953
707 151
707 507
708 748
708 1117
708 281
708 284
708 873
708 508
708 326
708 289
708 147
708 222
709 693
709 273
709 50
709 508
711 340
711 313
711 1466
711 1053
711 658
711 655
712 38
712 746
712 768
714 748
715 81
715 82
715 195
716 483
716 478
716 381
716 211
716 443
716 1113
716 511
716 527
716 473
716 427
716 367
716 435
716 614
716 494
716 111
716 485
716 490
716 190
716 49
716 121
717 301
717 888
718 591
719 9
721 1
721 739
721 1442
721 181
721 1119
722 118
724 326
725 258
725 322
725 748
727 22
727 282
727 982
727 177
727 94
728 678
728 508
731 204
732 332
732 300
732 304
733 459
733 924
733 137
733 285
734 174
734 423
735 127
735 298
736 248
736 296
737 175
738 64
738 189
738 313
738 357
738 161
741 15
741 79
742 1012
743 744
743 302
744 127
745 302
745 96
746 82
746 24
747 949
747 524
747 136
747 316
747 73
747 182
747 87
747 50
747 333
747 474
747 169
747 639
748 588
749 176
749 216
749 199
749 134
749 154
749 180
749 228
749 204
751 56
751 537
752 270
753 174
753 98
753 435
753 22
753 242
754 117
755 690
757 333
757 403
757 250
758 419
758 447
758 91
758 324
758 53
758 173
758 238
758 297
758 33
758 1052
758 236
758 1039
758 204
759 405
763 212
763 196
763 509
763 742
763 153
763 224
764 866
764 69
764 216
764 1221
766 205
766 217
766 530
766 318
766 135
767 242
768 1
768 9
769 13
770 268
771 596
773 1367
773 14
776 168
776 234
776 708
777 288
777 56
777 1
778 367
779 1028
779 447
779 471
780 174
781 97
781 127
781 174
782 1394
782 272
782 270
784 315
784 346
784 331
784 260
785 56
786 504
786 497
786 692
786 732
786 98
787 258
788 289
788 482
788 651
788 211
788 627
788 157
788 70
788 193
788 443
788 520
789 93
789 127
789 150
789 475
789 181
790 436
790 248
790 154
790 65
790 427
790 1119
791 754
792 1
792 762
793 129
793 117
794 137
795 184
796 233
796 431
796 785
796 423
796 809
796 282
796 173
796 4
796 356
796 679
796 326
796 183
798 832
798 243
798 283
798 259
798 768
801 682
801 268
802 299
802 201
802 183
802 748
804 662
804 405
804 380
804 639
804 588
804 748
804 79
804 211
804 94
804 1079
804 510
804 443
804 199
804 194
804 523
804 70
804 10
805 17
805 12
806 1098
806 504
806 419
807 318
807 132
807 380
807 89
807 250
807 968
808 332
809 302
811 690
812 678
813 750
813 690
815 515
815 265
815 96
815 141
815 132
816 309
816 331
817 1
818 271
819 1537
820 286
820 343
820 333
820 302
821 495
821 459
822 189
823 721
823 735
823 237
823 53
823 606
823 233
823 172
823 111
823 69
823 427
823 125
823 58
823 209
825 717
825 979
825 245
825 258
826 230
826 258
826 50
826 588
826 802
826 449
828 270
828 269
829 189
829 100
829 190
830 480
830 174
830 498
833 30
833 1143
833 325
833 156
833 653
834 117
834 544
835 281
835 423
835 193
836 496
837 19
838 206
838 128
838 127
839 50
839 323
840 656
840 169
840 493
840 474
840 506
840 14
840 252
840 675
840 639
840 183
840 1065
841 689
842 886
843 195
844 172
844 431
844 1474
846 289
846 568
846 69
846 1041
846 727
846 184
846 463
846 132
846 1118
846 451
846 58
846 208
846 421
846 778
846 196
847 652
847 496
847 151
847 735
847 262
848 485
848 638
848 484
848 154
848 165
848 108
848 427
849 676
850 28
851 527
851 92
851 1105
851 27
853 879
854 83
854 56
854 14
856 316
857 321
859 249
860 305
861 275
862 432
862 147
862 69
862 435
863 313
863 286
863 300
863 895
863 272
863 306
863 321
863 361
864 8
864 9
864 96
864 4
864 223
864 523
864 234
864 73
867 168
867 12
867 134
867 28
867 186
868 23
868 919
868 433
869 100
869 249
870 504
870 64
870 302
870 174
870 9
870 673
871 313
872 310
874 357
874 306
874 182
874 302
874 305
875 481
875 334
875 462
875 327
876 276
877 566
877 56
877 31
877 702
878 514
878 794
878 462
878 179
879 763
880 1059
880 98
880 172
880 1277
880 328
880 226
880 127
880 1267
880 260
880 301
881 276
881 483
881 393
881 177
881 651
881 218
881 654
881 515
881 192
882 28
882 183
882 568
882 89
883 346
883 1171
883 318
883 50
883 173
883 661
884 70
885 418
886 33
886 467
886 56
887 1033
887 928
887 1136
887 427
887 993
888 792
888 514
889 1194
889 246
889 161
889 657
889 1153
889 257
889 1589
889 265
889 856
889 381
890 176
890 204
890 214
890 474
891 756
891 15
892 705
892 136
892 825
892 477
893 410
893 56
893 77
894 26
894 707
894 137
894 170
896 228
896 284
896 527
896 143
896 526
896 692
897 673
897 472
897 234
897 172
898 313
899 234
899 83
899 433
901 222
901 498
901 1035
901 520
902 306
903 187
903 1048
903 154
903 649
903 179
903 87
903 520
903 333
904 280
906 237
907 294
907 764
908 525
909 275
910 237
910 508
910 845
911 478
911 603
911 172
911 969
912 15
913 289
913 57
913 19
916 83
916 213
916 427
916 317
916 174
916 806
916 650
917 246
918 64
918 965
918 498
918 664
919 323
919 813
919 14
919 343
919 181
919 419
919 327
919 334
919 57
921 720
923 295
923 405
924 216
924 632
924 195
924 896
927 1016
927 71
927 420
927 866
927 95
927 426
929 56
930 190
931 283
931 744
931 275
931 126
932 134
932 170
932 611
932 222
932 357
932 45
932 502
932 141
932 98
932 520
932 503
932 494
932 183
932 614
933 789
934 506
934 100
934 488
934 228
934 902
934 163
934 170
934 403
936 111
936 756
936 475
936 237
937 124
938 118
938 225
938 762
939 1277
939 1190
939 283
940 176
940 174
940 1167
941 258
942 50
942 584
942 174
942 945
942 357
943 216
943 193
943 232
943 50
943 195
943 127
943 172
943 188
58 813
67 117
78 1160
80 237
86 327
87 585
100 355
103 96
106 495
117 181
119 1052
122 661
126 302
130 2
132 100
161 186
177 210
186 588
187 83
225 510
234 519
267 250
272 357
273 272
274 742
280 723
281 322
287 276
293 134
328 549
335 269
339 1244
340 172
345 93
350 515
382 23
389 488
396 742
407 519
430 181
446 321
453 48
464 298
479 213
482 311
489 313
490 919
493 22
502 307
520 990
532 468
540 257
550 258
556 482
599 988
610 607
613 297
616 879
619 182
633 183
672 301
684 48
688 877
694 357
703 926
711 283
721 755
722 628
723 50
739 749
746 68
762 875
766 663
771 294
778 42
796 89
818 313
819 381
824 325
826 95
827 301
832 307
862 70
863 902
868 646
871 147
890 134
901 864
910 56
914 155
917 150
919 200
923 815
925 447
926 302
932 205
