1 157
1 265
1 1
1 208
1 239
2 310
4 300
5 169
5 390
5 208
6 64
6 482
6 9
6 131
6 481
6 275
6 173
7 334
7 498
7 497
7 80
7 196
7 132
7 451
8 172
8 403
8 689
8 435
9 615
10 513
10 489
10 333
10 289
10 205
10 711
10 582
10 168
10 234
10 137
10 334
10 474
10 274
10 467
11 427
12 97
12 161
12 28
13 867
13 8
13 874
13 896
13 524
13 99
13 654
13 482
13 208
13 223
13 501
13 319
13 443
13 168
13 601
13 435
13 196
13 506
13 865
13 144
14 222
14 172
14 238
15 300
16 178
16 502
16 591
16 606
18 99
18 137
18 214
18 498
18 142
18 70
18 136
18 58
18 71
18 663
19 310
20 148
20 15
20 588
21 854
21 7
21 200
21 301
22 118
22 96
22 127
22 399
22 195
23 283
23 171
23 96
23 518
24 763
24 71
25 204
25 183
25 427
25 477
26 50
26 126
29 480
30 7
30 1007
30 435
34 312
35 332
35 937
37 7
37 24
38 234
38 1016
38 720
38 1030
39 270
41 514
42 99
42 479
42 385
42 88
42 274
42 203
43 8
43 151
43 52
43 248
43 302
43 161
43 479
43 735
44 523
44 449
44 196
44 228
44 211
44 151
45 284
45 109
45 845
46 100
46 333
46 7
47 262
48 215
48 479
48 209
48 183
48 132
49 7
50 475
51 83
52 742
52 527
52 13
52 151
52 475
52 471
52 121
53 628
53 15
54 748
54 273
55 89
56 91
56 655
56 393
56 769
56 447
57 295
57 257
58 123
58 7
58 340
58 100
59 792
59 581
59 77
59 121
59 28
59 511
59 953
59 12
59 219
59 517
59 521
60 23
60 445
60 166
60 479
60 56
60 218
60 502
60 61
60 529
60 427
62 96
62 134
62 89
62 196
62 153
62 174
64 435
64 591
64 582
64 111
64 199
65 435
65 511
65 197
65 392
65 178
66 127
69 288
70 174
70 181
70 208
72 518
72 135
72 79
73 32
74 333
74 294
74 690
75 460
75 477
76 203
76 182
76 531
77 176
78 289
79 262
82 318
82 11
82 133
83 281
83 191
83 298
84 815
84 64
84 486
85 87
85 479
85 526
85 496
85 485
85 1018
87 410
87 514
87 89
87 367
87 62
87 182
87 411
87 82
88 904
89 321
89 121
89 387
89 15
90 213
90 447
90 480
90 965
90 98
90 489
90 133
90 509
90 971
90 178
90 14
90 356
90 52
90 528
90 699
91 174
91 176
91 328
92 273
92 212
92 13
92 258
92 425
92 313
92 274
92 48
92 154
93 815
93 1
94 246
94 448
94 176
94 61
94 443
94 501
94 1218
95 491
95 71
95 142
95 233
95 7
95 15
95 98
97 663
97 7
97 28
99 100
99 117
100 328
101 50
101 147
102 204
103 294
104 313
106 213
106 25
106 194
106 216
109 157
109 393
109 164
109 588
109 222
110 188
110 77
110 451
110 684
110 33
110 692
113 595
113 1252
114 172
114 171
115 1073
115 1008
115 4
117 789
118 176
119 1197
119 451
119 458
119 298
119 826
121 57
121 25
121 508
123 319
123 100
125 270
125 483
125 174
125 181
126 328
127 294
127 748
128 715
128 131
128 418
128 121
128 223
128 499
128 190
128 425
128 28
129 269
130 1277
130 257
130 1046
130 944
130 443
130 255
130 426
130 147
130 1047
130 94
130 42
130 596
130 176
130 356
132 12
132 127
135 470
136 298
138 182
139 744
140 289
140 303
141 300
141 717
142 134
142 186
143 315
144 855
144 845
144 64
144 709
144 751
144 729
145 89
145 515
145 566
145 270
146 262
148 132
148 474
148 169
148 164
148 56
150 13
150 319
151 971
151 836
151 509
151 805
151 178
151 953
151 435
152 153
152 790
152 724
152 132
154 50
154 200
156 661
156 510
157 127
157 147
157 50
157 273
158 182
158 85
158 82
158 4
158 137
159 866
159 225
159 24
160 24
160 288
160 508
160 93
162 181
164 515
164 282
164 322
166 300
168 1012
168 1197
168 15
168 300
168 273
170 326
173 327
174 1074
174 347
174 210
174 147
174 724
174 196
174 31
174 1028
176 258
177 12
177 508
177 469
177 92
178 71
178 748
178 269
178 168
178 55
178 99
178 410
179 895
180 1131
183 739
183 222
184 287
184 1086
184 137
184 1136
184 285
184 165
184 531
184 196
185 269
185 321
185 25
186 55
186 356
187 659
187 168
187 8
188 673
188 185
189 952
189 1098
189 134
189 847
190 310
190 326
193 1406
193 300
193 276
193 153
194 194
194 218
195 507
195 615
195 582
195 1084
195 143
196 153
197 127
197 665
197 435
197 181
198 428
198 135
198 1
198 238
198 81
199 269
199 313
200 318
200 431
200 174
200 559
200 720
200 69
200 225
200 313
201 1194
201 59
201 1131
201 203
204 262
207 208
207 23
207 42
207 15
207 428
207 125
209 251
210 274
210 79
210 174
211 286
211 257
211 528
212 87
213 568
213 79
213 121
213 479
213 7
213 181
213 288
213 597
214 89
214 508
214 1401
215 202
215 89
215 226
215 50
216 215
216 11
216 150
216 64
217 403
217 566
217 797
218 514
218 100
219 546
221 53
221 257
221 732
221 240
221 1073
221 346
221 69
221 184
222 155
222 66
222 333
222 69
222 232
222 356
222 568
222 219
222 164
223 274
223 111
223 22
224 294
224 686
225 566
225 194
226 24
230 498
230 153
230 176
230 680
231 748
231 289
232 475
232 81
233 515
233 47
233 205
233 644
234 641
234 170
234 357
234 792
234 638
234 178
234 675
234 8
234 1445
234 613
234 602
235 174
235 86
235 319
235 496
235 970
235 175
235 170
236 328
236 298
236 423
236 304
236 134
236 57
236 735
237 178
237 238
239 529
239 478
239 491
239 172
239 605
239 705
240 286
241 286
243 13
243 306
243 191
243 514
244 955
244 953
244 216
244 276
244 1045
244 707
244 508
244 22
244 241
244 95
244 154
244 90
244 521
244 475
244 168
246 227
246 175
246 68
246 413
246 1
248 98
248 55
249 684
249 483
249 98
249 174
249 129
250 480
250 501
250 7
250 92
251 15
251 742
251 275
252 847
253 188
253 200
253 83
253 4
253 485
254 28
254 204
255 249
256 413
256 50
256 684
257 245
257 381
257 165
258 310
259 210
260 333
261 326
262 90
262 433
263 197
263 127
264 401
264 447
264 1103
264 637
265 300
267 433
267 222
267 159
267 727
267 239
267 475
268 425
268 525
269 715
269 664
269 410
269 708
269 124
269 127
270 860
270 703
270 79
270 740
270 794
270 603
270 275
271 480
271 315
271 393
271 191
271 705
271 69
271 196
271 169
271 526
271 98
271 181
271 172
272 32
272 194
274 405
276 173
276 307
276 300
276 123
276 238
276 448
276 1
276 691
276 9
276 732
276 603
276 168
277 282
277 258
278 347
278 294
279 465
279 398
279 47
279 407
279 1500
279 624
279 186
279 826
279 751
280 140
280 5
281 300
283 709
284 304
285 151
286 742
286 176
286 929
286 209
286 1280
286 251
286 202
286 348
287 294
287 249
288 318
289 117
289 24
290 496
291 232
291 144
291 1210
291 28
291 785
292 124
292 661
292 486
292 183
292 1050
292 300
293 479
293 501
293 506
293 179
293 4
293 357
293 653
294 520
294 603
294 410
295 405
295 648
295 265
295 290
295 109
295 82
295 97
295 134
296 303
296 221
296 153
296 696
296 256
296 523
296 510
296 98
296 124
297 209
297 135
297 7
297 20
297 32
298 50
298 993
298 282
298 118
299 166
299 137
299 169
299 645
299 1073
299 778
300 243
300 300
301 693
301 1283
301 426
301 22
301 790
301 405
301 559
301 95
303 210
303 176
303 715
303 491
303 411
303 143
303 83
303 255
303 790
303 268
303 64
305 169
305 1456
305 471
305 655
305 196
305 793
305 511
305 382
305 654
306 744
307 433
307 209
307 189
307 99
307 197
307 580
308 511
308 275
308 174
308 162
308 156
308 180
308 89
308 429
308 1135
308 588
308 568
308 204
309 286
310 14
310 536
311 385
311 356
311 136
311 588
311 750
311 82
311 15
311 482
312 183
312 813
312 656
312 513
312 176
312 608
312 671
313 504
313 526
313 520
313 238
313 393
313 443
313 604
314 924
314 418
314 780
314 562
314 155
314 1016
314 623
314 237
314 366
315 93
315 461
315 216
315 382
316 521
316 531
317 260
318 64
318 239
318 194
318 257
318 722
318 735
318 211
320 17
320 11
320 625
320 248
320 92
321 483
321 511
321 153
321 132
322 507
322 127
323 1050
323 763
324 294
324 323
324 846
324 879
324 260
324 872
325 186
325 835
325 483
325 23
326 648
326 132
327 896
327 22
327 709
327 11
327 268
327 200
327 153
327 960
327 81
327 1100
327 173
327 188
327 806
327 447
328 291
328 645
328 211
328 127
330 185
330 51
330 153
330 172
330 252
330 238
330 47
331 302
332 1016
332 1244
332 172
332 181
332 748
334 337
334 525
334 1170
334 518
334 169
334 134
334 59
334 93
334 190
334 179
334 168
335 307
336 70
337 15
338 216
338 517
338 498
339 92
339 183
339 1
339 45
339 47
339 185
339 156
340 497
340 196
340 15
341 881
342 133
342 114
342 293
342 301
342 14
342 657
343 208
343 387
343 144
343 199
343 405
343 187
343 57
343 203
344 222
344 408
344 272
345 262
345 311
345 287
345 151
345 12
346 496
346 121
347 959
347 328
347 282
347 125
347 181
348 100
348 975
350 204
351 984
351 326
351 286
351 341
352 50
352 657
352 39
354 208
354 753
354 19
354 297
354 175
354 744
354 93
354 57
355 336
355 681
357 405
357 280
357 597
358 114
358 512
359 50
360 258
360 257
360 134
360 248
360 23
361 654
363 288
363 102
363 752
363 2
363 235
363 47
365 268
365 321
366 53
366 445
366 56
367 567
367 246
370 484
370 100
371 186
371 50
371 234
372 218
373 99
373 161
373 1147
373 95
373 655
373 68
373 66
373 1066
374 127
374 265
374 762
374 288
374 186
376 100
378 304
378 317
378 54
378 792
378 423
378 709
378 286
378 729
378 14
378 82
379 842
379 622
379 204
379 451
379 89
379 153
379 707
379 177
379 7
379 227
379 414
380 71
380 732
380 318
380 463
381 378
381 304
381 13
381 443
382 357
382 177
382 9
383 268
383 137
383 238
384 300
385 127
385 201
385 659
385 504
385 1353
385 131
385 529
385 1008
387 195
387 501
388 569
388 678
388 333
388 266
389 1298
389 371
389 496
389 693
389 778
389 79
390 740
390 286
391 59
391 186
391 177
392 165
392 333
392 303
392 246
392 297
393 1446
393 9
393 761
393 1409
393 1468
393 258
393 50
393 4
393 322
393 500
393 922
394 288
394 79
395 632
397 221
397 192
397 210
397 346
397 7
397 171
397 178
398 705
398 64
398 87
398 837
398 176
398 430
399 15
401 328
402 515
403 222
403 127
404 258
404 294
405 28
406 15
406 434
406 1194
406 474
406 52
406 123
406 199
407 230
407 173
407 7
407 239
407 211
409 1021
409 165
409 50
409 318
409 357
409 30
411 318
416 140
416 199
416 27
416 298
416 790
416 1147
416 31
416 197
416 1136
416 462
416 173
416 150
416 378
416 241
416 258
416 1011
416 866
416 929
416 157
416 755
417 1016
417 11
417 425
417 506
417 190
417 944
417 402
417 195
417 1135
417 357
420 302
421 50
422 919
422 1187
423 304
425 89
425 358
425 39
426 519
426 134
426 663
426 673
428 1024
429 737
429 204
429 12
429 197
429 508
429 196
429 93
430 328
430 12
430 151
430 656
431 294
432 248
432 678
435 159
435 2
435 7
435 210
435 49
435 546
435 191
435 258
437 582
437 1599
437 239
437 95
437 419
437 657
438 245
438 1
438 252
440 213
440 70
442 159
442 129
442 1170
443 313
444 912
445 151
447 25
447 174
447 952
447 68
448 902
449 1073
449 224
449 515
449 475
450 114
450 607
450 1119
450 237
450 1028
450 12
450 229
450 179
450 111
450 528
450 1039
450 493
450 716
450 692
450 1303
450 451
450 742
451 331
451 324
452 124
452 805
452 48
453 22
453 98
453 496
454 496
454 143
454 293
454 69
454 79
455 50
455 258
455 660
455 135
455 118
455 223
456 187
456 208
456 196
456 474
456 1019
456 42
456 952
457 216
457 97
457 179
457 58
457 1
457 709
457 219
457 588
457 230
457 31
457 402
458 847
458 1101
459 7
459 257
459 50
459 523
460 146
463 246
463 257
463 690
464 705
464 264
464 16
465 1
466 328
466 260
466 1607
467 1016
468 191
468 180
468 200
468 143
468 293
468 25
469 510
472 742
472 258
472 214
472 257
472 472
472 64
472 94
472 678
472 63
472 358
472 890
472 176
472 625
472 161
472 401
472 760
474 137
474 69
474 642
474 215
474 23
474 609
474 178
474 684
474 45
474 161
474 661
474 204
474 481
474 126
474 618
474 649
474 611
477 1041
478 1
478 12
479 88
479 177
479 183
479 436
479 1039
480 165
480 1388
481 505
482 245
483 283
484 778
484 7
484 186
484 15
484 73
486 137
486 475
486 25
486 237
486 275
487 92
487 176
487 399
487 3
487 1016
487 588
487 265
488 15
488 211
488 357
488 203
488 64
488 168
489 288
489 1238
491 493
491 116
491 408
491 340
491 19
492 523
493 50
493 208
493 196
493 746
493 96
493 258
494 50
495 54
495 218
495 742
495 1119
495 633
495 479
495 153
496 50
496 318
497 189
497 127
497 382
497 172
497 716
498 50
498 238
498 12
498 156
498 98
498 484
500 640
500 582
500 289
500 111
500 97
500 1069
501 108
501 844
502 288
503 216
503 582
503 20
503 133
503 69
503 100
503 86
503 275
503 226
504 208
504 846
504 620
504 404
504 212
504 77
504 449
504 5
504 71
505 22
505 95
505 140
505 73
505 164
506 233
506 399
506 479
506 53
506 191
506 1279
506 1020
506 295
506 611
507 328
507 691
507 751
507 597
508 154
513 258
514 283
514 474
514 88
514 796
514 655
514 682
514 154
514 197
517 222
517 275
518 744
518 273
519 349
519 1062
520 269
521 179
521 22
522 135
523 662
523 66
524 702
524 423
524 124
524 182
524 474
524 965
524 31
524 845
526 272
526 408
527 172
527 182
527 185
527 12
527 511
527 588
527 191
527 514
527 93
528 181
529 319
529 286
531 323
532 307
532 739
532 332
532 402
532 421
532 427
532 404
532 195
532 1011
533 222
533 203
533 566
533 50
533 257
533 274
533 161
534 148
534 591
535 207
535 1063
535 211
535 204
535 277
535 11
535 483
535 654
536 82
536 486
536 148
536 164
536 265
537 58
537 641
537 208
537 718
537 213
537 661
538 223
540 25
540 596
540 475
541 181
541 474
542 168
542 179
543 566
543 195
543 591
545 379
545 405
545 172
545 181
546 977
546 258
548 233
548 293
548 55
548 950
548 39
548 273
548 326
550 538
551 313
551 64
551 281
551 200
551 143
551 76
551 1028
551 475
551 230
553 131
554 265
554 172
554 1046
554 275
554 50
555 117
555 505
556 268
556 321
557 246
557 529
557 166
557 334
559 174
559 300
559 427
559 197
560 318
560 168
560 1021
560 270
561 1069
561 179
561 469
561 1131
561 664
561 484
561 1512
563 153
564 117
565 855
565 515
566 631
566 133
566 191
566 8
566 127
567 679
567 134
567 124
567 492
567 302
567 659
567 47
567 1204
567 478
567 513
567 60
567 647
568 478
568 615
569 126
569 340
569 287
569 473
572 813
573 713
575 173
576 471
576 514
576 50
577 941
577 168
577 12
577 436
577 623
577 627
579 582
579 111
579 50
580 250
582 268
585 1488
585 1558
585 1501
586 144
586 403
586 356
586 215
586 67
587 332
587 316
588 959
588 161
588 51
588 1078
588 288
588 428
588 217
588 99
588 559
589 310
589 332
589 688
589 313
590 740
592 346
592 89
592 1264
592 99
592 168
592 833
592 433
592 350
592 735
592 686
592 255
592 197
593 282
593 200
593 318
593 26
595 864
601 250
601 208
601 100
601 198
603 474
605 601
605 12
605 294
606 1518
606 421
606 250
606 385
606 959
606 117
606 273
607 707
608 753
608 100
608 462
609 304
609 125
610 315
610 751
611 311
613 272
615 638
615 527
615 736
615 14
616 331
616 292
617 868
617 646
617 480
618 100
618 135
618 507
619 187
620 240
620 268
620 699
621 181
621 578
621 41
621 405
621 95
621 172
622 693
622 367
622 176
622 56
622 127
622 737
622 169
624 980
624 268
624 282
625 179
625 393
627 7
627 434
627 318
627 271
627 241
627 317
627 511
627 68
627 12
629 317
629 292
629 210
630 273
631 307
632 318
632 98
632 22
633 28
638 238
638 550
638 50
639 462
639 86
639 835
639 488
640 189
640 382
640 174
640 919
640 249
641 89
641 124
642 686
642 931
642 932
642 1078
642 208
642 1032
642 368
642 584
642 386
643 28
643 177
643 195
643 223
643 154
643 187
643 210
643 72
644 1620
644 322
645 318
645 434
645 209
645 177
647 196
647 147
647 72
647 588
648 431
648 168
648 484
648 183
648 629
648 1050
648 566
648 123
648 407
648 164
648 22
649 1
650 511
650 357
653 448
653 22
654 70
654 223
654 588
654 423
654 720
655 48
655 942
655 285
658 408
658 515
658 530
658 100
658 257
658 429
658 467
659 174
659 1172
659 443
659 528
659 192
659 526
661 161
661 181
661 195
662 100
663 313
663 187
665 185
665 476
665 210
665 473
665 411
666 255
666 430
666 651
666 498
666 1011
667 9
667 315
669 479
669 1
669 523
670 8
670 611
671 38
671 177
671 23
671 12
674 866
675 344
676 50
676 520
676 181
676 302
677 471
677 237
679 727
680 169
682 518
682 946
682 658
682 241
683 513
686 22
686 12
686 127
686 480
689 250
690 67
690 56
691 170
692 866
692 238
693 488
693 25
694 195
694 88
694 144
694 118
694 141
694 176
694 604
694 610
694 177
695 678
695 268
696 520
696 178
697 324
697 250
697 1
697 301
697 7
699 13
699 989
699 269
701 292
702 380
703 237
703 300
705 117
705 623
707 15
707 190
707 792
707 705
707 93
707 305
707 660
709 69
710 180
710 99
710 419
711 312
711 79
711 1168
711 549
711 475
711 143
711 200
711 134
711 707
712 465
712 294
715 426
715 789
715 546
715 174
715 288
715 204
716 836
716 28
716 655
716 740
716 414
716 1039
716 79
716 611
717 111
717 287
718 597
720 262
720 304
720 321
720 1176
720 315
721 732
721 179
721 97
721 684
721 22
722 25
725 873
726 1059
726 25
727 403
727 118
727 203
727 748
728 15
728 282
730 151
730 269
733 290
733 221
735 475
735 690
737 154
737 180
738 180
738 205
738 178
738 603
738 181
738 659
738 174
739 1429
741 218
741 70
742 127
743 224
743 297
746 79
746 183
747 304
747 481
747 923
747 215
747 208
747 480
747 1203
747 70
747 83
748 114
748 603
748 4
748 58
749 68
749 211
749 239
749 663
749 705
749 465
750 269
751 215
751 1007
751 708
752 332
752 358
753 523
753 272
756 178
757 174
757 198
757 91
757 742
757 101
757 64
758 455
758 640
758 202
758 578
758 139
758 237
758 56
758 474
758 1159
758 350
758 315
758 1034
758 181
759 748
759 50
759 332
759 471
759 181
761 117
762 286
763 510
763 191
763 25
763 515
764 95
764 28
764 200
764 218
765 127
766 182
766 89
766 23
766 520
767 921
767 506
767 56
768 476
768 255
770 111
771 86
771 172
771 242
772 258
773 1097
773 45
773 531
773 455
773 181
773 183
773 182
774 199
777 521
778 226
779 111
780 216
782 1038
782 250
782 895
783 887
783 750
784 313
786 418
786 1
786 126
788 322
788 200
788 331
788 176
788 144
790 15
790 685
790 50
790 116
793 250
793 109
793 844
794 514
795 7
795 123
796 216
796 449
796 607
796 1049
796 633
796 77
796 237
796 272
796 578
796 869
798 323
798 491
798 465
798 275
798 79
798 692
799 50
802 646
803 325
804 529
804 229
804 252
804 87
804 96
804 28
804 99
805 151
805 422
805 169
805 1065
805 1
805 357
805 352
805 856
806 216
806 433
806 89
807 300
807 102
807 211
807 1063
807 633
807 161
807 576
807 449
807 393
808 333
808 313
808 286
811 323
811 678
815 65
815 154
815 86
815 735
815 405
815 527
815 625
815 404
815 357
815 176
816 690
817 358
818 346
819 304
821 22
821 504
821 151
821 483
823 418
823 154
823 187
823 659
823 739
823 186
823 191
823 404
825 423
825 685
825 326
826 651
827 302
830 427
830 177
830 510
831 1
831 354
831 317
831 237
831 181
831 326
833 671
833 192
834 762
834 288
834 148
835 486
835 393
835 191
835 313
836 269
836 302
837 289
837 283
838 222
838 8
838 283
838 750
838 50
838 169
840 208
840 168
840 79
840 480
840 519
841 313
842 752
843 561
844 151
846 499
846 721
846 684
846 187
846 22
846 448
846 86
846 576
847 1160
847 183
847 8
848 479
848 25
848 234
848 214
848 32
849 27
850 97
851 258
851 313
851 1143
851 132
851 307
852 1052
852 127
854 924
854 487
855 475
855 855
857 275
859 15
860 286
860 100
860 4
860 302
860 517
861 292
862 1009
862 181
862 737
862 7
862 1093
862 228
862 767
862 505
862 433
862 434
863 344
863 271
864 471
864 343
864 67
864 472
864 451
864 239
864 31
864 318
864 24
864 625
865 302
865 408
865 455
865 294
867 498
867 657
867 191
867 431
867 496
867 1154
868 183
868 150
868 922
868 408
869 411
870 286
870 17
870 499
870 475
870 203
870 181
870 367
870 568
870 193
872 272
874 654
875 937
875 603
875 56
875 134
877 237
877 553
877 549
879 117
880 728
880 405
880 65
880 96
880 195
880 550
880 549
880 288
880 8
880 568
880 588
881 742
881 1
881 205
881 414
881 380
881 8
881 511
881 282
881 216
881 127
881 117
881 187
882 69
883 172
883 515
883 945
883 603
883 989
883 81
883 12
883 589
883 275
883 168
884 9
884 212
885 161
885 596
886 157
886 180
886 318
886 177
886 12
886 693
886 191
886 833
887 50
887 1540
887 710
887 578
887 393
887 1051
887 132
888 237
889 33
889 520
889 144
889 98
889 718
889 1022
889 607
889 96
889 430
889 318
890 632
890 489
890 1149
890 523
891 531
891 126
892 31
892 430
892 265
892 429
892 28
892 233
893 1
893 118
894 303
894 887
894 245
894 262
894 534
895 328
896 248
896 751
896 70
896 187
896 1
896 651
897 182
897 161
897 28
897 679
897 98
897 423
898 315
899 176
899 48
899 95
899 255
901 35
901 423
902 483
903 405
903 528
903 60
903 427
903 48
903 409
904 739
904 278
905 458
905 313
906 740
906 221
906 408
907 1028
907 1051
907 472
907 235
907 96
908 694
908 133
908 478
908 648
910 117
910 174
911 709
911 588
911 855
912 423
912 97
912 1041
912 659
913 203
913 518
913 50
913 185
913 168
913 195
914 371
916 583
916 223
916 236
916 203
916 92
916 52
917 740
917 276
918 86
918 606
918 1639
918 921
919 1278
919 286
919 126
919 742
919 300
921 659
921 252
922 51
922 50
922 418
923 825
923 282
923 293
924 96
924 237
924 173
927 257
927 138
927 422
927 421
927 237
927 118
928 98
928 172
929 135
929 50
931 125
931 304
931 181
932 14
932 135
932 486
932 496
932 647
932 162
932 517
932 274
932 9
932 430
932 427
932 208
932 179
933 174
933 194
933 151
933 64
934 794
934 703
934 1411
934 168
934 432
934 419
935 597
936 285
936 181
936 127
936 9
936 272
937 93
938 1028
938 823
939 546
939 742
939 411
939 298
940 294
940 194
940 98
940 317
941 1007
941 455
942 661
942 750
942 347
942 496
942 480
943 182
943 56
943 201
1 212
1 57
1 16
1 250
1 129
1 42
1 210
1 95
2 316
2 292
3 260
3 328
3 348
4 301
5 446
5 428
5 24
6 419
6 211
6 530
6 514
6 191
6 494
6 165
7 641
7 513
7 217
7 491
7 526
7 503
7 612
7 187
7 643
7 100
7 9
7 660
7 455
8 56
8 79
9 371
9 298
10 504
10 133
10 164
10 588
10 629
10 655
10 499
11 692
11 100
11 173
11 713
11 402
11 434
11 745
12 684
12 754
12 98
12 471
13 606
13 212
13 127
13 14
13 4
13 137
13 491
13 502
13 585
13 739
13 517
13 71
13 615
13 183
14 240
14 428
15 866
15 310
16 143
16 12
16 7
16 531
16 404
18 162
18 639
18 631
18 26
18 483
18 519
18 210
20 118
21 330
21 853
22 117
22 712
23 83
23 432
23 50
23 134
24 79
24 402
25 174
26 127
28 79
28 529
29 180
29 874
30 780
30 164
31 262
36 333
37 385
38 419
38 35
38 678
38 82
40 333
40 268
41 486
42 423
42 742
42 1044
42 591
42 54
42 684
42 468
42 1028
42 143
42 194
43 4
43 102
43 294
43 49
43 191
43 591
44 185
44 260
44 432
44 81
44 204
45 282
45 237
45 111
46 286
46 93
47 302
49 372
50 547
53 50
53 1087
54 288
55 181
56 298
56 181
56 28
56 44
56 210
56 71
56 117
56 73
57 28
57 8
58 222
58 640
58 240
59 201
59 131
59 30
59 69
59 423
59 100
59 228
59 506
59 608
59 98
59 191
59 1074
59 663
59 510
60 197
60 661
60 508
60 482
60 558
60 173
60 810
60 132
60 175
60 59
60 523
60 95
60 1060
60 160
60 485
60 199
60 275
60 50
62 298
62 121
62 357
62 433
63 286
63 1137
64 31
64 9
64 176
64 746
64 12
64 184
64 1133
65 676
65 196
65 1129
66 535
68 276
69 1144
69 298
69 12
70 189
70 751
71 276
71 357
71 168
71 923
72 581
72 96
72 530
72 479
72 844
73 127
73 514
73 197
75 696
75 301
76 61
76 172
76 89
77 498
77 519
78 237
80 64
81 280
81 237
81 7
83 692
83 252
83 204
83 660
84 7
84 748
84 273
84 95
84 237
84 300
84 543
85 136
85 180
85 449
85 179
85 133
85 14
85 708
85 83
85 357
86 683
86 259
86 1176
87 210
87 1041
88 261
88 326
89 301
89 269
89 475
90 813
90 617
90 30
90 505
90 241
90 427
90 491
90 197
90 493
90 521
91 429
91 210
91 1192
91 264
91 82
91 79
92 159
92 727
92 196
92 9
92 174
92 1142
92 508
92 500
93 235
94 1065
94 588
94 174
94 625
94 650
94 447
94 58
94 186
94 32
94 806
94 942
94 581
94 644
94 91
94 1153
94 1011
95 655
95 228
95 153
95 88
95 1206
95 1126
95 191
95 257
95 520
95 625
96 318
96 479
96 183
99 1048
99 402
99 4
99 69
99 173
99 367
99 829
99 11
99 172
100 294
101 284
101 866
102 307
102 612
102 447
103 527
104 285
104 290
104 257
104 628
104 276
105 268
105 327
106 77
106 223
109 121
109 742
109 25
109 210
110 288
110 1188
110 307
111 301
112 331
113 333
113 246
113 268
114 482
114 357
115 192
115 176
116 258
116 310
116 730
117 405
117 150
117 173
117 1012
117 176
118 22
118 172
118 317
119 455
119 475
119 210
119 546
119 354
120 742
120 50
121 275
122 1074
122 403
123 192
123 321
123 197
124 166
125 158
125 493
125 64
125 393
125 568
125 290
125 756
125 258
127 227
128 159
128 216
128 265
128 48
128 483
128 136
130 289
130 68
130 739
130 95
130 123
130 233
130 508
131 297
131 14
131 100
131 269
134 678
136 303
136 515
136 1142
136 275
136 116
137 597
137 195
138 519
138 517
138 194
139 303
139 286
140 286
141 252
141 274
141 294
141 1028
141 866
141 258
144 127
144 847
144 326
144 117
144 318
145 42
145 742
145 117
145 7
145 572
145 269
145 652
145 358
145 234
145 674
145 436
146 345
146 272
146 258
147 258
147 305
148 70
148 8
148 172
148 227
149 305
150 235
151 133
151 1113
151 222
151 610
151 52
151 56
151 287
151 1197
151 528
151 605
152 220
152 685
152 371
152 274
152 1301
157 244
157 410
158 89
158 217
158 568
158 502
158 175
158 38
159 1221
159 259
159 1152
159 597
159 685
160 117
160 248
160 1142
160 175
160 293
160 250
160 169
160 671
162 222
164 329
164 331
164 252
164 984
164 370
164 100
164 258
164 1025
165 216
167 478
168 117
172 183
173 332
173 879
174 125
174 100
174 371
174 111
174 87
174 69
175 136
176 150
176 7
177 23
177 60
178 1
178 655
178 15
178 16
178 433
178 184
178 763
178 22
178 174
180 735
180 53
181 9
183 202
184 283
184 676
184 86
184 423
184 262
184 1167
184 221
185 181
185 740
185 845
186 77
186 38
186 566
186 1016
186 330
187 191
187 196
187 186
188 591
188 204
188 651
188 484
188 97
189 14
189 483
189 8
189 127
190 147
192 100
192 287
193 177
193 187
193 443
193 739
193 301
194 204
194 511
195 298
195 328
195 387
197 344
198 168
198 193
198 942
198 531
200 831
200 140
200 392
200 265
200 228
200 373
200 826
201 588
201 556
201 318
201 26
201 188
203 151
204 9
204 242
207 531
207 514
207 660
207 1283
207 393
207 754
210 50
210 69
210 631
210 527
210 134
212 197
212 286
213 218
213 193
213 229
213 463
214 174
214 496
214 64
215 134
215 195
215 64
216 156
217 300
218 516
219 114
219 855
220 303
221 568
221 56
221 32
222 144
222 135
222 693
222 222
222 7
222 689
222 97
222 796
223 333
224 402
226 56
226 405
226 69
226 408
227 129
228 655
230 211
230 499
230 161
230 742
231 846
232 302
232 204
232 268
232 531
232 1
232 48
233 275
233 82
233 257
233 212
234 229
234 22
234 970
234 634
234 208
234 136
234 615
234 513
234 530
235 419
235 70
235 69
235 483
236 191
237 474
237 185
237 498
239 187
239 1204
239 462
239 479
239 91
239 175
240 302
242 934
242 361
242 1152
243 285
243 1281
244 9
244 409
244 268
244 196
244 31
244 1168
244 708
244 655
244 410
246 444
247 251
247 1
249 479
249 175
251 1014
251 121
251 79
251 281
251 50
253 89
253 96
253 173
253 806
253 100
254 596
254 136
255 147
255 405
256 988
256 472
256 597
256 82
256 237
256 127
256 732
256 864
256 716
256 761
256 284
258 311
258 332
259 484
259 200
260 334
261 259
261 245
262 553
263 181
263 661
263 328
263 495
263 168
264 7
264 70
264 19
264 211
265 328
265 294
267 684
267 367
267 31
267 50
267 518
267 172
267 114
268 288
268 7
268 211
268 4
268 286
268 244
268 153
268 176
269 23
269 151
269 56
269 661
269 998
269 496
270 736
270 452
270 379
270 815
270 727
271 9
271 866
271 224
271 275
272 79
274 98
274 208
274 277
274 1
274 628
275 181
276 226
276 153
276 25
276 69
276 404
276 959
276 429
276 333
276 354
276 640
276 942
276 53
276 417
276 474
279 434
279 455
279 433
279 638
279 165
279 382
279 211
279 4
279 824
279 413
279 92
279 24
279 17
280 288
280 781
280 200
280 609
280 660
280 12
281 877
281 288
283 216
284 307
286 778
286 969
286 559
286 280
286 301
286 11
286 34
286 133
286 298
286 50
286 955
286 1038
286 1014
286 272
287 340
287 117
287 168
288 520
288 176
288 97
290 118
290 95
291 202
291 475
291 210
291 943
291 1017
291 226
292 199
292 523
293 657
293 303
293 404
293 483
293 492
293 435
293 211
293 71
293 50
294 751
294 123
294 301
294 151
294 295
294 546
295 99
295 52
295 1459
295 229
295 100
295 414
295 89
295 137
295 740
296 508
296 475
296 125
296 89
296 134
297 154
297 1007
297 156
297 268
298 507
298 178
298 58
298 205
298 132
298 187
299 211
299 753
299 641
299 275
299 86
299 692
299 47
299 134
299 98
301 97
301 719
301 132
301 58
301 294
301 523
301 181
301 340
303 655
303 95
303 109
303 137
303 596
303 423
303 201
303 93
303 386
303 763
303 50
303 813
303 179
305 286
305 7
305 638
305 315
305 921
306 269
306 242
306 275
307 215
307 21
307 56
307 1411
308 665
308 192
308 135
308 393
308 30
308 741
308 1045
308 99
308 428
308 230
308 469
308 185
308 12
308 152
308 59
309 319
309 334
311 173
311 471
311 233
311 520
311 51
311 89
311 64
311 31
311 483
311 748
311 448
311 176
311 423
311 204
311 213
312 543
312 50
312 684
313 474
313 132
313 659
313 199
314 255
314 417
314 7
314 28
314 1471
314 939
314 946
315 286
315 276
315 673
315 513
315 23
316 190
316 180
316 100
316 14
317 313
317 354
318 312
318 72
318 137
318 285
318 605
319 333
320 568
320 827
320 774
320 800
320 257
321 59
321 611
321 133
321 498
321 180
321 275
322 513
322 521
324 328
324 273
324 258
325 1523
325 502
325 506
325 525
325 475
326 228
326 701
326 202
326 211
327 533
327 47
327 1070
327 181
327 246
327 588
327 190
328 241
328 58
328 750
328 1483
328 742
328 12
328 614
328 162
328 237
328 172
328 531
328 511
328 73
328 474
328 82
329 303
330 419
330 215
330 100
330 105
330 1084
330 91
332 22
332 684
332 471
332 742
332 597
332 195
332 11
332 273
332 82
333 88
334 185
334 403
334 127
334 427
334 222
334 430
334 163
334 153
334 171
334 116
336 186
336 257
336 1047
336 153
337 67
338 1124
338 945
338 169
338 513
338 582
339 134
339 203
339 7
339 431
339 196
339 509
339 433
340 486
340 378
340 480
340 204
342 129
342 482
342 428
343 13
343 334
343 223
343 83
343 943
343 8
343 147
343 20
344 357
344 151
344 228
344 511
345 100
345 272
345 405
345 485
345 51
345 223
346 204
346 550
346 141
347 227
347 85
347 222
348 974
349 10
350 479
350 127
351 322
352 12
354 478
354 1039
354 956
354 513
354 889
356 328
357 275
357 713
358 65
359 270
360 64
360 483
361 319
361 531
361 435
361 514
363 660
363 210
363 137
363 150
363 919
363 778
363 746
363 93
366 17
367 448
367 201
367 164
367 672
368 551
368 50
369 114
370 661
372 333
372 446
372 327
373 209
373 520
373 729
373 633
373 649
374 11
374 468
374 39
374 5
374 164
374 815
374 393
374 192
374 159
375 302
376 357
378 52
378 703
378 1147
378 629
378 591
379 124
379 644
379 186
379 131
379 251
379 705
379 143
380 1
380 663
381 318
381 1401
383 58
384 879
385 1367
385 429
385 89
385 1158
385 56
385 945
385 483
385 1121
386 222
387 508
387 258
387 1129
387 583
387 50
387 603
387 99
387 93
387 22
387 447
388 98
388 147
389 474
389 1007
389 132
389 954
389 497
389 485
391 696
391 56
391 133
391 603
391 507
392 1143
392 127
392 1226
392 50
393 136
393 732
393 1063
393 386
393 117
393 72
393 222
393 497
393 342
393 833
394 540
394 179
394 561
394 496
395 97
395 215
396 546
396 237
397 338
397 56
397 474
398 144
398 498
398 70
399 772
399 91
400 343
401 515
401 435
401 493
402 151
402 483
402 273
403 148
403 151
403 100
404 307
404 328
405 56
405 127
405 67
405 193
405 729
405 318
405 448
405 218
405 204
405 949
406 436
406 513
406 520
406 638
406 505
406 5
406 39
406 117
406 496
407 177
407 508
409 191
409 216
409 181
409 607
409 854
409 214
409 186
411 451
411 210
411 566
411 209
412 211
412 651
412 117
414 886
414 895
416 658
416 625
416 729
416 660
416 699
416 366
416 347
416 712
416 64
416 418
416 367
416 659
416 746
416 295
416 191
416 346
416 690
416 49
416 178
417 117
417 118
417 268
417 83
417 95
417 748
419 514
419 174
419 197
420 547
420 179
422 477
422 558
422 184
423 15
423 887
423 620
423 628
424 15
424 304
425 853
425 64
425 474
425 327
425 200
425 316
426 848
426 474
426 99
427 1296
427 258
429 419
429 157
429 499
429 702
429 58
429 47
429 52
429 190
429 23
430 297
431 322
433 174
434 220
435 188
435 748
435 1103
435 1401
435 307
435 201
435 786
435 298
436 161
436 187
436 856
436 433
436 66
437 658
437 415
437 1142
437 483
437 208
437 1063
437 651
439 290
439 285
439 268
440 57
440 1105
443 343
443 271
447 498
447 1009
447 31
447 1315
447 22
448 340
449 137
449 1006
449 212
450 181
450 287
450 215
450 69
450 926
450 153
450 474
450 714
450 481
450 660
450 837
450 22
450 278
450 699
450 900
450 470
450 775
450 865
451 301
452 482
452 945
453 69
453 3
453 403
453 750
454 118
454 174
455 269
455 77
455 508
455 523
455 939
456 1059
456 258
456 461
457 83
457 367
457 366
457 403
457 79
457 729
457 117
457 455
457 8
458 283
458 1070
458 285
458 588
458 7
458 473
458 318
458 127
458 178
458 190
458 632
458 56
459 8
459 230
459 1
460 312
460 20
461 304
462 289
462 873
463 269
463 473
463 751
463 268
463 250
464 326
464 879
464 288
464 194
466 182
466 908
466 50
468 461
468 204
468 182
468 15
468 531
468 13
469 495
469 199
470 284
470 9
470 19
472 51
472 229
472 22
472 743
472 120
472 288
472 68
472 168
472 633
472 91
473 137
473 256
474 170
474 416
474 285
474 939
474 509
474 1123
474 174
474 136
474 657
474 194
474 210
474 276
474 431
474 88
474 150
475 902
476 239
477 794
477 815
477 546
478 81
478 288
479 111
479 655
480 603
480 654
481 659
481 98
484 173
484 150
484 926
484 588
484 419
484 755
485 302
486 303
486 935
486 50
487 282
487 191
487 1035
487 28
487 237
487 128
488 223
489 331
490 124
492 1098
492 242
493 455
493 273
493 209
493 1016
494 924
494 174
495 573
495 183
495 944
495 185
495 435
495 56
495 507
496 33
496 921
496 561
496 432
497 943
497 96
497 541
497 144
498 203
498 464
499 136
499 98
499 205
499 7
499 307
499 207
500 425
500 517
500 69
500 183
500 31
502 333
503 293
503 97
503 546
504 162
504 161
504 651
504 729
504 416
504 310
504 225
504 612
504 200
505 496
506 430
506 176
506 173
506 568
506 530
506 945
506 1016
506 47
506 182
507 754
507 306
507 147
507 181
508 357
511 313
511 294
512 318
512 183
513 739
514 408
514 202
514 313
514 652
515 895
515 288
515 313
516 582
517 761
518 1
518 696
519 340
521 195
521 117
522 180
522 208
523 694
523 306
523 1069
523 516
523 1472
523 114
523 211
523 153
524 928
524 482
524 310
526 100
526 302
526 7
526 269
527 211
527 144
527 209
527 238
528 82
528 523
530 476
530 582
532 284
532 218
532 692
532 12
532 210
532 117
532 570
532 9
532 1221
532 535
532 203
533 242
533 230
533 297
533 450
533 480
533 427
533 550
533 126
533 676
534 1054
534 756
534 823
534 1199
535 132
535 614
535 185
535 131
535 137
535 166
535 1101
535 129
535 631
535 484
536 168
536 378
536 487
536 423
537 211
537 515
537 483
537 283
537 507
538 216
538 195
538 191
538 215
539 132
541 709
541 596
541 50
541 651
542 58
542 238
542 181
542 523
542 194
542 192
543 521
543 83
543 528
543 1194
543 59
545 230
545 95
545 578
545 1028
546 717
546 164
548 176
548 642
548 203
548 255
550 288
551 1136
551 188
551 176
551 732
551 294
551 505
551 273
551 448
551 233
551 17
551 183
551 975
552 50
553 190
554 252
554 209
554 71
555 236
555 249
556 209
556 327
556 134
557 197
557 298
557 307
557 300
559 520
559 265
560 183
560 405
561 168
561 657
561 518
561 86
562 432
562 143
562 190
562 141
563 233
563 70
563 220
564 121
564 245
565 70
566 511
566 265
566 959
566 202
566 673
566 736
567 32
567 611
567 59
567 188
567 182
567 192
567 469
567 152
567 525
568 79
568 423
569 321
569 301
573 275
573 144
573 523
576 210
576 70
577 217
577 407
577 68
577 427
577 100
577 423
579 83
579 709
580 825
581 137
581 844
581 515
582 508
582 7
582 477
583 286
583 519
584 258
585 59
585 923
586 379
587 914
588 206
588 258
588 463
588 684
588 162
589 333
589 877
589 300
589 678
590 475
590 137
590 275
591 1099
591 25
592 467
592 258
592 410
592 533
592 847
592 7
592 251
592 169
592 297
592 975
592 237
592 285
592 135
592 789
592 1071
593 111
593 284
593 747
593 742
593 223
593 71
595 460
595 127
596 181
597 50
599 471
599 1277
600 550
600 399
601 671
601 260
601 222
601 584
601 763
603 183
605 582
606 64
606 178
606 11
606 655
606 508
606 50
606 651
606 491
606 628
607 56
608 213
608 483
608 204
610 51
610 216
611 334
611 333
613 50
613 530
615 660
615 197
615 192
616 288
616 258
617 444
617 100
617 635
618 237
618 966
618 196
619 385
619 50
620 928
620 15
620 565
621 148
621 117
622 89
622 568
622 434
623 210
623 435
624 127
624 919
624 7
625 216
625 222
627 300
627 82
627 1194
627 193
627 70
627 258
628 938
629 64
629 276
629 199
629 475
630 118
631 346
631 886
632 404
632 845
632 69
633 939
634 595
634 272
634 1197
637 742
638 210
638 144
638 117
639 778
639 194
639 694
640 233
640 47
640 2
640 55
640 22
642 237
642 259
642 928
642 585
642 462
642 88
642 147
642 72
642 1415
643 496
643 969
643 143
643 436
643 428
643 39
644 291
644 250
644 300
645 959
645 188
645 172
645 656
645 960
645 46
645 173
646 1022
648 63
648 1271
648 740
648 186
648 234
648 67
648 72
648 323
648 226
648 500
648 563
649 257
650 445
650 705
650 603
650 198
650 480
650 195
650 265
651 242
651 306
653 566
653 291
653 509
653 657
653 307
654 237
654 222
654 291
654 313
654 12
655 631
655 89
655 344
655 98
655 1176
655 172
656 303
658 98
658 475
658 42
659 56
659 521
659 1044
659 252
659 502
659 568
659 385
659 199
659 58
660 747
660 68
660 746
660 181
660 435
660 154
661 8
661 210
661 238
663 603
663 357
663 1047
663 948
663 284
663 315
664 172
664 92
665 255
665 699
666 518
666 613
666 46
666 302
666 510
666 467
666 505
666 684
667 223
667 694
668 300
668 302
669 302
669 127
670 199
671 98
671 553
672 109
676 303
676 286
676 751
676 300
676 132
676 272
676 169
677 322
677 240
678 1
679 50
680 195
680 515
682 572
682 288
682 67
682 271
682 333
682 215
682 216
682 325
683 315
684 710
684 118
684 82
686 514
688 304
688 302
688 326
690 780
690 636
690 69
690 186
691 64
693 127
693 132
693 568
693 53
693 12
693 662
693 216
694 665
694 196
694 203
694 178
694 673
694 187
694 582
694 48
695 260
695 270
696 9
697 273
697 302
698 603
698 89
698 10
701 285
701 303
701 275
703 993
704 131
704 481
704 382
705 405
705 222
705 377
705 576
705 400
705 79
706 181
706 294
707 703
707 882
707 483
707 251
707 663
707 485
708 1117
709 173
709 219
709 808
710 302
711 778
711 340
711 269
711 317
711 275
711 716
711 193
711 191
711 66
711 155
711 1014
711 315
711 744
712 63
712 729
712 768
712 662
712 451
714 3
715 284
715 81
715 939
715 108
715 98
716 73
716 496
716 498
716 178
716 1020
716 465
716 95
716 520
716 493
717 280
718 591
718 284
719 9
719 223
721 879
721 8
721 739
721 1065
721 64
724 268
724 310
725 748
727 392
727 196
727 178
727 83
727 153
727 199
731 143
733 950
734 202
734 213
734 174
734 496
737 357
737 258
738 651
738 313
738 265
738 434
738 227
739 1431
739 359
741 181
743 744
744 23
745 96
745 9
746 202
746 176
747 588
747 524
747 108
747 900
747 333
747 865
747 23
747 135
747 443
747 403
747 169
747 163
748 189
748 425
748 89
749 144
749 245
749 216
749 510
749 209
749 88
749 1028
749 837
749 69
749 127
749 204
749 231
751 431
751 88
751 248
751 490
751 56
751 213
753 64
753 22
753 657
753 134
753 269
755 269
756 588
757 168
758 249
758 567
758 514
758 196
758 216
758 23
758 652
758 1085
758 529
758 170
758 919
758 483
758 384
758 137
758 1143
763 730
763 469
763 224
764 31
764 98
764 11
764 176
766 238
766 212
766 173
766 378
767 187
767 100
767 300
767 183
767 483
768 282
768 14
768 591
770 250
770 15
770 258
770 118
771 169
771 71
773 792
773 209
774 227
775 345
776 95
776 23
777 527
777 223
778 367
779 222
780 199
780 496
782 292
782 258
784 326
785 69
786 176
786 708
786 684
786 191
786 520
786 222
787 300
788 286
788 79
788 328
788 423
788 531
788 662
788 193
788 498
789 508
790 154
790 427
790 144
792 147
793 181
793 150
793 151
794 100
794 887
796 233
796 516
796 64
796 54
796 367
796 1228
796 480
796 419
796 282
796 86
796 79
796 932
796 182
796 487
796 183
797 181
798 132
799 173
800 15
800 222
801 313
802 135
804 692
804 121
804 157
804 215
804 431
804 514
804 434
804 515
805 998
805 176
805 771
805 123
805 716
805 142
805 222
805 1149
806 1
806 192
806 47
806 705
806 121
806 88
806 238
806 257
807 1
807 99
807 520
807 470
810 269
813 690
813 289
814 200
815 521
815 588
815 265
815 705
816 243
817 288
817 281
817 876
818 302
818 288
819 533
820 288
821 275
821 125
821 95
823 175
823 174
823 427
825 619
825 515
825 717
826 258
828 1466
828 753
828 340
829 582
829 257
829 170
829 100
830 612
830 210
831 1063
831 313
831 1012
831 272
833 89
833 432
833 730
835 176
835 310
835 187
835 485
835 423
835 325
836 238
836 174
838 69
838 419
838 82
839 825
840 526
840 180
840 367
841 1294
843 183
844 553
844 100
844 207
844 210
846 663
846 269
846 615
846 942
846 1018
846 208
846 217
846 357
847 191
847 219
847 172
848 443
848 566
848 121
848 170
849 288
849 928
850 173
851 22
851 121
851 92
851 693
851 4
852 969
852 100
853 270
854 713
854 511
854 508
854 318
854 56
854 297
854 488
856 307
859 535
859 1008
859 381
861 937
862 64
862 143
862 866
862 483
862 982
863 313
863 286
863 327
863 1243
864 9
864 218
864 511
864 294
864 195
864 258
864 7
864 123
864 157
864 419
865 7
867 98
867 1
867 9
867 198
867 28
867 1065
867 186
868 180
868 160
869 240
870 523
870 31
870 188
870 514
870 813
870 216
870 22
870 713
870 513
870 70
871 515
871 276
871 1388
874 305
875 195
875 461
876 511
877 55
877 164
878 71
878 530
878 584
879 763
880 98
880 276
880 117
880 97
880 79
880 732
880 831
880 151
880 1267
881 480
881 393
881 100
881 405
881 478
881 218
881 484
881 515
881 229
882 1
882 173
882 409
882 420
882 147
883 61
883 479
883 45
883 208
883 30
883 323
883 48
883 199
883 516
883 342
883 523
883 745
883 435
885 538
885 97
886 467
886 171
886 98
886 94
886 781
886 55
886 939
887 284
887 99
887 369
887 164
887 1035
887 72
889 455
889 137
889 100
889 282
889 64
890 385
890 480
890 603
890 176
890 151
890 654
892 121
892 100
892 159
892 237
892 671
892 1269
892 134
893 426
893 11
894 333
894 339
894 20
894 316
894 511
894 30
894 340
894 1142
894 1251
895 13
896 385
896 478
896 710
896 241
896 313
897 183
897 82
897 89
897 22
897 451
897 188
897 866
899 218
901 144
901 378
901 121
901 679
901 228
902 300
903 369
903 324
903 1142
903 642
904 111
906 628
906 676
907 42
907 181
907 237
907 713
908 204
908 223
909 275
910 300
910 237
910 9
910 100
911 419
911 143
911 142
912 197
912 168
913 174
913 657
913 527
913 265
916 17
916 960
916 1113
916 512
916 183
916 28
916 217
916 427
916 806
916 650
917 696
918 1137
918 45
918 664
919 95
919 5
919 283
919 260
919 331
921 1028
921 69
923 334
923 291
923 129
923 405
924 100
924 283
924 6
927 28
927 210
927 405
930 282
931 245
931 347
931 515
932 525
932 222
932 45
932 527
932 603
932 141
932 98
932 435
932 133
932 480
933 357
933 11
933 135
933 435
933 318
934 674
934 315
934 1449
934 211
934 501
935 286
935 118
936 825
936 926
936 289
936 325
936 281
936 16
938 275
938 472
938 127
939 841
940 147
940 259
940 50
940 89
940 191
941 7
941 257
941 408
942 310
942 99
942 315
943 187
943 79
943 11
943 68
943 526
943 367
943 232
15 302
42 12
50 123
109 233
113 100
115 479
121 509
122 661
125 648
138 484
154 211
159 245
184 382
193 1
228 812
232 197
234 519
236 1102
238 121
251 520
252 129
263 434
270 535
292 11
300 948
301 226
306 285
312 430
328 549
344 45
346 291
356 272
386 405
388 672
393 1049
407 519
420 14
422 201
423 690
425 636
439 1048
440 937
442 176
451 259
472 79
477 1051
480 152
482 311
485 346
487 206
493 22
505 210
519 346
522 134
524 100
554 526
557 532
568 529
572 476
574 883
578 300
582 750
586 405
593 966
604 670
620 1043
624 1067
627 636
636 235
666 544
670 419
671 452
682 366
708 150
710 79
716 193
720 258
726 274
734 28
745 190
754 459
757 693
761 840
784 303
796 89
808 748
854 275
856 294
869 515
888 153
894 1658
896 204
906 100
910 56
911 163
914 155
920 347
924 701
940 628
