1 170
1 32
1 25
1 119
1 84
1 249
1 190
1 12
1 235
2 311
5 432
5 153
5 1
5 267
6 137
6 513
6 463
6 485
6 216
7 587
7 288
7 561
7 134
7 562
7 542
7 579
7 557
7 431
7 427
7 569
7 89
7 135
7 615
7 404
8 127
8 172
8 210
8 227
9 201
10 340
10 558
10 505
10 1
10 195
10 664
10 518
10 530
10 197
11 277
11 423
11 746
11 428
12 735
12 143
13 484
13 675
13 152
13 316
13 208
13 168
13 124
13 161
13 506
13 809
13 97
13 310
13 865
13 474
13 815
14 19
14 7
14 430
14 285
14 210
14 204
14 9
14 455
14 709
14 408
14 276
15 927
16 282
16 583
16 227
16 39
16 144
16 15
16 156
18 792
18 182
18 923
18 22
18 221
21 408
22 732
23 483
23 694
23 527
23 528
23 211
24 238
24 763
24 427
25 121
25 430
25 408
25 1
25 13
25 692
26 282
26 1012
28 568
28 230
29 259
30 319
31 498
31 490
32 508
32 249
34 1024
35 879
37 230
37 79
38 1037
38 252
38 389
38 1016
38 153
38 404
39 288
41 195
41 238
42 239
42 756
42 210
42 215
42 118
42 202
42 496
42 73
42 418
43 1
43 371
43 169
43 8
43 699
43 275
43 385
43 815
43 66
43 735
43 56
44 250
45 121
48 479
48 511
49 256
49 789
50 475
52 151
52 333
52 498
53 156
53 546
54 328
55 89
56 193
56 234
56 410
56 523
56 692
56 239
56 447
56 392
57 295
57 318
58 7
58 284
58 42
58 127
58 425
59 45
59 218
59 483
59 73
59 491
59 61
59 79
59 972
59 186
59 451
59 606
59 675
59 1111
60 234
60 593
60 445
60 209
60 56
60 195
60 650
60 491
60 1125
60 286
60 378
61 300
62 24
62 69
62 238
62 7
62 196
63 1007
64 435
64 173
64 591
64 96
65 429
65 318
66 741
68 178
69 236
69 886
69 258
70 181
70 24
72 117
72 196
72 135
72 603
72 642
73 183
73 382
73 1073
74 15
75 108
75 1
75 271
76 517
76 851
77 89
77 168
79 283
79 306
79 137
79 515
80 887
81 3
81 121
82 483
82 211
82 504
83 281
84 408
85 174
85 268
85 298
85 134
85 86
85 496
85 1039
87 49
87 94
87 367
87 209
87 274
87 87
87 1028
87 118
87 194
87 783
87 154
87 66
88 904
89 275
89 197
89 117
90 1101
90 177
90 166
90 964
90 285
90 137
90 496
91 31
91 192
91 435
92 265
92 823
92 180
92 708
92 436
92 747
92 731
92 93
92 1
93 845
94 293
94 655
94 92
94 1073
94 211
94 181
94 246
94 173
94 949
94 68
94 346
94 636
94 584
94 61
94 1219
94 1226
94 997
95 473
95 233
95 527
95 151
95 843
96 144
97 98
97 670
101 257
101 147
102 50
102 202
103 56
104 750
106 526
106 210
106 216
107 312
109 157
109 151
110 402
110 684
112 1106
113 258
114 496
115 466
115 9
116 199
116 285
117 174
117 298
117 156
118 558
119 274
119 684
119 471
119 628
119 222
119 323
121 644
121 100
122 46
122 86
125 88
125 209
125 705
125 999
126 878
127 748
128 568
128 237
128 15
128 223
128 499
128 82
128 949
128 210
129 1176
130 531
130 1046
130 1275
130 827
130 125
130 148
130 65
130 42
130 117
130 134
132 12
136 525
136 747
136 283
136 15
137 327
137 546
137 121
138 523
138 518
138 185
139 458
139 246
141 333
141 1258
141 50
142 134
144 956
144 215
144 191
144 87
144 170
144 1197
144 655
144 478
145 164
145 363
145 1025
145 346
145 470
145 202
147 286
148 133
150 291
151 28
151 655
151 507
151 529
151 163
151 197
151 135
151 939
151 1286
151 382
152 161
152 33
152 1300
152 1136
152 155
152 411
152 167
152 1028
152 22
152 132
154 50
154 475
154 135
154 302
154 414
154 61
154 200
156 211
157 313
157 147
157 508
157 50
158 455
158 24
158 190
158 284
159 866
159 1132
159 25
159 1014
160 463
160 488
164 117
165 651
167 615
167 216
167 465
168 294
168 273
170 300
173 289
174 655
174 31
174 160
175 183
175 88
177 173
177 64
177 183
177 919
177 50
177 527
177 403
177 223
177 7
178 531
178 237
178 283
178 731
178 210
178 679
178 31
180 939
180 423
182 178
184 208
184 100
184 51
184 1136
184 47
184 483
184 196
185 276
185 279
185 223
186 550
186 147
187 660
187 86
187 694
187 179
188 462
189 459
189 89
189 433
189 268
189 28
189 180
191 302
193 25
193 1406
193 300
194 661
194 194
194 566
194 735
194 693
194 188
194 87
194 22
195 143
196 25
196 153
197 228
197 172
198 153
198 210
198 89
198 214
199 285
200 451
200 496
200 432
200 892
200 890
200 1091
200 173
201 50
201 1135
201 334
201 233
201 218
201 183
201 56
201 482
201 313
201 47
201 134
201 203
202 195
203 93
204 262
207 435
207 9
207 568
207 508
207 161
208 310
209 50
210 185
210 181
210 732
210 202
210 4
211 205
211 526
212 87
213 121
213 546
214 1073
214 509
214 187
214 427
214 527
214 12
216 496
216 182
216 421
218 654
220 294
221 231
221 24
221 721
221 684
221 69
222 746
222 232
222 300
222 288
222 628
222 1226
223 993
223 28
224 403
224 686
224 69
225 22
225 194
225 480
226 286
226 89
228 651
229 344
230 64
230 8
230 70
230 132
230 485
230 435
230 176
231 121
232 166
232 56
232 276
232 250
232 523
233 492
233 234
233 375
234 603
234 463
234 427
234 292
234 23
234 206
234 602
234 606
234 50
234 504
235 174
235 923
235 285
235 684
236 111
236 170
236 133
236 705
236 729
238 458
239 504
239 238
239 242
240 340
241 286
241 887
243 13
244 953
244 88
244 188
244 357
244 126
244 64
244 154
244 100
244 527
244 1057
244 1428
244 56
246 175
246 68
246 675
246 173
246 735
249 96
249 195
249 223
249 222
249 31
249 327
249 147
250 629
250 7
250 527
250 100
251 298
251 282
251 210
251 15
251 117
251 237
252 276
252 286
252 410
252 277
253 87
253 79
253 190
254 199
254 230
254 140
254 69
255 763
256 50
256 121
256 1028
256 203
256 402
256 4
256 546
257 165
258 310
258 286
259 98
260 881
261 339
262 318
262 64
262 778
262 238
263 357
264 194
264 401
264 671
264 1103
264 204
264 123
264 183
265 298
266 9
267 56
267 642
267 135
268 59
268 222
268 562
268 475
269 478
269 211
269 507
269 498
269 357
269 134
269 124
270 159
270 295
270 86
270 218
270 387
270 546
271 529
271 429
271 52
271 204
271 174
271 172
272 205
274 866
274 471
276 173
276 179
276 550
276 1240
276 1218
276 410
276 99
276 23
276 101
276 603
276 588
277 282
277 25
277 279
278 347
278 294
278 311
278 306
279 1231
279 1007
279 721
279 469
279 654
279 169
279 228
279 108
279 550
279 1039
279 175
279 709
279 1121
280 1313
280 11
280 203
280 1
281 748
283 432
283 845
283 95
284 328
284 887
285 168
285 455
286 742
286 47
286 209
286 14
286 251
286 175
286 154
286 329
287 156
287 952
287 50
287 249
288 127
290 809
291 70
291 715
291 562
291 290
291 420
291 550
291 423
291 4
292 207
292 603
292 115
292 298
292 165
293 528
293 443
293 64
293 4
293 317
293 638
293 518
293 429
294 1012
294 248
295 451
295 196
295 1028
295 155
295 67
296 268
296 153
296 9
296 528
297 515
297 135
297 168
297 128
298 69
298 134
298 194
298 265
298 286
298 97
299 475
299 607
299 52
299 647
299 510
299 732
299 418
301 121
301 127
301 742
301 455
301 94
301 123
301 210
301 288
301 323
301 732
303 780
303 234
303 25
303 218
303 42
303 405
303 461
303 223
303 474
303 290
303 41
303 396
304 278
304 237
305 64
305 269
305 196
305 216
306 287
307 1028
307 529
307 227
308 962
308 202
308 530
308 558
308 275
308 208
308 618
308 686
308 679
308 675
308 653
308 602
308 436
308 477
310 24
310 14
311 43
311 135
311 662
311 215
311 134
311 227
311 71
311 79
311 523
312 611
312 813
312 529
312 596
312 169
312 23
312 479
312 968
312 663
312 484
313 770
313 202
313 661
313 127
313 404
313 182
313 69
313 665
313 497
313 520
313 616
313 203
313 480
314 1311
314 932
314 125
314 873
314 628
314 815
314 288
315 56
315 12
315 211
316 515
316 707
316 191
316 923
316 730
317 260
317 264
318 26
318 739
318 100
318 722
318 191
318 474
318 15
318 629
318 527
318 294
319 879
319 313
320 284
320 369
320 123
320 546
320 433
320 204
320 97
321 519
321 211
321 615
321 198
321 603
321 9
321 462
322 9
322 603
323 713
323 1012
324 301
324 742
324 275
324 873
324 879
325 469
325 185
325 482
325 190
326 651
326 194
326 657
326 386
327 129
327 792
327 89
327 435
327 811
327 949
327 655
328 132
328 185
328 77
328 22
328 187
328 657
328 589
329 98
330 845
330 118
330 1044
330 588
330 1
330 88
330 465
330 172
330 132
330 235
330 28
332 54
332 307
332 127
332 449
332 96
332 313
332 405
332 147
332 974
332 5
333 435
334 337
334 408
334 494
334 346
335 323
335 347
335 307
336 121
336 949
336 122
338 490
339 183
339 1017
339 589
339 47
339 197
339 523
340 196
342 1368
342 152
342 378
342 517
343 778
343 252
343 655
343 508
343 663
343 154
343 735
343 1132
343 127
343 132
343 297
343 88
343 425
344 715
344 588
344 64
344 311
345 262
345 846
345 98
345 1281
345 1101
346 195
346 54
346 50
346 802
346 96
347 829
347 268
347 544
347 180
347 159
347 288
347 404
347 470
347 405
347 172
347 627
347 403
348 831
350 176
350 98
351 689
353 340
354 736
354 529
354 208
354 60
354 610
354 661
354 61
354 480
355 264
356 689
356 307
357 235
357 280
357 926
357 117
358 1396
359 50
360 661
360 45
360 248
360 124
360 210
360 297
361 47
361 659
362 245
363 238
363 271
363 66
363 597
363 709
363 603
363 474
363 298
364 286
365 271
366 185
367 302
368 127
369 900
370 269
370 52
370 57
371 176
371 527
371 663
371 265
371 55
372 443
372 164
373 71
373 12
373 401
373 941
373 269
374 568
374 153
374 25
374 135
374 71
374 216
375 1217
375 300
375 234
376 100
377 168
378 98
378 265
378 282
378 482
378 99
378 275
378 300
378 277
378 692
378 485
378 693
379 185
379 153
379 393
379 516
379 196
379 203
379 522
380 427
380 732
380 474
380 194
381 20
381 495
383 268
383 488
383 504
383 86
383 193
383 479
385 58
385 128
385 1129
385 357
386 50
387 206
387 1019
387 211
387 408
387 82
387 919
387 518
387 222
387 195
387 13
389 187
389 371
389 489
389 152
389 79
389 1451
390 304
390 126
391 98
391 661
391 59
391 604
391 504
391 61
392 333
392 880
392 303
393 94
393 622
393 227
393 142
393 944
393 250
393 168
393 941
393 12
393 763
393 96
393 118
393 184
393 376
394 202
394 433
394 655
394 508
395 632
395 315
396 121
396 1
397 221
397 192
397 288
398 185
398 173
398 211
398 64
398 684
398 66
398 655
398 485
398 523
398 58
398 430
399 459
400 749
400 300
401 210
401 174
401 356
401 486
402 111
402 42
402 126
403 472
404 683
405 1044
405 568
405 651
405 317
405 192
406 418
406 921
406 1170
406 190
406 654
406 127
406 492
407 561
407 182
407 710
407 168
407 100
408 315
408 358
408 288
409 483
409 382
409 171
409 180
409 618
411 174
411 73
413 270
413 628
415 479
416 792
416 215
416 655
416 918
416 763
416 174
416 70
416 241
416 97
416 210
416 67
416 498
416 164
417 1016
417 168
417 17
417 183
417 537
417 72
417 451
418 304
419 1
419 478
420 603
420 408
421 79
421 657
421 144
421 185
423 304
423 276
424 243
425 98
426 492
426 608
427 688
427 938
427 1265
427 289
429 204
429 100
429 467
429 12
429 83
429 165
429 42
429 199
429 70
430 12
432 288
432 678
432 249
433 919
434 111
434 151
435 31
435 177
435 234
435 187
435 578
435 21
436 503
436 65
436 50
436 1468
437 174
437 961
437 423
437 318
437 239
437 1206
437 655
437 699
437 15
437 521
438 300
438 257
440 736
440 1191
440 283
441 282
443 313
447 135
447 11
447 544
448 1062
449 640
449 462
450 332
450 748
450 280
450 546
450 208
450 312
450 180
450 904
450 1421
450 56
450 142
450 501
450 631
450 493
450 177
450 662
450 136
450 110
450 647
450 742
450 39
452 648
452 488
453 17
454 28
454 293
454 210
455 1160
455 584
455 647
455 257
456 170
456 172
456 1547
456 42
457 216
457 825
457 485
457 193
457 53
457 182
457 651
457 692
457 65
457 148
458 589
458 514
458 1039
458 76
458 469
458 8
459 300
460 293
460 302
460 248
464 705
464 515
464 748
465 705
465 169
466 24
466 195
466 232
467 108
467 1016
467 127
468 218
468 222
468 647
469 499
472 1047
472 72
472 720
472 380
472 405
472 549
472 231
472 370
472 419
472 125
472 561
472 682
473 273
474 505
474 11
474 175
474 523
474 92
474 248
474 692
474 26
474 204
474 1221
474 467
474 659
474 127
474 1050
475 269
476 245
478 451
478 568
479 8
479 201
479 470
479 202
479 483
479 751
479 328
479 234
479 157
479 283
479 222
480 203
480 863
480 174
481 322
481 173
481 479
483 283
484 778
484 7
484 472
484 228
484 117
484 183
485 269
485 341
486 124
486 889
486 25
486 258
486 1405
486 237
486 460
486 221
487 195
487 133
487 658
487 64
487 1410
487 121
487 294
487 232
488 500
488 28
488 174
488 208
489 752
489 326
489 308
489 751
489 258
493 79
493 204
493 172
493 265
495 167
495 120
495 145
495 423
495 496
495 154
495 90
495 1469
495 418
496 246
496 268
496 191
496 652
497 195
497 161
497 217
497 172
497 25
497 431
498 197
498 514
498 269
498 293
499 427
499 165
500 319
500 179
500 208
500 509
502 288
503 582
503 234
503 79
503 778
503 488
503 246
504 208
504 1277
504 199
504 942
504 655
504 404
504 755
505 22
505 96
505 73
505 176
506 187
506 194
506 89
506 210
506 208
506 1279
506 97
506 222
506 836
506 229
507 894
507 313
507 121
507 50
508 188
509 50
512 1
513 127
514 95
514 42
514 655
514 257
514 237
514 197
514 69
517 222
517 748
517 117
518 25
518 713
518 273
520 100
520 286
521 153
521 222
522 192
522 530
523 1121
523 67
523 1041
523 163
524 301
524 60
524 436
524 180
524 1421
524 613
524 1101
524 133
525 276
527 182
527 86
527 653
528 194
529 307
529 886
529 260
530 692
530 196
532 506
532 576
532 515
532 472
532 216
532 298
532 354
532 925
532 234
532 345
533 528
533 44
533 566
533 177
533 423
533 257
533 393
533 724
533 845
534 282
534 595
534 240
534 109
535 499
535 269
535 204
535 153
535 471
535 181
535 558
535 25
536 274
536 230
536 83
537 285
537 497
537 319
537 318
537 971
537 100
537 641
538 153
538 144
538 423
538 12
539 204
539 303
541 79
541 756
541 28
542 818
542 89
542 109
542 772
543 656
543 14
543 60
543 443
543 183
545 968
545 395
545 541
545 520
546 236
547 333
548 226
548 250
548 659
548 273
550 993
551 527
551 111
551 755
551 64
551 554
551 763
551 802
551 272
551 318
551 509
553 181
553 177
553 50
553 1451
553 435
554 265
555 111
555 274
555 13
556 1065
559 863
559 527
559 902
560 318
560 478
560 89
560 268
561 89
561 458
561 345
561 185
562 79
563 403
564 127
565 52
565 179
565 1396
565 509
566 318
566 191
566 86
567 185
567 248
567 493
568 606
568 631
568 488
568 604
569 473
569 19
569 302
571 657
573 661
573 237
573 211
574 319
574 245
576 514
577 561
577 826
577 168
577 436
577 97
577 627
579 1
580 871
580 249
581 253
582 269
582 313
584 230
584 181
586 254
586 51
586 763
587 316
588 286
588 417
588 239
588 168
588 316
588 83
590 744
591 211
591 285
591 306
592 654
592 92
592 747
592 127
592 469
592 1143
592 4
592 686
592 79
592 1008
593 659
593 144
593 66
595 410
597 1016
598 323
598 292
599 288
600 50
601 179
601 174
601 163
601 228
602 304
603 748
605 601
605 64
605 269
605 69
606 507
606 201
606 265
606 25
606 91
606 966
606 150
606 959
607 482
608 753
608 506
608 98
608 25
608 1063
608 76
608 603
608 479
608 306
610 185
611 311
611 347
612 480
615 855
615 736
615 208
617 219
618 64
618 924
619 295
619 241
620 174
620 173
620 795
620 95
620 393
621 7
621 276
621 751
621 722
621 763
621 208
621 125
622 367
622 176
622 451
622 385
622 431
622 737
622 169
623 70
623 15
624 1120
625 647
625 96
625 258
625 214
627 849
627 22
627 64
629 182
629 117
629 86
629 160
629 173
630 1
630 273
632 99
632 318
632 22
632 419
633 96
634 340
634 597
634 127
634 546
638 515
638 183
638 50
639 86
639 661
640 684
640 204
640 315
640 382
640 580
640 1228
641 89
641 23
641 242
642 565
642 250
642 993
642 553
642 560
642 921
642 356
642 584
642 386
642 411
643 568
643 99
643 114
643 154
643 129
644 977
645 664
645 209
645 197
645 134
646 272
647 197
648 399
648 202
648 195
648 5
648 184
650 519
650 117
650 474
650 430
650 630
652 96
653 210
653 239
654 546
654 496
654 87
654 56
655 603
655 558
655 273
655 1636
655 1070
655 318
655 1623
655 305
657 340
658 408
658 530
658 488
659 507
659 792
659 1021
659 607
659 419
659 79
660 428
660 22
660 195
660 491
660 1050
661 173
661 179
661 498
661 751
661 52
661 178
661 433
661 428
663 313
663 1245
663 148
663 321
664 566
664 708
664 156
664 83
664 186
665 186
665 172
665 427
666 192
666 48
666 187
666 489
666 663
666 856
666 499
666 483
666 1011
666 471
667 427
667 482
668 311
668 307
669 133
669 175
669 511
670 521
670 96
670 657
671 4
671 11
671 66
671 1217
674 827
674 405
676 313
676 520
676 845
677 237
679 727
679 173
679 520
682 96
682 657
682 455
682 22
682 217
682 299
683 187
684 100
684 265
684 732
686 174
686 588
686 806
686 209
690 158
690 238
690 1042
690 79
693 258
694 483
694 605
694 632
694 144
694 118
694 132
694 52
694 451
694 163
695 302
695 678
695 268
697 323
697 324
697 886
697 244
697 546
698 173
698 194
699 475
699 221
699 1163
701 286
703 7
705 230
705 174
705 29
705 83
707 162
707 1101
708 237
708 845
709 172
709 554
710 420
710 627
710 50
710 89
710 432
710 654
711 704
711 402
711 393
711 216
711 172
711 741
711 509
711 958
711 1117
711 845
711 134
711 724
712 140
712 402
712 96
712 1480
712 762
713 272
715 591
715 69
715 50
715 64
716 673
716 481
716 22
716 1039
716 98
716 526
716 86
717 1011
717 742
718 1028
718 751
719 318
719 162
721 69
721 172
721 194
721 28
722 333
724 328
727 1218
727 274
727 118
727 434
727 775
727 89
727 176
727 679
727 168
728 147
728 287
728 1355
730 298
731 480
731 648
733 14
733 1129
734 318
736 127
738 180
738 169
738 252
739 96
740 242
741 174
741 357
741 724
741 274
742 508
744 603
746 157
746 186
746 79
746 196
747 501
747 265
747 347
747 530
747 844
747 174
747 1375
747 1041
747 1021
747 86
747 519
747 510
747 461
747 305
747 606
747 1203
747 235
747 584
748 515
748 732
748 222
749 191
749 181
749 101
749 603
749 293
749 211
749 423
749 87
749 86
749 443
749 1016
749 419
749 96
751 419
751 28
752 332
752 882
752 272
753 194
753 515
756 1149
757 228
757 205
757 568
757 176
757 24
757 50
757 679
757 64
758 405
758 455
758 150
758 578
758 128
758 96
758 790
758 320
758 837
758 135
758 732
758 171
758 116
758 1034
759 181
760 375
761 546
761 222
762 173
763 5
763 194
763 127
763 168
763 200
763 507
763 88
764 1012
766 1126
766 52
766 414
767 141
768 173
770 326
770 298
772 312
773 170
773 958
773 639
773 176
774 180
774 50
774 182
776 431
776 194
776 318
776 135
778 197
779 181
780 172
780 662
780 164
780 498
782 1278
782 312
783 876
783 307
783 258
784 323
784 327
786 496
786 418
786 133
787 879
788 549
788 601
790 716
790 7
793 508
793 109
795 89
795 209
795 214
795 144
796 216
796 257
796 684
796 342
796 215
796 181
796 328
796 237
796 949
796 417
796 578
796 1119
798 839
798 1102
798 143
798 270
799 321
799 292
799 306
801 300
802 219
803 325
804 82
804 218
804 87
804 576
804 208
804 307
804 841
804 496
804 474
804 969
804 322
804 160
804 520
805 806
805 137
805 1065
805 473
805 209
805 154
805 576
806 45
806 89
806 96
806 156
806 654
806 222
806 461
807 627
807 528
807 211
807 186
807 450
807 8
807 265
808 333
808 294
810 326
810 878
815 163
815 88
815 629
815 483
815 484
815 686
815 631
815 427
815 176
816 313
817 294
818 346
818 245
818 751
819 1160
823 152
823 659
823 4
823 134
823 182
825 678
825 685
825 741
825 12
825 147
826 172
826 91
826 391
829 509
830 89
830 265
830 739
830 925
830 403
831 96
833 447
833 56
833 1017
833 654
834 284
834 628
835 486
835 179
835 133
835 673
835 25
836 187
836 165
837 1009
838 179
838 258
838 50
838 1
839 458
839 111
840 175
840 582
840 603
840 566
840 661
840 191
840 428
840 1451
840 515
840 190
840 663
842 324
842 313
843 429
843 831
844 258
844 168
845 310
846 566
846 738
846 71
846 186
846 94
846 490
846 627
846 580
846 480
846 789
846 404
846 76
846 79
846 86
846 414
846 610
846 268
847 732
847 173
848 423
848 739
848 403
848 196
850 168
850 566
851 160
851 258
851 234
851 336
851 825
851 228
852 681
854 285
854 168
855 510
859 762
860 100
860 70
861 289
861 529
861 86
861 301
862 168
862 180
862 820
862 406
862 260
862 11
862 423
863 750
863 271
863 289
863 328
863 324
864 87
864 13
864 343
864 391
864 202
864 399
864 219
864 969
864 203
865 268
867 483
867 431
867 956
868 150
868 199
868 268
869 275
870 17
870 258
870 475
870 179
870 496
870 647
870 474
870 642
870 45
871 121
872 905
872 628
872 328
872 405
872 258
875 652
875 523
875 56
875 1073
877 52
878 482
878 166
878 153
878 57
878 416
880 184
880 69
880 1016
880 234
880 56
880 527
880 111
880 294
880 246
880 240
881 227
881 214
881 943
881 392
881 54
881 430
881 257
882 11
882 222
882 969
882 185
883 175
883 1288
883 113
883 512
883 477
883 283
885 949
885 274
886 58
886 182
886 168
886 1067
886 178
886 71
887 455
887 56
887 609
889 520
889 269
889 519
889 42
889 511
889 127
889 182
889 17
889 96
890 187
890 313
890 185
891 286
891 471
892 663
892 97
892 187
892 153
892 497
892 708
893 118
894 50
894 32
894 57
894 166
894 305
896 402
896 97
896 79
896 651
896 275
896 597
897 228
897 180
897 290
897 521
897 141
897 679
897 849
897 433
898 748
899 427
899 428
899 186
901 568
901 95
902 8
903 405
903 763
903 528
903 820
907 111
907 762
907 121
907 1157
907 198
907 628
908 648
909 531
910 182
911 655
912 194
912 154
912 1041
913 191
916 111
916 461
916 89
916 9
916 462
918 381
918 137
918 499
918 86
918 170
919 286
919 300
919 58
920 340
921 136
921 15
921 419
922 265
922 257
922 99
922 11
922 382
922 229
923 928
924 173
924 71
924 1
924 511
929 188
929 187
929 182
930 14
930 709
930 165
930 300
931 125
932 169
932 566
932 99
932 495
934 181
934 96
934 794
934 83
934 67
934 132
935 300
935 597
936 476
936 129
936 1
936 346
936 324
937 14
938 25
938 126
939 1028
939 717
940 436
940 420
940 95
940 302
940 7
942 528
943 24
943 186
943 23
943 201
1 15
1 57
1 23
1 195
1 115
1 127
1 135
1 43
1 134
1 154
1 51
2 316
2 306
4 324
4 294
4 359
6 318
6 531
6 357
6 213
6 488
6 209
6 12
7 641
7 307
7 72
7 182
7 614
7 194
7 357
7 649
7 565
7 64
7 528
7 195
7 98
8 50
8 233
8 22
9 276
9 691
10 531
10 285
10 218
11 135
11 9
12 159
12 392
12 228
13 262
13 917
13 716
13 514
13 848
13 180
13 613
13 652
13 647
13 473
13 900
13 154
13 32
13 510
13 736
13 832
14 428
14 628
14 32
14 792
14 588
15 310
15 476
16 98
16 152
16 69
18 435
18 242
18 8
18 153
18 709
18 193
18 191
18 612
20 174
21 129
21 17
22 227
22 174
23 203
23 408
24 153
24 357
24 237
25 8
26 936
28 100
30 301
30 315
30 82
33 751
36 883
38 1033
38 678
38 94
39 352
40 333
41 474
41 50
41 181
42 196
42 77
42 468
42 63
42 471
42 204
42 411
43 86
43 124
43 222
43 316
43 153
44 474
44 1
44 168
44 81
45 181
46 286
47 292
47 305
48 496
48 202
49 208
49 42
49 583
52 1085
52 845
52 302
54 268
55 22
55 273
55 50
56 747
56 433
56 161
56 79
56 636
56 449
56 96
56 73
57 282
57 222
58 248
58 175
58 137
58 955
58 272
59 147
59 25
59 724
59 10
59 900
59 658
59 427
59 702
59 919
59 287
59 98
60 230
60 482
60 357
60 558
60 175
60 15
60 443
60 50
61 347
61 328
62 191
62 135
62 949
62 298
62 421
62 283
62 117
62 98
63 262
64 778
64 381
64 12
64 28
64 516
64 230
64 527
64 157
65 111
65 196
65 806
66 535
66 294
69 298
69 12
69 56
70 189
70 95
70 501
70 404
71 135
72 484
72 1051
72 48
72 25
72 45
72 476
72 233
73 197
73 180
74 7
75 56
76 216
77 474
77 179
79 582
80 466
80 64
81 928
82 480
82 1
82 168
82 199
83 465
83 580
83 252
83 393
83 1
84 466
84 523
84 289
84 100
85 606
85 71
85 1070
85 179
85 1173
85 708
85 64
86 888
86 242
87 230
87 210
87 55
87 7
87 9
87 926
87 179
87 181
87 127
88 301
89 235
89 111
89 301
89 475
90 995
90 481
90 185
90 30
90 303
90 739
91 331
91 230
91 205
91 322
91 318
92 474
92 245
92 9
92 117
92 204
92 129
92 1216
92 471
92 31
94 180
94 286
94 203
94 196
94 160
94 250
94 650
94 504
94 746
94 273
94 1058
94 186
94 410
94 268
94 644
94 696
94 431
95 178
95 968
95 197
95 705
95 509
95 532
95 139
95 64
95 366
95 625
96 318
97 661
97 23
99 402
99 238
99 240
99 405
99 204
100 347
101 255
102 195
102 449
103 126
103 487
104 289
104 15
106 211
106 699
106 318
106 8
106 28
106 223
106 275
106 660
106 1242
107 269
108 137
109 237
109 211
110 569
110 326
110 88
110 64
112 316
112 751
114 179
114 175
115 192
115 980
115 13
115 462
115 642
115 282
116 479
117 168
117 1012
118 547
118 672
118 551
119 340
119 354
119 486
119 313
121 515
121 479
122 699
123 134
123 275
125 95
125 72
125 294
125 290
125 258
126 337
126 313
128 265
128 378
128 609
128 451
128 319
130 219
130 222
130 412
130 31
130 305
130 300
130 1208
130 881
130 111
130 350
130 1280
130 33
130 928
130 477
134 879
134 15
134 678
136 89
137 680
137 183
138 222
138 117
138 285
138 26
139 303
139 286
141 323
141 815
141 284
141 866
141 328
142 42
144 126
144 24
144 699
144 742
144 286
144 66
144 1039
145 742
145 688
145 949
145 410
145 173
145 572
145 789
145 240
145 603
145 234
145 278
145 436
146 336
147 301
147 302
148 173
150 221
150 14
151 51
151 172
151 699
151 1113
151 64
151 462
151 318
151 151
151 512
152 66
152 527
152 275
157 515
157 290
158 1098
158 209
158 163
158 56
158 244
159 1190
159 1221
159 96
159 258
159 272
160 192
160 55
160 182
160 514
162 298
163 316
164 329
164 370
164 258
166 322
167 603
169 234
171 315
172 124
173 321
173 302
174 65
174 197
174 155
176 475
176 298
176 340
177 806
177 470
178 268
178 143
178 7
178 685
178 176
178 658
178 250
178 280
178 431
180 431
180 735
180 785
180 380
182 126
184 378
184 511
184 98
184 134
184 52
184 207
185 199
185 740
186 117
186 71
188 265
188 468
188 629
188 143
188 127
188 392
188 484
189 487
189 652
190 269
192 100
193 159
193 269
193 194
193 210
194 173
194 483
194 52
194 15
194 4
195 213
196 238
197 183
197 230
198 137
198 655
198 447
200 739
200 88
200 685
200 483
200 123
200 423
201 1100
201 179
201 196
201 172
201 227
201 1193
201 76
202 258
203 283
203 150
207 609
207 273
207 514
207 1283
208 97
208 186
210 195
210 153
210 23
210 255
210 127
213 117
213 715
213 154
213 357
213 218
213 106
213 504
214 175
214 603
214 1017
215 354
216 315
216 655
216 237
216 651
216 221
216 628
217 300
218 55
218 154
219 258
221 210
221 335
222 214
222 230
222 521
222 156
223 173
224 356
224 191
224 162
224 402
224 392
224 699
225 1443
225 418
226 56
227 274
227 276
230 210
230 98
230 234
231 15
232 462
233 257
233 197
233 216
233 603
233 845
234 745
234 505
234 429
234 124
235 83
235 213
235 303
235 79
235 195
236 699
237 525
237 603
239 207
239 753
239 39
239 432
239 8
242 275
243 694
243 10
244 949
244 180
244 294
244 1118
244 433
244 157
245 222
246 11
246 658
246 176
246 616
247 7
247 1022
247 750
248 194
248 168
249 168
249 479
249 634
249 83
249 1103
249 741
250 844
250 191
250 357
250 321
250 244
250 183
251 288
251 151
251 181
254 196
254 133
254 655
254 118
255 872
256 472
256 1
256 82
256 265
256 2
256 815
256 174
256 409
256 628
256 765
256 685
257 50
258 313
258 300
259 255
259 959
260 362
260 682
262 451
262 699
263 482
263 511
263 134
263 622
263 269
263 328
263 168
264 98
264 14
264 275
264 478
264 93
264 269
264 443
265 282
265 410
265 100
267 403
267 169
267 172
268 7
268 249
268 583
268 208
268 654
268 188
268 205
269 1011
269 528
269 137
269 639
269 657
269 525
269 522
269 432
269 582
269 427
270 672
270 551
270 222
270 93
270 781
271 642
271 744
271 461
271 654
271 137
271 516
272 317
272 234
272 187
273 303
273 305
274 125
274 9
274 117
276 647
276 393
276 915
276 47
276 226
276 202
276 270
276 227
276 25
276 853
276 206
276 271
276 188
276 262
276 531
276 436
277 628
277 293
278 173
279 712
279 789
279 517
279 1178
279 679
279 638
279 1491
279 1499
279 710
279 778
279 413
279 659
279 1488
280 135
280 111
280 1099
280 1112
280 156
280 387
280 566
280 180
281 332
282 262
283 109
283 186
284 340
284 903
285 150
285 183
286 83
286 924
286 354
286 20
286 66
286 746
286 216
286 408
286 1038
287 347
287 56
287 926
288 520
288 174
290 472
291 421
291 129
291 200
291 92
291 933
291 284
291 226
291 417
292 419
292 132
292 523
293 467
293 404
293 484
293 504
293 507
293 273
293 194
293 198
293 432
293 182
294 288
294 300
294 872
295 241
295 809
295 1473
295 1221
295 493
295 79
295 237
295 402
295 25
295 737
295 172
296 274
296 544
296 357
296 251
297 83
297 1296
297 176
297 603
297 238
297 156
298 588
298 435
298 261
298 257
298 842
298 651
298 196
298 393
299 238
299 516
299 1050
299 753
299 176
299 165
299 56
299 588
301 33
301 412
301 97
301 519
301 11
301 58
301 258
301 763
303 98
303 257
303 269
303 514
303 919
303 386
303 129
303 128
303 404
305 198
305 151
305 427
305 792
305 186
307 1411
308 490
308 504
308 665
308 160
308 96
308 134
308 741
308 1169
308 99
308 648
308 1140
308 5
308 481
308 382
308 157
308 59
308 466
308 1006
308 177
309 319
309 242
310 1142
311 178
311 86
311 161
311 275
311 399
311 141
311 493
311 132
311 176
311 732
311 428
311 222
311 418
312 89
312 653
312 195
312 661
312 525
312 181
313 131
313 147
313 96
314 132
314 411
314 202
314 496
314 204
314 949
314 946
315 673
315 303
315 654
315 173
316 98
318 378
318 72
318 140
318 393
318 628
318 809
320 188
320 431
320 692
320 96
320 161
320 33
321 180
321 135
321 197
322 157
322 505
322 182
323 238
323 98
323 298
324 340
325 99
326 491
326 228
326 523
326 519
327 1131
327 180
327 181
327 603
327 237
327 715
327 55
327 160
328 203
328 181
328 188
328 474
329 127
330 21
330 100
330 763
330 8
330 200
330 385
330 966
331 238
331 694
331 124
332 159
332 122
332 56
332 11
332 255
332 121
334 203
334 484
334 333
334 558
334 228
334 258
334 10
334 99
334 236
335 340
335 322
336 49
336 710
337 631
337 520
337 449
338 275
339 709
339 431
339 174
339 248
339 25
340 520
342 507
342 654
342 108
342 1012
342 558
342 212
342 189
343 961
343 429
343 478
343 474
343 357
343 82
343 531
344 972
344 479
344 709
344 198
344 315
345 246
345 269
345 132
346 22
346 566
347 410
347 300
347 82
347 144
348 370
348 147
350 168
351 292
352 98
352 12
353 245
354 14
354 922
354 423
354 238
354 285
354 1137
355 288
356 288
357 237
357 150
358 1266
358 584
360 157
360 735
360 205
360 14
360 199
361 228
361 190
361 212
361 435
361 168
361 527
361 176
361 97
362 258
363 444
363 137
363 789
363 307
363 496
365 277
367 219
367 333
370 172
370 525
370 423
371 204
371 627
372 159
372 234
372 183
372 326
373 746
373 209
373 382
373 58
373 1039
373 174
373 165
373 778
373 195
373 102
373 514
374 1210
374 176
374 526
374 685
374 117
374 597
374 1101
378 402
378 479
378 969
378 176
378 132
378 47
378 213
378 596
378 939
378 193
379 174
379 523
379 654
379 520
379 131
379 8
379 735
379 52
379 127
379 568
380 527
380 736
380 89
380 59
380 258
381 582
381 196
381 1119
382 180
383 639
383 517
385 511
385 160
385 209
385 325
385 1158
385 487
386 825
387 508
387 2
387 603
387 58
387 135
387 1143
387 1
387 200
387 845
387 227
388 98
388 328
388 895
389 517
389 208
389 482
389 612
389 378
389 71
389 584
390 300
390 990
391 194
391 168
391 482
391 490
391 659
392 58
392 270
392 170
392 615
392 319
392 313
393 842
393 257
393 291
393 237
393 465
393 1044
393 683
393 54
393 333
394 118
394 56
394 168
394 208
394 82
394 24
395 750
396 974
397 134
397 56
397 8
397 480
397 199
397 611
398 498
398 152
398 633
399 114
399 97
401 651
401 519
401 365
401 485
401 630
402 151
403 866
403 111
405 29
405 232
405 98
405 480
405 208
405 218
405 85
405 347
405 658
406 499
406 382
406 115
406 582
406 526
407 152
407 210
407 286
407 313
407 191
407 196
409 479
409 181
409 199
409 430
409 135
409 211
409 127
409 275
409 89
409 1537
409 178
409 429
409 12
410 286
411 186
411 38
412 939
412 28
412 23
412 526
413 258
414 340
415 432
415 258
415 748
416 915
416 625
416 331
416 273
416 500
416 443
416 1400
416 153
416 134
416 470
416 765
416 392
416 268
416 230
416 301
417 692
417 963
417 217
417 97
417 234
417 465
417 384
417 515
417 294
417 513
419 488
419 1451
419 300
420 275
421 156
421 516
421 915
422 275
422 53
422 98
423 302
423 293
423 100
425 743
425 340
425 33
425 316
425 181
426 480
426 489
426 191
427 263
427 300
427 341
427 258
427 304
428 754
428 750
428 289
429 684
429 506
429 123
429 679
429 47
429 475
429 789
429 23
429 79
429 427
429 180
429 387
429 496
431 328
432 117
432 222
434 220
435 919
435 273
435 834
435 294
435 185
435 239
435 357
435 10
435 298
436 347
436 763
436 739
436 144
436 127
436 869
436 941
436 845
436 96
436 454
437 378
437 47
437 496
437 483
437 842
437 202
438 269
438 100
440 304
441 9
442 56
444 906
445 475
447 233
447 471
447 69
447 31
447 1315
448 270
448 340
449 1142
449 381
449 269
449 1372
449 137
449 1009
450 632
450 3
450 926
450 519
450 126
450 966
450 59
450 620
450 633
450 761
450 133
450 1020
450 775
450 503
450 801
451 323
451 879
451 260
451 243
452 1427
452 496
452 173
452 195
452 825
453 69
453 56
453 272
453 7
453 258
453 188
454 748
454 527
454 474
454 270
454 77
455 234
455 504
455 124
456 61
456 177
456 68
456 490
456 1267
456 135
457 200
457 228
457 9
457 209
457 276
457 729
457 132
457 636
458 126
458 526
458 408
458 1048
458 203
458 79
458 64
458 144
458 632
458 499
458 430
458 129
459 252
459 186
460 327
462 237
463 269
463 15
463 20
463 302
464 603
465 134
466 273
466 96
466 172
466 1176
467 1226
467 269
468 772
468 172
468 856
468 15
468 42
468 584
469 507
469 64
470 283
470 50
471 422
471 932
471 102
471 1219
472 916
472 193
472 1469
472 392
472 38
472 1035
472 123
472 229
472 196
472 748
472 780
472 230
472 672
472 240
472 423
472 609
472 747
472 232
472 49
473 1142
473 1007
473 475
474 514
474 1063
474 188
474 209
474 117
474 86
474 789
474 1172
474 475
474 132
474 603
474 485
474 199
474 498
475 327
476 209
477 724
477 237
477 756
478 11
478 26
478 496
479 230
479 187
479 185
479 511
480 517
481 514
481 580
481 191
481 190
482 50
483 181
483 515
484 248
484 222
484 14
484 294
484 172
484 318
484 204
484 1
485 302
486 108
486 544
486 1598
487 12
487 672
487 470
488 9
488 97
488 705
488 748
488 526
488 87
488 496
489 351
493 684
493 56
493 358
493 274
493 69
493 89
494 294
495 68
495 1245
495 77
495 470
495 1135
495 581
495 88
495 1207
496 174
496 89
497 1
497 943
497 176
497 655
497 144
497 82
498 89
498 168
498 1142
499 663
499 100
500 425
500 1226
500 61
500 16
500 298
500 31
500 529
500 409
501 952
501 1010
503 694
503 166
503 607
503 489
503 183
503 25
504 133
504 257
504 939
504 807
504 218
504 211
504 402
504 423
504 72
504 357
506 710
506 568
506 202
506 425
508 506
508 174
508 175
508 183
509 705
509 302
510 300
511 340
511 294
512 1459
512 183
514 421
514 380
514 73
514 527
514 214
514 268
514 47
515 304
515 313
516 582
517 405
518 13
518 235
518 276
518 628
519 1293
519 878
521 135
521 109
522 543
522 23
522 100
523 866
523 407
523 169
524 111
524 197
524 823
524 319
525 111
527 513
527 100
527 22
527 285
527 197
528 526
530 582
530 174
532 531
532 12
532 210
532 229
532 248
532 4
532 419
532 125
532 403
532 492
532 316
532 147
533 430
533 483
533 25
533 125
533 196
533 126
534 25
534 118
535 64
535 423
535 284
535 492
535 121
535 482
536 213
536 489
536 222
536 63
536 121
536 2
536 73
536 84
536 10
536 584
536 431
536 174
537 19
537 483
537 433
537 83
537 283
537 558
537 956
537 14
537 70
538 56
538 58
539 215
539 170
539 197
540 515
540 117
541 659
541 500
541 50
541 420
541 651
541 215
542 238
543 71
543 102
543 176
543 528
543 98
543 199
543 12
543 513
543 371
545 393
545 684
545 413
545 121
545 549
545 233
545 472
546 928
546 346
546 234
547 313
547 302
548 23
548 98
551 875
551 587
551 72
551 332
551 164
551 282
551 673
551 288
551 17
551 402
551 581
553 134
553 190
553 525
553 45
553 498
554 289
554 56
554 69
555 326
555 21
555 89
556 603
556 493
557 50
559 265
559 513
560 271
560 50
561 70
561 523
561 188
561 12
561 223
561 432
562 127
564 121
564 292
565 382
565 70
565 170
566 202
566 218
566 462
567 589
567 1298
567 156
567 182
567 494
568 213
568 135
569 1197
569 283
569 151
569 276
571 964
571 174
574 100
574 900
575 98
577 356
577 1531
577 22
580 286
580 258
580 257
581 1353
582 151
582 1
585 45
585 634
585 863
586 183
587 286
587 264
587 315
588 210
588 313
588 485
588 282
588 747
588 660
588 318
588 366
588 578
588 56
589 751
591 127
591 25
591 381
592 463
592 313
592 303
592 23
592 109
592 466
592 847
592 215
592 132
592 122
592 150
592 55
592 70
592 1070
593 88
593 747
593 204
593 568
593 173
593 71
595 1009
595 289
596 295
597 289
597 275
597 298
597 15
599 471
600 177
600 62
601 131
601 410
602 880
602 1
602 125
602 237
603 313
603 7
603 923
605 223
605 333
605 133
605 187
605 408
606 735
606 111
606 48
606 33
606 501
606 1149
606 118
606 186
606 477
606 806
607 855
608 735
608 1124
610 378
611 336
612 924
612 864
615 732
615 357
615 514
615 192
615 632
617 582
617 183
618 127
618 403
618 385
618 196
619 385
619 313
620 164
620 323
620 859
621 541
621 62
621 8
621 180
622 433
622 83
622 419
622 277
622 568
622 276
622 755
623 216
623 121
624 305
624 7
624 544
627 651
627 179
627 1267
627 523
628 338
628 874
628 938
629 284
629 200
629 416
629 332
629 658
631 310
631 313
631 289
632 201
632 470
632 357
632 202
632 133
632 2
632 132
633 385
633 98
634 331
634 50
635 255
637 291
637 328
638 144
638 685
639 194
639 14
639 651
640 202
640 151
640 941
641 513
641 1039
642 237
642 472
642 775
642 928
642 769
642 364
642 143
642 15
642 51
643 659
643 404
643 268
643 7
643 255
644 257
645 956
645 286
645 47
645 521
645 60
645 30
647 82
648 153
648 174
648 191
648 479
648 109
648 430
648 364
648 226
648 181
649 50
650 234
650 222
650 141
652 307
653 265
653 291
653 161
654 969
654 12
654 116
655 865
655 178
655 213
655 155
655 137
655 344
655 179
655 98
656 896
656 303
658 318
659 657
659 431
659 144
659 568
659 199
659 646
661 79
661 423
663 117
663 25
663 69
663 1048
663 763
663 64
664 462
664 702
664 649
664 71
664 134
665 9
665 238
665 742
666 729
666 203
666 169
666 200
666 127
666 302
666 32
667 216
667 461
667 694
669 12
669 127
669 462
669 614
669 522
670 483
671 118
671 182
671 181
671 174
671 96
672 321
673 313
673 12
675 1653
675 463
677 455
680 117
680 515
680 294
682 210
682 201
682 559
682 573
682 772
682 228
682 95
682 186
682 125
682 1039
682 176
682 55
684 73
686 969
686 208
688 304
688 332
688 288
689 118
690 684
690 636
693 127
693 117
693 193
693 11
694 188
694 121
694 484
694 89
694 196
694 210
694 229
694 200
697 305
697 286
697 294
697 325
698 210
698 385
699 304
699 544
701 19
701 297
703 222
703 293
704 193
704 302
704 205
705 385
705 265
705 79
705 566
706 258
707 387
707 864
707 696
707 191
707 285
707 953
707 995
708 300
708 284
708 471
708 111
708 690
709 173
709 273
710 346
710 172
710 302
711 485
711 272
711 420
711 315
711 25
711 52
712 949
712 95
712 728
713 269
715 216
715 122
715 475
715 155
715 1
716 486
716 381
716 151
716 504
716 515
716 614
716 121
717 274
717 245
717 100
717 299
719 520
719 223
720 310
721 318
721 8
721 175
721 284
721 1065
721 1119
722 476
722 118
722 696
724 258
726 310
726 1
727 328
727 144
727 392
727 202
727 431
727 2
727 128
727 94
729 272
729 362
729 333
731 143
734 485
734 82
734 274
736 286
736 253
737 357
738 455
738 434
738 202
738 172
741 427
741 172
743 302
744 302
745 194
746 64
747 64
747 11
747 93
747 94
747 91
747 179
747 492
747 661
747 15
748 216
748 64
748 496
748 237
749 781
749 142
749 125
749 609
749 480
749 151
749 1028
749 204
750 879
750 294
751 173
751 121
751 537
751 131
752 302
752 288
752 690
753 98
753 64
755 880
756 66
756 603
756 588
756 591
756 171
757 515
757 403
757 250
757 257
757 27
758 272
758 172
758 13
758 175
758 342
758 324
758 331
758 566
758 79
758 216
758 297
758 531
758 24
758 170
758 14
758 8
758 1283
759 275
759 294
760 748
761 15
762 302
763 418
763 174
764 98
764 318
764 432
766 198
766 8
767 724
767 180
768 257
768 1
768 117
769 476
769 546
770 246
771 50
771 216
771 91
772 264
772 272
773 127
773 109
774 644
774 53
774 238
775 269
776 511
776 191
776 109
776 184
777 216
777 692
779 71
779 1028
779 596
779 447
779 1
779 258
781 127
781 191
781 327
782 1394
782 748
782 328
782 332
785 195
785 174
786 195
786 484
786 208
788 58
788 627
788 300
788 1126
788 523
788 729
789 127
790 1063
790 52
790 771
791 322
792 121
793 293
793 282
794 19
794 116
794 887
795 1
796 202
796 87
796 195
796 15
796 313
798 29
799 174
801 313
802 333
802 326
802 200
802 201
802 748
804 1615
804 657
804 239
804 639
804 763
804 318
804 94
804 176
804 514
804 134
804 515
804 10
804 164
805 428
805 56
805 1118
805 346
805 122
806 168
806 192
806 504
807 99
807 204
807 82
807 511
807 22
807 135
811 304
813 270
814 665
814 100
815 71
815 79
815 403
815 588
818 303
820 288
821 495
822 333
823 478
823 660
823 96
823 175
823 762
823 26
823 514
823 209
824 322
825 50
825 748
825 25
825 687
826 50
826 435
826 343
826 665
828 1073
828 753
829 100
829 855
830 588
830 210
830 633
830 181
830 732
830 498
831 603
832 294
833 187
833 656
833 30
833 154
833 346
834 150
834 326
835 458
835 610
835 1153
835 281
835 318
835 632
836 659
837 275
838 289
838 143
838 60
839 117
840 526
840 705
840 514
841 1294
841 888
842 886
843 434
843 288
844 251
844 55
846 435
846 2
846 451
846 58
846 650
846 190
846 42
846 381
846 509
846 101
846 52
846 199
846 233
847 652
847 198
847 82
848 483
848 82
848 163
848 174
849 234
850 174
850 69
850 969
850 705
851 248
851 347
851 128
851 875
852 820
853 879
854 505
854 185
855 165
858 286
859 288
859 1315
860 153
861 462
861 740
862 61
862 96
862 544
862 82
863 313
863 300
863 333
863 361
864 660
864 195
864 1016
864 742
864 64
864 286
864 223
864 523
864 163
864 235
864 197
864 189
867 690
867 651
867 22
868 589
868 327
870 223
870 793
870 1073
870 646
870 265
870 22
870 9
870 87
870 317
870 48
870 483
871 1431
871 347
871 56
872 717
874 306
875 268
875 289
876 604
876 511
877 269
877 921
877 727
878 99
878 549
879 25
879 866
880 356
880 295
880 762
880 64
880 1664
880 657
880 156
880 348
880 301
881 526
881 483
881 180
881 28
881 630
881 443
881 265
881 218
882 290
882 380
882 183
882 132
882 432
882 501
882 121
882 89
883 61
883 399
883 55
883 241
883 311
883 740
884 179
885 538
885 588
885 418
885 1
886 265
886 474
886 11
887 385
887 99
887 369
887 122
887 82
887 218
887 1015
888 514
888 274
889 1113
889 50
889 523
889 1153
889 65
889 95
889 636
890 434
890 228
890 435
891 1197
892 588
892 5
892 483
892 168
892 837
892 100
892 273
892 76
892 70
892 516
892 216
892 180
892 1285
894 753
894 20
894 904
896 770
896 481
896 124
896 180
896 144
896 661
896 198
896 186
897 33
897 50
897 22
897 402
897 230
898 242
898 313
899 660
899 724
899 8
899 471
901 229
901 662
901 1620
901 63
901 234
902 87
902 172
903 475
903 100
903 369
903 12
904 736
904 111
905 150
906 276
907 763
907 471
907 125
907 282
907 744
907 5
907 1047
907 123
907 402
907 713
908 185
909 707
910 293
910 300
910 98
911 21
911 173
913 79
916 194
916 156
916 512
916 69
916 484
916 39
918 190
918 971
919 64
919 937
919 676
919 334
919 276
920 310
923 129
924 129
924 275
924 134
924 285
924 195
924 9
924 6
927 411
927 374
927 826
929 28
929 98
930 282
930 121
931 286
931 272
931 315
931 302
932 1454
932 519
932 491
932 177
932 357
932 195
932 526
932 603
932 1126
932 194
932 230
933 193
934 56
934 174
934 190
935 274
936 1163
936 1115
936 116
937 124
937 304
938 333
938 1012
938 220
938 181
938 275
939 222
939 841
939 285
939 118
940 651
940 216
940 272
941 117
942 1221
943 581
45 13
47 301
57 42
58 813
60 185
61 310
67 117
69 1134
82 284
93 222
105 258
110 54
120 125
130 2
137 89
183 227
194 519
199 116
204 303
206 288
208 194
209 408
220 682
231 126
271 70
278 22
289 471
296 32
301 226
332 144
336 275
351 310
363 128
368 320
372 262
406 12
415 154
425 636
426 50
431 303
470 277
485 346
493 22
498 127
506 855
517 50
518 237
539 962
544 313
550 258
558 269
578 300
606 1055
610 607
611 752
618 273
622 8
645 11
650 385
667 269
689 50
695 995
696 245
726 274
734 28
747 1045
764 15
769 934
791 306
807 68
812 682
813 300
823 153
829 705
846 133
852 290
869 515
870 724
874 286
888 153
891 148
893 471
912 132
915 286
933 7
