1 132
1 216
1 81
1 270
1 90
1 152
1 190
1 22
1 7
2 13
4 361
4 271
5 183
5 169
6 493
6 131
6 124
6 528
6 23
6 186
6 216
6 269
7 657
7 134
7 39
7 471
7 521
7 196
7 154
7 190
7 451
8 127
8 511
8 177
10 286
10 205
10 275
10 161
10 558
10 357
10 664
10 521
10 64
10 199
11 427
11 435
11 56
12 480
13 751
13 750
13 317
13 132
13 99
13 135
13 181
13 789
13 850
13 234
13 506
13 310
13 519
13 843
13 423
13 48
14 530
15 458
15 50
16 178
16 583
16 657
16 156
16 479
18 283
18 197
18 753
18 498
18 170
18 485
18 504
18 479
18 609
18 65
18 190
18 221
19 8
20 274
21 298
22 222
22 732
22 403
22 195
22 209
23 463
23 511
23 527
23 530
24 238
24 12
24 100
25 176
25 968
25 86
27 298
28 573
28 230
28 56
29 306
29 294
30 257
30 28
30 313
31 136
31 484
32 268
35 259
37 230
37 62
38 294
41 516
42 136
42 234
42 969
42 501
42 185
42 566
42 181
42 83
42 64
43 202
43 258
43 418
43 215
43 285
43 879
43 121
43 118
44 523
44 380
44 357
44 69
44 588
44 196
44 211
46 125
47 268
48 603
48 529
48 357
49 7
49 185
51 210
52 95
52 588
52 333
52 405
54 328
56 441
56 91
56 692
56 121
56 423
56 432
56 678
57 249
57 588
57 405
58 475
58 168
58 268
58 8
58 773
59 792
59 739
59 121
59 654
59 226
59 402
59 433
59 1101
59 18
59 568
59 582
59 212
59 403
59 764
59 675
59 1111
59 521
60 1124
60 593
60 1020
60 222
60 745
60 1125
60 484
60 1122
60 61
60 736
60 1126
62 235
62 528
64 209
64 234
64 173
64 423
64 385
64 496
65 215
65 423
65 168
65 97
69 268
70 228
70 69
72 866
73 56
73 175
75 1150
76 531
76 293
77 431
77 176
78 411
79 19
79 740
80 483
80 886
81 273
82 211
82 212
83 1041
83 755
83 1028
83 70
83 210
83 609
84 31
84 286
84 274
85 182
85 451
85 502
85 28
85 98
85 479
86 1175
87 195
87 514
87 56
87 523
87 274
87 121
87 186
87 25
87 4
87 535
89 83
89 150
89 121
89 246
89 127
90 180
90 194
90 347
90 531
90 306
90 133
90 526
90 356
90 86
90 900
90 497
90 464
90 1202
90 220
90 519
91 176
92 531
92 729
92 237
92 195
92 591
92 7
92 747
92 215
92 93
92 64
92 5
92 963
92 58
94 194
94 181
94 467
94 173
94 258
94 217
94 151
94 177
94 8
95 491
95 660
95 473
95 420
95 495
95 445
96 519
96 195
96 673
97 98
97 655
97 919
99 780
99 1119
99 182
100 328
100 750
101 50
101 546
103 294
106 285
106 165
108 7
109 405
109 174
109 423
110 739
113 328
113 975
113 323
113 286
115 431
115 32
115 558
115 317
116 199
116 515
116 203
116 750
116 181
116 285
117 789
118 193
118 528
118 234
118 413
118 184
118 1079
119 299
119 684
119 471
119 727
119 323
119 277
120 121
121 937
121 1
122 175
122 190
123 135
123 187
124 7
125 116
125 144
125 73
127 230
127 748
128 496
128 602
128 433
128 121
129 302
130 270
130 619
130 226
130 288
130 816
130 39
130 239
130 465
130 1047
130 82
130 763
130 1217
132 922
133 269
133 749
135 327
136 269
136 237
138 617
138 147
141 322
141 1047
141 313
141 591
141 222
142 169
144 282
144 215
144 514
144 523
144 751
144 1197
144 478
144 19
145 471
145 342
145 11
148 69
148 357
149 345
151 1109
151 411
151 507
151 163
151 73
151 847
151 88
151 499
152 241
152 161
152 944
152 153
152 71
152 411
152 781
152 111
154 523
154 191
156 178
156 86
157 127
157 508
158 241
158 435
158 651
158 24
158 137
159 871
159 243
160 32
160 209
160 129
160 13
162 11
164 472
165 222
165 419
166 323
167 216
167 698
168 819
169 684
169 174
171 303
174 162
174 747
175 9
175 661
176 293
176 50
177 168
177 1218
178 11
178 123
178 578
178 531
178 237
178 66
180 196
182 1
183 274
183 739
184 181
184 213
184 285
184 165
184 498
184 50
185 116
185 275
185 703
185 286
186 1253
186 100
187 86
187 462
187 435
188 673
188 185
188 64
188 164
188 455
189 484
189 50
190 276
190 326
192 7
192 25
193 218
194 661
194 124
194 566
194 136
194 529
194 496
194 218
194 265
195 313
195 134
195 265
196 25
197 172
197 50
198 428
198 153
198 200
198 11
199 408
199 93
200 143
200 559
200 1
200 225
200 229
200 742
201 96
201 50
201 33
201 1428
201 47
201 134
201 1137
207 524
207 185
207 9
207 125
208 88
210 210
210 114
212 87
213 11
213 257
213 281
213 448
213 200
213 502
214 208
214 56
214 121
214 527
214 134
215 357
216 496
216 134
216 3
217 33
217 566
219 223
221 847
221 651
221 732
221 282
221 42
221 508
221 684
221 96
221 467
222 1011
222 399
222 9
222 357
223 278
223 255
225 566
227 100
227 1143
230 97
230 132
230 141
230 633
230 443
230 186
231 50
232 81
232 250
232 246
233 234
233 495
233 205
233 584
234 187
234 428
234 463
234 483
234 502
234 23
234 52
234 206
234 613
234 313
234 197
235 524
235 1193
235 705
235 655
235 179
236 216
236 591
236 170
237 179
237 199
238 405
239 210
239 179
239 14
239 195
239 221
239 137
239 921
243 8
243 86
243 208
244 77
244 953
244 317
244 232
244 216
244 1467
244 763
244 151
244 7
244 197
244 50
244 380
246 257
246 250
246 567
246 68
246 413
248 854
249 212
249 603
249 50
249 248
249 853
249 238
249 156
250 943
250 313
250 258
250 175
250 222
251 183
252 742
252 286
252 847
253 50
253 328
254 140
254 241
255 324
256 471
256 1047
256 121
256 1150
256 568
256 15
256 29
256 775
256 96
256 100
257 305
259 313
259 750
260 270
261 359
261 875
262 131
262 486
262 338
263 318
263 133
263 31
263 127
263 1473
264 813
264 234
264 202
264 12
264 1069
264 606
264 637
264 183
264 184
267 177
267 180
267 1035
267 265
267 217
267 17
268 652
268 228
268 203
268 179
268 546
269 396
269 357
269 55
269 483
269 175
270 79
270 86
270 471
270 740
270 739
271 518
271 44
271 527
271 211
271 315
271 1091
271 603
272 498
274 476
274 71
274 845
275 191
276 214
276 151
276 300
276 175
276 223
276 331
276 943
276 89
276 99
276 9
276 471
276 92
276 588
277 1
277 25
279 96
279 169
279 1039
279 1376
279 1052
279 998
280 588
280 132
280 9
282 288
283 202
283 100
283 294
283 210
283 95
284 269
285 191
285 346
285 300
286 403
286 123
286 709
286 4
286 278
286 732
286 821
286 315
286 1194
286 251
286 275
286 258
287 748
287 461
287 108
287 298
287 249
288 211
288 1358
290 402
291 1078
291 403
291 770
291 325
291 423
291 124
292 9
292 2
292 659
292 603
292 486
292 657
292 298
292 183
293 429
294 328
294 475
294 544
294 334
295 405
295 69
295 73
295 513
295 431
295 812
295 39
295 631
295 705
296 429
296 96
296 153
296 315
296 144
296 855
296 19
296 258
296 98
297 211
297 474
297 25
298 172
298 432
298 498
298 195
298 134
298 9
298 265
298 474
299 137
299 270
299 511
299 811
299 91
301 68
301 673
301 203
301 363
301 118
301 76
301 174
301 210
301 323
301 12
301 755
301 447
301 384
303 287
303 616
303 425
303 9
303 847
303 184
303 284
303 88
303 531
303 181
303 705
305 169
305 86
305 317
305 172
305 382
305 187
305 475
307 186
307 511
308 275
308 435
308 965
308 194
308 255
308 715
308 640
308 1197
308 568
308 523
309 879
310 24
311 181
311 191
311 69
311 79
311 230
311 403
311 15
311 97
312 557
312 57
312 855
312 499
312 657
312 191
312 644
312 23
312 608
312 71
313 210
313 654
313 100
313 181
313 1210
313 265
313 892
314 682
314 418
314 739
314 12
314 1139
314 423
314 815
314 64
314 218
315 340
315 204
315 523
315 1065
315 4
315 302
316 22
316 730
317 264
318 722
318 216
318 423
318 357
318 659
318 66
319 879
320 403
320 470
320 17
320 121
320 300
320 129
320 250
320 946
321 493
321 657
321 1331
321 480
321 357
321 510
321 603
322 196
322 603
323 713
323 744
323 127
323 223
324 742
324 275
324 471
325 137
325 152
326 428
326 510
326 172
326 194
326 378
326 568
327 100
327 875
327 367
327 475
327 1100
328 289
328 291
328 211
328 223
328 133
328 657
328 200
329 272
329 651
330 427
330 237
331 269
331 811
332 7
332 96
332 95
332 405
332 763
332 748
333 316
334 337
334 483
334 525
334 191
334 134
334 59
334 707
334 1404
334 481
334 12
334 89
334 1163
336 70
337 15
338 462
338 408
338 498
339 1
339 11
339 45
339 488
339 213
339 461
339 527
339 286
340 497
340 15
340 435
340 95
342 23
342 114
342 197
342 1071
342 124
342 746
342 381
343 208
343 237
343 778
343 919
343 318
343 747
343 663
343 498
343 168
343 197
343 235
343 303
343 188
344 96
344 190
344 478
345 197
345 9
345 508
345 221
345 1101
346 210
346 520
346 29
346 431
346 121
346 237
347 180
347 79
347 291
347 293
347 763
347 182
347 98
348 628
348 827
348 831
348 685
348 288
349 847
350 179
350 176
351 879
351 332
352 568
352 100
353 272
353 313
354 143
354 744
354 116
354 186
354 606
354 882
355 358
355 1175
357 222
357 926
358 896
358 114
358 8
359 250
360 237
360 83
360 269
360 531
360 170
360 1142
361 179
363 288
363 55
363 597
363 172
365 995
365 321
366 56
366 185
367 326
367 443
367 331
370 134
370 269
370 57
370 195
371 523
372 200
372 547
373 318
373 154
373 357
373 465
373 215
373 190
373 625
373 196
373 684
374 237
374 974
374 82
374 742
374 466
374 71
377 164
378 768
378 58
378 568
378 286
378 285
378 223
378 485
379 526
379 177
379 238
379 419
379 843
380 168
380 69
380 151
380 318
381 462
381 124
381 212
381 178
381 656
383 166
383 182
383 474
383 137
385 235
385 657
386 840
387 549
387 320
387 718
387 248
387 434
387 324
387 715
388 333
388 682
388 845
389 613
389 1203
389 168
389 185
389 945
390 126
391 173
392 316
392 705
393 94
393 761
393 294
393 409
393 494
393 121
393 304
393 95
393 168
393 810
393 763
393 184
394 79
394 416
394 433
394 123
394 97
394 403
394 393
395 315
395 258
395 154
397 95
397 58
397 108
397 357
397 127
398 735
398 427
399 53
399 455
399 182
400 304
400 323
401 553
402 237
403 50
403 471
404 258
404 272
405 11
405 568
405 794
405 403
405 210
405 73
405 735
405 571
406 434
406 240
406 432
406 508
406 713
406 194
406 57
407 1118
407 746
407 182
407 91
407 203
407 448
408 315
408 358
409 283
409 604
409 603
409 1512
409 615
409 1020
409 6
411 258
411 732
412 150
412 318
412 64
414 11
416 553
416 44
416 69
416 27
416 655
416 713
416 918
416 724
416 286
416 123
416 90
416 477
416 97
416 12
416 1011
416 929
416 423
416 164
417 1016
417 131
417 431
417 157
417 326
417 159
417 419
419 286
419 14
419 1
419 79
420 319
421 218
421 709
422 237
422 200
424 25
424 990
425 96
425 228
426 608
427 331
428 538
428 302
428 886
429 204
429 277
429 83
429 510
429 165
429 603
429 705
429 1136
429 293
429 98
430 237
430 273
430 98
432 15
432 282
432 150
433 173
434 1
434 237
435 79
435 792
435 249
435 751
435 420
435 187
435 12
435 127
435 520
436 595
436 550
436 693
436 1468
436 642
437 14
437 216
437 746
438 1
439 405
440 272
442 129
442 186
442 181
442 635
442 636
442 150
442 96
443 313
444 272
445 902
447 85
447 234
447 591
447 91
448 902
448 1062
448 750
449 1011
449 459
450 89
450 546
450 274
450 79
450 304
450 490
450 11
450 180
450 905
450 428
450 111
450 56
450 478
450 501
450 94
450 322
450 81
450 102
450 716
450 516
450 110
450 421
450 356
450 651
451 324
452 171
452 207
452 196
452 181
452 805
454 124
454 879
454 485
455 69
455 307
456 763
456 214
456 427
456 498
456 127
456 56
457 792
457 227
457 216
457 12
457 100
457 709
457 125
457 443
457 632
457 655
458 191
458 13
458 515
458 631
458 169
458 469
458 517
459 117
459 257
459 15
459 259
459 172
460 100
460 313
460 149
462 288
462 315
463 1284
463 244
463 237
464 307
466 909
466 117
467 1016
467 127
468 200
468 432
468 50
468 475
469 656
472 265
472 258
472 472
472 550
472 29
472 566
472 73
472 101
474 286
474 179
474 582
474 207
474 684
474 661
474 608
474 222
474 647
474 258
476 73
476 648
477 731
477 739
478 710
478 42
478 137
478 412
478 202
478 237
479 945
479 177
479 257
479 474
479 421
479 196
479 602
479 523
480 98
483 1152
484 181
484 226
484 141
485 303
486 302
486 1405
486 1093
487 195
487 652
487 194
488 500
488 198
488 183
488 239
488 135
488 732
488 486
488 429
488 181
489 682
489 302
489 323
490 109
490 410
491 493
491 19
493 652
493 168
493 404
493 186
493 95
494 50
495 1188
495 1046
495 214
495 742
495 566
496 774
496 246
496 652
497 217
497 101
497 172
497 746
497 175
499 516
499 301
499 87
499 165
500 168
500 582
500 13
500 1166
500 1315
501 7
501 628
502 313
503 488
503 199
503 430
504 54
504 579
504 846
504 973
504 68
504 755
504 117
504 44
504 5
504 307
505 96
505 31
506 54
506 755
506 732
506 97
506 66
506 514
506 229
506 402
507 328
507 302
507 313
507 334
507 343
508 238
508 154
509 50
511 1527
512 191
512 11
512 1238
513 685
513 323
514 259
514 157
514 302
514 79
514 431
514 204
514 68
514 114
514 269
514 15
517 222
518 405
518 1047
519 299
519 348
519 330
519 1434
519 313
521 655
522 521
522 135
523 732
523 1121
523 430
523 935
524 423
524 124
524 898
524 493
524 4
524 504
524 302
524 367
524 174
524 116
524 133
524 499
526 1
526 936
527 182
527 868
527 507
527 317
527 652
528 109
528 185
529 319
529 331
530 535
532 690
532 425
532 576
532 95
532 898
532 708
532 679
532 153
532 107
532 834
533 549
533 936
533 71
533 402
533 66
534 748
534 294
534 240
534 591
534 986
535 168
535 211
535 86
535 692
535 471
535 655
535 181
536 275
536 449
538 96
539 527
539 660
540 222
540 109
540 597
540 274
541 102
541 756
541 28
542 396
542 531
542 179
542 693
543 14
545 746
545 172
545 161
546 219
546 109
546 892
546 200
546 236
547 312
548 7
548 696
548 56
550 271
550 1620
550 313
550 538
551 69
551 276
551 616
551 924
551 550
551 365
551 393
551 1139
551 849
551 415
551 774
551 147
551 162
551 1028
552 248
553 181
553 505
553 135
553 515
553 480
554 11
554 1046
554 111
554 181
555 480
555 111
555 13
556 48
556 132
557 337
558 847
558 744
559 205
559 174
559 315
560 813
560 249
560 255
560 268
561 1021
561 503
561 178
561 483
561 345
561 514
561 497
561 7
561 93
562 727
565 213
566 137
566 496
566 86
566 77
567 175
567 47
567 478
568 603
569 236
576 237
577 393
577 727
577 465
577 284
577 317
577 125
577 531
577 82
579 333
579 100
580 871
582 293
582 919
583 209
583 175
585 14
587 305
587 258
587 937
588 184
588 99
588 121
588 658
589 688
590 100
591 856
591 4
591 13
592 845
592 58
592 1187
592 187
592 762
592 484
592 98
592 657
592 433
592 127
592 185
592 144
592 4
592 350
592 501
592 81
592 197
593 131
593 97
593 402
593 423
594 199
595 290
597 328
597 688
599 1014
599 1095
599 846
600 665
600 89
600 181
601 921
601 179
601 210
601 455
601 168
601 475
602 148
602 358
602 988
603 326
605 371
605 15
606 507
606 228
606 25
606 404
606 91
606 206
606 3
606 472
606 7
606 323
606 168
606 187
606 83
606 38
606 432
607 707
608 238
608 1063
608 131
608 328
610 402
610 50
610 527
612 480
615 736
615 283
615 631
615 180
617 868
618 713
618 200
618 71
618 22
619 273
620 379
620 118
620 268
620 260
620 393
621 181
621 96
621 405
622 451
622 153
622 578
622 156
622 62
623 227
624 690
624 316
624 1
624 411
625 855
625 515
625 250
626 268
627 22
627 510
627 241
627 188
627 196
627 660
627 245
628 340
629 381
630 477
630 12
630 929
632 485
632 82
635 886
636 10
638 121
638 222
640 189
640 38
640 302
640 580
640 195
641 89
641 23
641 514
641 242
642 725
642 294
642 780
642 1078
642 1036
642 125
642 40
642 95
642 723
642 541
642 400
643 24
643 501
643 28
643 177
643 195
643 663
643 114
643 505
643 72
643 152
644 259
644 546
644 322
645 430
645 32
647 405
647 15
647 202
647 554
648 496
648 250
648 229
648 202
648 629
648 177
648 566
648 407
648 252
648 385
650 657
650 430
653 191
653 100
653 597
653 79
653 531
654 568
654 111
655 303
655 515
655 135
655 1368
659 175
659 212
659 86
659 616
659 215
659 77
659 62
659 79
660 196
661 425
661 676
661 480
661 195
661 428
663 815
663 96
663 895
663 42
664 654
664 209
665 185
665 15
665 98
665 156
665 188
665 286
665 411
665 65
666 506
666 959
666 192
667 9
668 475
669 82
670 186
670 228
671 233
671 89
671 258
672 476
673 322
674 125
674 866
675 269
675 1628
675 896
676 902
677 323
679 531
680 137
680 285
682 73
682 268
682 924
683 317
683 302
683 248
683 22
684 1
684 204
686 204
686 192
686 135
688 879
689 7
690 238
690 197
690 64
691 631
691 603
691 478
691 604
692 866
693 96
693 313
693 174
693 729
693 25
693 143
694 496
694 118
694 495
694 28
694 474
694 127
695 288
696 315
697 271
697 1
697 455
697 7
698 127
699 98
701 328
702 313
703 1012
704 661
704 648
704 197
704 496
705 625
707 124
707 197
707 811
707 694
707 531
707 467
707 902
707 65
707 100
708 278
708 255
709 118
709 176
709 64
709 82
709 97
709 192
709 183
710 197
711 694
711 172
711 958
711 50
711 845
711 133
712 495
713 272
714 282
715 546
715 318
715 174
715 172
715 257
716 215
716 50
716 631
716 298
716 655
716 568
716 159
716 88
716 275
716 168
716 735
717 287
719 357
719 655
719 285
720 286
720 333
721 199
721 28
721 222
725 300
725 19
727 121
727 746
731 215
731 136
733 1067
734 97
734 121
734 191
734 607
735 690
737 169
737 180
738 209
738 528
738 151
738 252
741 56
741 945
741 98
741 724
741 742
741 1041
742 100
743 297
743 268
746 403
746 183
747 31
747 462
747 79
747 56
747 347
747 844
747 792
747 302
747 494
747 596
747 510
747 404
747 705
747 427
747 511
747 208
747 580
747 1203
747 1142
748 498
748 318
748 654
748 323
748 199
748 633
749 185
749 200
749 99
749 197
749 2
749 1
749 86
751 652
751 25
751 42
752 358
752 1243
753 304
753 294
753 523
754 276
756 178
757 11
757 204
757 679
758 482
758 373
758 895
758 184
758 616
758 28
758 253
758 1019
758 1159
758 98
758 248
758 1001
758 865
759 748
761 181
761 546
762 955
763 99
763 194
763 127
763 69
763 85
763 198
764 673
764 845
764 284
766 89
766 91
767 921
767 56
768 313
768 255
770 924
770 596
770 742
771 237
771 690
771 652
771 707
772 328
773 639
773 183
773 196
773 959
776 524
778 209
779 181
779 118
780 172
780 133
780 286
781 100
781 324
782 895
783 887
784 300
784 898
784 327
785 294
786 202
786 133
786 180
786 126
788 451
788 226
788 657
789 276
790 241
790 268
790 117
791 327
793 508
794 473
794 285
794 1251
795 58
795 89
795 209
795 62
795 214
796 215
796 776
796 274
796 293
796 275
796 849
796 417
798 323
798 38
798 28
799 292
799 499
800 292
802 194
802 413
802 258
802 234
803 311
803 303
804 123
804 85
804 28
804 651
804 254
804 233
804 100
804 984
805 200
805 501
805 473
805 317
805 636
805 831
806 483
806 45
806 175
806 143
806 186
807 472
807 419
807 313
807 95
807 101
807 186
807 117
807 1034
808 333
808 264
812 333
812 332
815 196
815 483
815 173
815 427
815 176
818 346
819 340
821 151
821 28
821 180
822 95
822 71
823 419
823 135
823 732
823 238
823 183
823 182
823 631
825 491
825 243
825 298
825 986
825 307
826 176
826 678
826 102
826 336
826 177
828 24
828 512
829 1067
829 529
829 475
830 550
830 399
830 523
831 294
831 317
831 237
831 333
831 174
833 1012
833 127
833 1231
833 511
833 508
833 1019
833 745
834 744
834 298
834 333
834 886
835 50
835 69
835 180
835 143
836 210
837 845
837 1009
838 179
838 405
839 458
840 884
840 497
840 642
840 56
840 191
840 515
842 306
842 268
843 141
843 271
845 311
845 1394
846 60
846 80
846 511
846 71
846 772
846 1069
846 28
846 520
846 173
846 12
846 609
846 22
846 837
846 610
847 77
847 8
848 517
848 72
848 739
850 153
851 310
851 336
851 50
851 346
851 307
852 681
852 118
852 408
852 257
852 117
853 682
853 299
854 87
854 175
854 132
854 127
854 705
858 1368
860 100
861 1009
861 305
862 633
862 658
862 767
862 480
862 434
863 750
863 1294
863 334
864 190
864 13
864 470
864 531
864 651
864 134
864 526
864 591
864 239
864 317
864 24
864 164
864 52
865 24
865 475
867 89
867 50
868 101
868 132
868 854
870 497
870 462
870 606
870 1098
870 208
870 7
870 487
870 253
870 1134
870 193
871 781
871 182
872 354
872 328
872 117
875 651
875 523
875 518
875 806
875 1073
877 170
877 185
877 738
878 98
878 435
880 825
880 12
880 68
880 53
880 272
880 379
880 619
880 100
880 234
880 176
880 603
880 294
880 299
881 642
881 409
881 521
881 490
882 98
882 176
882 71
882 69
883 1462
883 515
883 24
883 135
883 12
883 504
883 275
883 197
883 89
884 475
884 515
884 212
884 268
885 660
885 79
886 581
886 919
886 475
887 405
887 755
887 578
887 1084
887 969
887 172
887 756
888 286
888 202
889 153
889 13
889 169
889 144
889 170
889 980
890 521
890 98
890 208
890 501
890 187
890 496
890 173
890 185
890 286
891 978
892 187
892 64
892 526
892 951
892 230
892 15
892 521
892 479
893 96
893 1
894 124
894 1131
894 83
894 1255
894 134
894 221
894 536
894 57
894 212
895 151
896 215
896 402
896 658
896 730
896 597
897 187
897 928
897 194
897 76
898 316
899 282
899 694
899 154
899 318
899 265
899 190
899 117
899 283
899 186
901 216
901 739
901 1605
901 82
903 210
903 708
903 60
903 186
903 318
903 198
904 785
904 289
904 603
904 97
905 345
906 221
906 321
907 333
907 815
907 409
907 313
907 1221
908 50
908 144
909 531
910 182
910 405
910 210
910 23
911 428
911 431
912 28
912 479
912 419
912 1041
913 228
913 200
913 518
913 176
915 315
916 210
916 30
916 1011
916 203
916 462
918 1639
918 972
918 165
919 382
919 558
919 1278
921 692
921 419
922 257
923 50
923 741
923 105
923 288
923 333
923 928
923 151
924 172
924 482
924 82
924 427
924 504
927 15
927 755
927 1415
927 768
932 285
932 89
932 654
932 486
932 175
932 96
932 274
932 516
932 1116
932 523
932 493
933 228
933 179
934 529
934 226
934 193
934 963
934 50
934 212
934 664
936 547
936 244
936 100
939 546
939 15
940 170
940 194
940 98
940 302
940 521
941 455
942 661
942 1204
942 97
943 174
943 614
943 471
943 485
943 201
1 47
1 137
1 28
1 134
1 60
2 257
4 359
4 362
5 50
5 391
5 233
5 194
5 24
6 238
6 71
6 501
6 475
6 14
7 614
7 585
7 637
7 644
7 643
7 100
7 504
7 172
7 401
7 131
7 234
8 181
8 233
9 340
9 371
10 497
10 531
10 707
10 698
10 144
10 32
11 51
11 740
11 318
12 132
13 606
13 292
13 427
13 276
13 190
13 509
13 525
13 855
13 492
13 303
13 732
13 585
13 445
13 33
13 342
13 736
14 524
14 211
14 81
14 173
15 864
15 220
15 459
15 301
16 945
16 273
16 168
16 31
18 509
18 513
18 318
18 497
18 26
18 604
20 118
20 87
21 443
21 436
21 9
21 244
21 17
22 174
22 385
22 430
22 431
22 50
22 550
23 131
23 91
24 97
24 92
24 300
25 173
25 141
25 174
26 304
26 9
26 276
26 246
28 258
28 185
28 228
30 301
31 135
31 271
33 323
36 748
37 210
37 195
38 681
38 95
38 678
38 1031
38 393
38 588
39 315
41 474
42 280
42 404
42 143
43 625
43 211
43 49
43 26
43 501
43 313
44 496
44 313
44 240
44 123
45 276
45 282
45 100
49 657
51 173
52 282
52 237
52 318
53 121
53 25
54 742
54 676
54 257
54 327
56 405
56 181
56 31
56 426
56 222
58 1012
58 474
58 255
58 1019
58 137
58 56
59 323
59 53
59 1113
59 724
59 504
59 276
59 83
59 702
59 188
59 32
60 172
60 603
60 513
60 327
60 216
60 505
60 160
60 430
62 199
62 298
62 508
62 403
62 81
63 286
63 109
63 300
63 224
64 447
64 275
64 215
64 651
64 265
65 9
65 956
65 294
67 24
67 7
67 743
69 98
69 12
70 202
70 751
70 135
70 50
70 28
71 135
71 153
72 318
72 553
72 684
72 515
72 77
72 655
73 269
73 171
74 331
74 340
76 70
76 811
77 474
77 518
78 288
79 246
80 45
82 73
82 482
82 276
82 70
83 95
83 117
83 338
83 181
83 97
84 318
84 100
84 79
85 1166
85 1169
85 449
85 179
85 345
85 378
87 38
87 233
87 780
87 55
87 1185
87 405
87 728
87 1016
87 204
88 326
89 815
89 268
90 275
90 312
90 705
90 474
90 156
90 632
90 516
90 268
90 903
90 132
90 493
90 1020
90 607
91 429
91 331
91 526
91 289
91 322
92 651
92 176
92 727
92 385
92 411
92 4
92 1142
93 14
94 175
94 433
94 187
94 631
94 386
94 109
94 737
94 1211
94 746
94 168
94 367
94 942
94 644
94 506
95 705
95 683
95 433
95 209
95 1126
95 210
95 173
96 318
96 100
96 176
96 183
97 222
99 1048
99 50
99 173
99 92
100 294
101 121
102 101
103 255
104 100
104 15
104 50
105 327
106 211
106 8
107 302
108 10
109 665
109 71
109 22
109 12
109 1028
109 223
109 403
110 94
110 64
113 333
115 192
115 240
115 952
115 628
115 174
115 187
115 282
117 1
117 1012
118 98
118 427
118 201
119 268
119 658
119 210
119 879
119 199
119 235
119 310
119 64
119 741
119 405
119 385
119 275
121 313
121 9
121 292
122 403
123 127
123 192
123 242
123 285
123 514
125 66
125 568
126 243
128 482
128 117
129 906
130 196
130 289
130 692
130 276
130 329
130 5
130 367
130 554
130 385
130 374
130 246
130 17
130 328
130 89
130 258
130 268
130 1136
131 9
131 269
131 744
132 56
133 258
135 185
135 475
137 243
137 748
137 687
137 96
137 195
137 118
138 513
138 285
138 435
139 297
141 252
141 100
143 326
144 24
144 880
144 1
144 242
144 1286
145 135
145 159
145 22
145 172
145 688
145 185
145 7
145 150
145 652
145 302
146 345
148 228
148 1012
148 172
148 238
150 235
151 15
151 660
151 489
151 275
151 222
151 89
151 52
151 318
151 611
151 662
153 64
154 480
156 100
157 244
157 410
157 290
158 11
158 325
158 168
158 686
159 272
159 126
160 410
160 483
160 248
160 185
160 169
162 710
162 597
163 357
164 984
166 258
167 478
167 641
168 151
168 866
168 117
169 50
173 326
173 268
174 845
174 1035
174 723
175 187
175 483
176 875
176 874
176 298
177 475
177 197
177 963
177 324
177 100
177 333
178 520
178 51
178 684
178 56
178 147
178 118
178 28
178 331
178 173
180 694
180 658
182 596
184 1396
184 644
184 1167
184 216
184 191
184 207
185 480
186 71
186 281
187 191
187 210
187 707
188 474
188 419
188 162
188 392
188 498
189 1117
189 151
189 487
189 489
189 294
189 499
189 175
192 515
193 580
194 28
194 157
194 4
195 328
195 887
197 245
197 1228
197 802
197 362
197 82
198 7
198 527
198 98
200 2
200 227
200 840
200 423
201 1174
201 237
201 855
201 188
201 227
201 642
201 405
204 216
204 242
204 297
207 59
207 56
207 514
207 660
207 143
208 66
209 766
210 50
210 182
210 654
210 56
210 735
210 134
210 357
211 215
213 64
213 591
213 117
213 678
213 514
213 778
214 151
214 114
214 182
214 1017
215 181
215 434
216 168
216 238
217 144
217 679
217 22
218 657
218 1073
219 4
219 114
221 3
221 64
222 282
222 651
222 89
222 238
222 732
222 1057
222 257
222 655
222 7
222 82
222 271
222 566
222 239
223 173
223 682
224 157
224 392
225 172
225 136
226 180
227 274
229 340
229 286
230 1192
230 154
230 588
230 202
230 294
231 846
232 272
232 194
232 289
232 165
232 423
232 315
233 64
233 69
233 478
233 191
233 357
233 14
234 224
234 964
234 134
234 208
234 367
234 511
234 604
234 867
234 199
234 98
235 197
235 96
235 346
235 1451
235 318
236 934
237 494
237 502
237 474
237 603
239 745
239 493
239 1099
239 421
240 269
242 283
242 1152
243 116
244 324
244 856
244 162
244 1168
244 369
244 153
244 451
245 222
245 181
246 184
246 265
246 658
246 208
246 919
246 433
246 724
248 11
249 237
249 83
249 183
250 260
250 1
250 2
250 200
251 295
251 427
251 1
251 480
254 172
254 429
254 313
254 118
255 335
256 829
256 739
256 554
256 278
257 137
257 1462
259 298
259 147
261 243
261 288
262 258
263 22
263 143
263 181
263 662
263 416
263 168
263 50
263 234
264 7
264 230
264 1118
265 100
265 328
267 92
267 515
267 484
267 228
267 410
267 33
267 614
267 172
268 506
268 324
268 154
268 630
268 246
268 183
268 182
268 116
268 96
268 55
268 176
269 13
269 177
269 137
269 508
269 657
269 647
269 697
269 509
270 1074
270 672
270 569
270 447
270 93
270 1009
271 566
271 732
271 202
271 141
271 605
272 483
272 654
275 423
275 222
276 95
276 195
276 100
276 547
276 258
276 192
276 265
276 959
276 747
276 235
276 2
276 436
276 171
276 806
276 172
276 746
277 844
277 591
277 286
279 789
279 566
279 517
279 1178
279 455
279 901
279 210
279 652
279 165
279 147
279 687
279 399
279 824
279 597
280 66
280 265
280 8
280 1466
280 1401
280 496
280 235
284 900
285 682
286 17
286 151
286 778
286 559
286 588
286 208
286 50
286 1038
288 346
288 205
288 97
288 272
290 181
290 99
290 429
291 471
291 129
291 24
291 1067
291 1016
291 173
291 93
292 228
292 111
292 492
292 265
292 482
292 488
293 467
293 657
293 132
293 198
293 942
294 100
294 751
294 539
294 294
295 961
295 380
295 743
295 729
295 737
296 127
296 544
296 172
296 55
296 484
296 515
296 237
296 521
296 251
296 179
297 283
297 275
297 1296
297 223
297 86
297 183
297 129
298 284
298 705
298 205
298 604
299 210
299 216
299 606
299 408
299 208
301 367
301 11
301 173
301 7
301 184
301 425
301 284
301 156
303 430
303 98
303 518
303 249
303 231
303 44
303 124
303 160
303 506
303 134
303 68
303 82
303 475
305 628
305 170
305 863
305 134
306 269
307 257
307 229
307 462
307 56
307 71
307 1022
308 504
308 433
308 1046
308 705
308 512
308 195
308 410
308 654
308 509
308 382
308 742
308 968
308 71
308 48
308 72
310 116
311 655
311 505
311 276
311 479
311 86
311 699
312 211
312 705
312 179
312 659
312 1167
312 269
312 485
312 199
312 382
313 114
313 98
313 185
313 603
313 659
313 300
313 525
314 699
314 65
314 367
314 405
314 409
314 591
314 54
314 795
314 1517
314 68
315 168
316 180
318 315
318 501
318 540
320 288
320 742
320 827
320 1091
320 100
321 631
321 190
322 157
323 22
324 288
325 525
325 114
326 174
326 445
326 969
327 232
327 93
327 305
327 178
327 464
328 96
328 313
328 265
328 742
328 98
328 275
328 515
328 31
328 483
329 855
329 515
329 79
329 286
330 692
330 174
330 419
330 732
330 496
330 1084
331 175
332 1042
332 120
332 742
332 333
332 1218
332 895
332 679
332 82
333 748
334 185
334 603
334 1051
334 258
334 127
334 47
334 223
334 1048
334 675
334 236
335 333
336 67
336 186
337 50
337 449
338 792
338 169
338 513
339 516
339 134
339 637
339 167
339 735
339 327
339 661
339 241
339 1404
339 173
339 176
339 22
339 200
341 872
342 193
342 58
342 523
342 149
342 223
342 156
342 483
342 255
343 961
343 42
343 429
343 943
343 523
344 516
344 95
344 709
345 255
345 651
345 100
345 955
345 51
345 131
345 223
346 168
346 546
346 177
346 572
347 696
347 188
347 689
347 546
347 239
347 871
347 82
347 68
348 111
349 284
349 9
350 483
350 127
350 286
351 751
351 307
352 216
352 79
352 234
354 709
354 652
354 737
354 513
355 682
357 1028
357 287
357 151
357 713
358 1159
358 357
359 313
360 56
360 651
360 654
361 170
361 166
361 14
361 684
361 100
361 269
362 313
363 660
363 1007
363 173
363 405
363 196
363 778
363 496
363 195
364 990
365 1
365 277
366 200
367 774
367 234
368 100
368 7
370 608
370 631
370 257
370 423
371 204
372 581
372 53
372 332
373 746
373 89
373 382
373 651
373 216
373 191
373 404
373 1110
374 282
374 310
374 218
374 1197
374 872
374 393
375 443
378 402
378 543
378 22
378 479
378 237
378 1311
378 153
378 48
378 939
378 56
378 87
378 118
379 654
379 137
379 644
379 133
379 621
379 151
379 433
379 172
379 568
379 529
380 174
380 1113
380 28
380 95
380 1
380 50
381 525
381 498
381 657
381 480
381 176
381 693
381 640
381 129
383 513
383 188
383 286
385 811
385 1367
385 1449
385 153
385 114
385 489
387 47
387 258
387 789
387 1187
387 461
387 210
387 169
387 447
388 117
389 174
389 501
389 1007
389 418
389 209
389 23
389 274
389 923
389 616
389 558
390 300
391 127
391 203
391 168
393 123
393 272
393 222
393 41
393 97
394 56
394 179
394 561
394 549
395 196
396 222
396 328
396 271
396 291
398 132
398 234
398 479
398 1
398 654
398 71
399 218
399 241
401 204
401 211
401 275
401 100
402 591
402 151
402 471
402 480
402 137
404 938
405 939
405 193
405 215
405 658
405 66
406 942
406 513
406 638
406 631
406 9
406 588
406 7
407 286
407 72
407 97
407 313
407 183
407 427
407 153
407 208
407 28
407 603
408 272
409 216
409 9
409 192
409 516
409 135
409 466
411 655
411 208
411 770
411 38
412 1
413 181
413 258
414 324
414 310
415 204
415 174
415 136
416 297
416 213
416 614
416 770
416 347
416 812
416 8
416 496
416 732
416 510
416 739
416 196
416 1020
416 1133
416 603
416 515
416 627
416 421
416 161
417 498
417 134
417 1086
417 384
417 515
417 198
417 154
417 1
419 191
422 922
422 222
422 184
423 689
423 340
424 289
425 743
425 474
425 340
425 168
426 504
426 205
426 132
427 341
427 680
428 1313
428 331
429 183
429 684
429 480
429 188
429 47
429 763
429 23
429 584
429 164
429 180
429 184
429 654
430 50
430 56
430 527
430 523
430 297
431 538
431 300
434 763
435 762
435 596
435 25
435 732
435 381
435 451
435 179
435 85
435 294
435 307
435 109
435 268
435 786
436 313
436 159
436 83
436 649
436 856
436 454
436 73
436 340
437 607
437 99
437 732
437 514
437 173
437 401
437 499
437 100
437 476
437 781
439 290
439 1600
439 285
440 971
441 751
441 9
442 710
442 318
445 405
447 535
447 1009
448 340
449 381
450 181
450 7
450 281
450 1041
450 776
450 685
450 305
450 611
450 520
450 173
450 43
450 1401
450 328
450 1050
450 301
450 431
450 869
450 967
450 775
450 801
451 682
451 328
451 243
452 510
452 465
452 684
453 421
453 7
453 174
454 237
455 662
455 193
455 1167
455 124
455 276
456 603
456 125
456 1008
457 183
457 252
457 673
457 155
457 403
457 47
457 980
457 215
457 210
457 239
457 708
457 770
457 582
457 1039
458 644
458 474
458 190
458 208
458 56
458 430
459 879
459 271
459 473
459 164
460 286
460 20
462 289
463 508
464 879
464 293
464 510
465 191
466 96
466 385
466 684
467 298
467 150
467 1226
468 1134
468 42
468 216
469 136
469 199
469 286
470 742
470 284
471 878
472 1029
472 1248
472 175
472 228
472 288
472 755
472 609
472 33
472 421
472 255
472 581
473 1142
474 71
474 1063
474 209
474 381
474 520
474 848
474 48
474 652
474 134
474 150
475 347
476 790
476 734
476 781
476 42
477 794
477 280
478 276
478 150
479 210
479 498
479 405
479 195
479 250
479 136
480 183
481 1039
482 50
482 294
484 88
484 294
484 204
484 143
484 313
486 813
486 1129
486 100
487 79
487 403
487 100
487 66
487 549
488 176
489 351
489 331
489 328
493 25
493 684
493 410
493 274
493 182
493 89
493 150
493 24
494 174
494 183
495 234
495 147
495 200
495 217
495 684
495 523
495 470
495 435
495 432
496 39
496 7
496 133
496 277
496 172
496 89
497 169
497 1
497 943
497 100
497 1240
497 144
498 337
498 89
498 168
499 657
499 474
499 69
500 238
500 1385
500 569
500 514
500 498
500 175
500 1010
501 276
501 307
501 298
503 124
503 607
504 195
504 66
504 506
504 125
504 1136
504 143
504 132
504 928
504 1147
505 1039
505 591
505 313
506 1046
506 183
506 199
506 739
507 1237
507 258
507 690
508 269
512 265
514 587
514 735
514 176
514 172
514 111
514 582
514 313
514 652
514 4
515 300
515 288
521 195
521 431
521 181
522 173
522 510
523 181
523 549
524 1073
524 578
524 132
524 823
524 514
524 131
525 332
525 151
526 127
527 208
527 433
527 499
527 9
527 234
527 169
527 180
527 671
527 124
527 59
527 496
528 178
528 523
528 427
528 526
529 271
529 333
529 268
530 443
531 905
531 332
532 12
532 117
532 168
532 676
532 7
532 205
532 603
532 121
532 230
532 203
533 292
533 756
533 477
533 949
533 229
533 96
533 449
533 281
533 778
533 28
534 742
535 1039
535 212
535 71
535 170
535 137
535 382
535 631
535 186
535 658
536 386
536 94
536 431
537 464
537 484
537 302
539 153
540 742
540 508
541 66
541 465
542 655
542 90
543 521
543 508
543 531
543 303
543 513
543 367
544 346
545 199
545 62
546 569
546 590
548 222
548 248
548 331
549 50
550 257
550 125
551 746
551 941
551 470
551 195
551 159
551 79
551 698
551 742
551 168
551 655
552 742
552 126
553 178
553 45
553 520
553 99
554 118
558 253
558 285
559 191
560 275
561 524
561 427
562 174
562 477
562 127
562 462
562 684
563 50
563 237
564 118
564 289
564 245
565 713
566 56
566 736
567 653
567 198
567 1022
568 135
569 100
570 327
572 124
573 144
577 588
577 229
577 196
577 732
577 566
579 520
579 183
580 294
581 9
582 1
582 222
583 602
585 639
585 740
585 212
586 174
586 68
586 181
587 1265
587 264
587 333
587 303
588 63
588 483
588 225
588 234
588 732
588 588
588 578
589 294
590 475
591 70
591 45
592 196
592 463
592 258
592 421
592 533
592 526
592 1014
592 298
592 919
592 13
592 268
592 204
593 111
593 162
593 286
593 143
594 269
595 9
595 298
596 300
596 323
599 748
599 595
599 1315
599 1277
600 510
600 22
600 177
600 174
600 568
601 131
601 201
601 318
601 671
601 154
602 9
602 1
603 7
603 1240
604 447
605 260
606 924
606 15
606 144
606 477
606 928
606 179
606 95
606 746
606 993
606 326
607 137
607 462
608 969
608 303
608 61
608 22
608 332
608 607
608 357
608 319
609 285
610 51
610 133
610 378
610 318
611 336
612 924
614 255
614 100
615 732
615 1065
615 306
615 269
616 322
617 1021
617 89
618 192
618 168
619 298
619 231
620 928
620 281
620 623
620 465
620 323
620 63
621 624
621 62
621 222
621 28
621 173
622 433
622 183
622 15
622 101
622 276
624 237
624 246
626 923
626 272
627 1004
627 51
628 690
629 202
629 651
629 880
629 277
629 241
629 199
629 357
630 7
630 597
630 222
631 315
632 591
632 164
632 210
634 315
634 111
634 676
634 922
634 286
634 331
635 262
638 89
638 226
638 186
638 117
639 98
639 286
640 81
640 318
640 168
642 732
642 204
642 1469
642 462
642 96
642 15
642 845
642 783
642 83
642 69
642 742
643 246
643 144
643 150
643 715
643 356
643 153
644 1025
644 457
644 100
645 286
645 98
645 521
645 658
647 490
647 1047
647 993
648 211
648 546
648 434
648 364
648 500
649 15
650 50
650 435
650 479
650 200
650 968
650 132
650 552
652 307
653 930
653 684
653 121
653 657
654 257
654 238
654 121
654 116
655 1642
655 270
655 344
655 1194
655 182
655 32
655 874
655 1380
657 508
658 276
658 50
659 494
659 517
659 521
659 1064
659 646
660 68
660 181
660 435
660 429
661 216
661 8
661 170
661 566
661 135
663 31
663 284
663 89
663 332
664 319
664 58
664 684
665 328
665 588
665 924
665 56
666 4
666 729
666 197
666 114
666 513
666 137
667 316
667 216
667 272
667 283
667 694
667 192
668 271
669 111
669 50
669 310
670 480
671 546
671 2
672 874
673 328
673 315
675 463
676 303
676 315
676 480
676 265
677 508
677 240
680 276
680 98
682 572
682 210
682 157
682 98
682 7
682 128
682 696
682 82
682 697
683 315
686 467
686 64
686 435
689 117
689 181
690 780
690 69
690 451
690 208
691 79
691 178
691 227
691 692
693 662
694 188
694 965
694 133
694 617
694 1020
694 482
694 657
694 510
695 343
696 302
697 343
697 282
697 473
697 107
697 325
698 648
698 131
698 478
698 96
699 100
699 1009
701 124
703 118
704 492
705 566
705 64
706 50
707 269
707 251
707 864
707 170
707 1024
707 367
707 995
707 345
708 740
708 1
709 217
709 273
709 568
710 135
710 210
710 302
711 301
711 949
711 716
711 417
711 116
711 447
711 736
711 162
711 652
712 1221
712 1178
712 174
714 121
714 323
715 655
715 462
715 81
715 480
715 90
715 179
716 216
716 381
716 1269
716 117
716 504
716 470
716 485
716 197
717 685
717 100
718 546
719 9
719 223
720 1062
720 268
721 229
721 1
721 739
721 239
721 423
721 471
722 307
724 310
725 748
727 211
727 392
727 70
727 198
727 177
727 684
727 268
729 689
731 357
731 190
731 393
731 486
731 478
733 137
734 742
734 496
735 275
735 124
738 175
738 230
738 408
741 194
742 475
744 238
745 96
745 98
746 181
746 684
747 493
747 199
747 279
747 419
747 133
747 169
747 390
747 134
748 408
748 64
748 748
748 180
748 496
748 172
748 96
749 144
749 527
749 176
749 1615
749 168
749 195
749 134
749 478
749 510
749 215
749 173
749 483
749 194
750 270
751 196
751 436
751 434
751 659
751 347
752 589
752 748
752 344
752 690
753 98
753 435
753 313
753 316
753 79
755 269
756 367
756 300
757 71
757 257
758 272
758 520
758 249
758 69
758 13
758 212
758 566
758 1022
758 173
758 271
758 23
758 127
758 541
758 170
758 484
758 313
758 742
758 64
758 332
758 141
759 323
759 294
760 71
764 1
765 285
766 180
766 211
766 134
766 173
766 498
767 300
768 282
768 14
769 13
769 546
770 334
770 1012
770 546
771 596
772 344
773 89
773 1367
773 14
773 522
773 64
774 644
776 98
776 23
778 174
779 447
780 97
780 705
780 28
782 750
782 358
786 195
786 183
786 504
786 99
786 289
786 633
786 684
786 98
787 304
787 751
788 289
788 879
788 218
788 117
788 223
788 520
790 211
790 550
790 154
790 188
791 754
792 762
793 240
794 14
794 847
795 174
796 485
796 64
796 1285
796 195
796 785
796 418
796 391
796 307
796 313
796 265
796 86
796 69
796 932
796 112
796 326
796 628
797 181
798 1
798 878
798 568
798 118
799 174
800 181
800 25
802 176
802 7
804 405
804 195
804 211
804 655
804 168
804 444
804 188
804 603
804 431
804 473
804 238
804 433
804 70
805 128
805 455
805 715
805 197
805 382
806 81
806 1
806 192
806 90
806 144
806 197
806 257
807 1
807 1615
807 71
807 483
807 422
807 546
807 470
807 133
807 1089
807 1066
809 328
809 286
810 879
810 333
815 418
815 432
815 1
815 228
815 660
815 132
815 318
816 271
817 273
818 271
819 1537
819 345
820 313
821 15
821 174
821 132
822 189
823 170
823 53
823 111
823 95
823 77
823 92
824 268
825 98
825 248
826 183
826 265
826 449
826 53
826 101
828 1466
829 427
829 170
830 968
830 71
831 340
831 197
833 89
833 187
833 134
833 432
833 175
835 310
835 654
835 318
835 423
836 185
836 174
837 294
837 286
837 274
838 238
838 83
838 45
838 718
838 1039
838 153
840 463
840 170
840 650
840 180
840 89
840 506
840 14
840 419
840 285
842 303
843 217
843 205
843 679
844 50
844 45
845 242
845 903
846 132
846 673
846 588
846 239
846 665
846 178
846 52
846 194
846 431
846 185
847 1400
847 476
847 172
848 181
848 152
848 294
848 165
848 566
848 135
848 215
848 663
848 174
850 8
850 659
851 27
851 8
852 259
853 270
854 514
854 151
854 170
854 250
856 327
858 127
859 288
859 535
859 1008
860 204
860 347
861 937
862 81
862 479
862 265
862 257
864 660
864 121
864 118
864 64
864 423
864 22
864 237
864 29
865 189
866 306
867 23
867 228
867 181
867 203
868 206
868 180
868 474
868 209
868 50
869 249
870 223
870 489
870 188
870 10
870 171
870 357
870 209
870 1
870 182
870 22
870 288
870 513
870 9
870 87
871 301
872 717
874 150
874 275
874 124
875 185
875 289
875 501
875 654
875 504
877 371
877 463
877 241
878 127
878 427
878 474
878 19
878 1149
879 866
879 125
880 435
880 42
880 1059
880 71
880 276
880 217
880 657
880 269
881 423
881 615
881 625
882 28
882 496
882 501
882 56
883 56
883 61
883 355
883 183
883 1131
883 48
883 185
883 153
883 745
884 116
884 921
884 198
885 151
885 111
886 550
886 467
886 655
886 101
887 121
887 928
887 871
887 252
887 1413
889 1113
889 81
889 268
889 56
889 282
889 65
889 95
890 151
890 132
890 340
890 214
890 657
891 50
891 107
892 191
892 739
892 216
892 204
892 203
892 500
892 576
892 284
892 482
894 1005
894 287
894 327
894 275
894 272
894 248
894 898
894 137
896 134
896 136
896 484
897 79
897 498
897 699
897 33
897 496
897 65
898 288
899 275
899 153
899 73
899 742
900 661
900 237
901 181
901 73
902 480
902 497
903 282
903 181
903 179
903 211
903 12
903 272
904 111
907 729
907 828
907 1048
907 312
907 620
908 657
909 326
909 275
911 603
911 419
912 143
913 127
913 289
913 475
913 172
913 143
916 11
916 42
916 221
916 1194
916 568
916 217
916 286
916 474
917 471
918 83
918 428
918 25
918 856
919 285
919 323
919 813
919 93
919 260
919 660
919 343
919 419
919 331
919 125
919 25
921 294
921 173
921 143
921 202
922 294
922 143
922 290
922 1
923 334
923 291
923 181
923 248
926 272
927 28
927 393
927 820
927 294
928 749
929 28
930 64
930 190
930 121
931 316
931 1152
931 272
932 1204
932 1454
932 134
932 131
932 432
932 1021
932 222
932 189
932 195
932 98
932 520
932 194
932 494
932 649
932 212
932 47
933 182
933 11
933 211
933 87
934 131
934 902
934 163
934 474
934 675
935 924
935 864
935 181
936 1335
936 756
936 1375
936 475
936 864
936 116
936 125
938 7
938 225
938 472
939 756
939 222
939 280
939 1277
940 516
941 300
942 498
943 405
943 431
943 98
943 151
943 27
943 367
943 64
6 242
8 144
20 568
27 100
28 184
39 294
43 174
44 5
61 310
62 173
77 527
111 354
117 181
125 648
128 182
135 443
159 245
172 177
188 519
197 526
207 318
225 510
228 812
231 126
235 792
250 111
252 129
272 357
275 164
283 49
287 276
301 226
310 740
311 306
313 211
315 55
318 25
323 186
339 1244
353 905
368 320
369 316
373 181
387 214
394 181
398 1450
401 724
402 510
410 272
432 284
446 321
468 435
472 79
480 152
522 134
540 257
554 526
557 532
562 191
564 313
568 529
572 476
582 750
586 405
588 472
590 676
593 966
594 357
604 670
610 607
611 752
624 1067
627 636
633 183
652 300
654 210
655 480
665 315
684 48
690 523
694 357
695 995
699 283
706 148
712 210
722 628
738 91
740 1038
776 486
778 42
779 243
782 304
788 282
791 306
797 257
804 647
832 307
839 455
849 121
850 96
851 879
862 70
871 147
881 176
887 365
912 132
913 216
915 286
