6
21
60
75
84
110
105
120
138
140
206
224
254
256
312
290
299
342
337
336
348
372
369
368
353
355
364
366
360
412
413
400
407
386
390
389
444
445
434
422
463
460
449
500
493
551
547
563
560
535
543
542
618
617
622
623
638
577
583
587
593
592
595
602
605
606
687
683
681
675
674
672
703
700
698
697
688
649
641
670
671
747
745
749
761
754
752
759
717
733
722
727
829
828
831
824
827
826
802
808
809
791
786
798
797
774
771
768
779
881
882
894
864
867
872
873
853
833
836
843
840
841
948
950
936
932
935
929
931
930
921
917
912
903
902
901
896
1017
1008
1012
1002
1005
999
991
988
976
977
968
972
960
965
964
1098
1093
1095
1089
1112
1109
1110
1134
1135
1132
1128
1129
1126
1125
1150
1139
1136
1033
1034
1024
1027
1029
1049
1051
1052
1041
1043
1045
1046
1064
1071
1068
1057
1087
1085
