1 265
1 32
1 25
1 14
1 13
1 246
1 176
1 249
1 64
1 221
2 279
2 286
2 283
4 327
4 50
4 271
6 533
6 197
6 486
6 173
6 521
7 12
7 624
7 639
7 215
7 205
7 134
7 550
7 434
7 605
7 238
7 203
7 152
7 600
7 121
7 10
7 579
7 264
7 429
7 492
7 670
7 196
7 93
7 506
7 132
8 228
8 174
10 205
10 711
10 463
10 701
10 488
10 197
10 589
11 208
11 301
11 603
11 332
11 203
12 300
12 69
13 264
13 224
13 896
13 99
13 175
13 161
13 64
13 519
13 432
13 863
14 242
15 300
16 127
16 583
16 234
16 705
16 302
16 191
16 172
16 947
18 275
18 856
18 921
18 659
18 182
18 14
18 479
18 57
18 1
18 13
18 208
21 123
21 844
21 452
21 298
22 128
22 568
22 526
22 358
22 393
22 195
23 381
23 95
23 228
23 516
24 238
24 1007
24 11
25 612
25 116
25 204
25 125
26 181
27 298
28 174
28 219
29 286
31 811
31 493
32 7
32 246
32 313
34 991
36 1026
37 183
38 69
38 22
38 451
38 200
41 205
41 191
41 969
41 180
42 239
42 318
42 132
42 174
42 568
42 185
42 202
42 588
42 58
43 169
43 731
43 258
43 275
43 747
43 189
43 423
43 778
43 405
43 140
43 367
43 866
43 257
44 87
44 175
44 433
45 284
46 909
46 328
47 340
48 656
49 12
49 302
49 789
50 1008
52 107
52 116
53 199
54 100
54 1016
54 871
56 441
56 554
56 202
56 769
56 432
56 62
56 219
56 596
57 833
57 249
57 588
57 748
57 50
57 717
58 960
58 1070
58 8
58 172
58 1098
58 32
58 773
59 739
59 64
59 4
59 529
59 109
59 622
59 202
59 1093
59 186
59 421
59 519
59 1110
59 12
59 432
60 134
60 205
60 423
60 429
60 735
60 650
60 491
60 490
60 592
60 528
62 76
62 1009
62 238
62 47
62 712
62 651
62 660
62 82
63 508
64 235
64 187
64 340
64 431
64 141
64 72
64 160
65 25
65 427
65 215
65 531
67 125
67 121
68 288
69 150
69 256
69 1017
69 197
70 313
70 482
71 65
72 582
73 135
73 188
74 13
76 175
77 523
77 176
79 262
79 1022
79 311
82 318
82 11
82 286
83 783
83 1035
83 423
83 568
83 210
83 527
84 477
84 385
84 528
85 488
85 462
85 268
85 127
85 86
85 510
85 642
85 517
85 143
85 480
85 69
85 23
85 175
85 519
87 70
87 94
87 216
87 87
87 628
87 228
87 82
87 1189
89 83
89 321
89 702
89 1074
90 531
90 602
90 651
90 89
90 137
90 863
91 515
92 729
92 239
92 463
92 963
92 160
93 1
94 135
94 404
94 28
94 246
94 173
94 258
94 11
94 636
94 559
94 217
94 81
95 660
95 71
95 183
95 420
95 232
95 233
95 550
95 495
95 52
95 539
95 50
95 568
95 527
95 98
95 591
96 79
96 645
97 168
98 629
99 475
99 315
99 1047
99 7
101 257
101 181
102 95
106 1
106 1115
106 313
108 14
109 257
109 449
110 41
110 188
110 22
111 258
112 307
113 326
113 299
115 508
115 8
115 558
117 1016
117 195
117 307
117 271
117 156
118 218
118 174
118 559
118 164
119 716
119 684
119 568
119 451
119 449
119 298
119 315
119 628
119 472
119 25
119 277
120 515
120 9
121 427
121 717
121 25
123 135
124 144
125 1
125 659
126 344
128 133
128 71
128 140
128 465
128 294
128 499
128 508
130 307
130 3
130 93
130 619
130 1220
130 588
130 330
130 465
130 455
130 426
130 794
130 929
131 285
131 302
133 269
134 328
135 173
135 23
137 266
137 55
137 50
138 357
138 111
139 246
141 1047
141 546
141 237
141 282
141 535
142 28
144 124
144 176
144 234
144 778
144 183
144 750
144 191
144 1138
144 655
144 135
144 129
145 1012
145 249
145 56
145 329
145 1011
146 245
148 69
149 286
151 1109
151 286
151 173
151 209
151 301
151 614
151 498
151 525
151 509
151 121
151 1269
151 382
151 185
152 155
152 487
152 1035
152 22
154 523
154 286
154 175
154 302
157 407
157 1
158 430
158 204
158 283
158 636
158 8
158 62
159 243
159 1014
160 302
160 463
160 770
162 1
164 148
164 472
164 293
165 169
165 325
167 1200
168 294
168 274
168 280
169 603
171 268
173 995
173 329
173 327
174 14
174 1282
174 140
174 724
175 9
175 215
176 100
177 508
177 89
177 173
177 64
178 153
178 181
178 472
178 275
178 483
178 269
178 69
178 317
178 233
178 202
180 318
180 421
180 196
180 111
181 742
182 178
183 273
183 274
184 1398
184 508
184 606
184 70
184 20
184 715
184 1020
184 127
185 269
185 196
185 47
186 257
186 550
186 596
186 1042
186 939
187 428
187 86
187 52
187 168
188 148
188 7
188 56
188 88
189 196
189 647
189 484
189 191
189 246
189 705
189 847
189 517
189 4
189 50
189 510
191 302
193 218
194 529
194 510
196 306
197 228
197 289
197 435
197 172
197 554
198 501
198 210
198 101
198 81
200 132
200 559
200 451
200 125
200 135
200 586
200 760
200 188
200 1419
200 230
201 325
201 33
201 56
201 651
201 1208
201 603
203 250
203 879
204 1194
207 28
207 527
207 237
208 310
210 420
210 517
210 174
210 482
211 205
211 528
212 87
213 234
213 684
213 924
213 151
213 448
214 318
214 705
214 1073
215 480
215 144
215 89
215 226
215 28
216 153
216 3
216 12
217 79
218 603
219 223
220 294
221 48
221 24
221 178
221 721
222 313
222 176
222 232
222 392
222 96
222 806
224 300
224 468
227 126
227 1068
230 134
230 549
230 223
232 705
233 215
233 127
233 735
233 47
234 135
234 428
234 1463
234 966
234 626
234 52
234 613
234 602
234 724
234 515
234 1186
235 435
235 705
235 188
235 175
235 170
237 178
237 197
238 111
239 209
239 529
239 179
239 736
240 340
240 288
242 1
243 221
244 215
244 724
244 357
244 411
244 521
244 1041
244 1057
244 380
244 168
245 597
246 675
246 568
246 413
246 741
246 198
246 185
247 269
247 272
249 203
249 117
249 250
249 144
249 248
249 222
250 293
250 23
250 629
250 196
250 480
250 367
250 7
250 135
253 689
253 190
254 143
254 98
255 324
256 227
256 161
256 25
256 403
256 1086
257 245
259 180
260 1025
261 294
262 65
262 238
263 526
263 135
263 528
263 141
264 517
264 26
264 655
264 183
266 313
267 186
267 156
267 195
267 188
268 222
268 83
269 640
269 498
269 315
269 191
269 132
270 83
270 471
270 740
270 70
270 722
271 211
271 1101
271 210
271 750
271 169
271 174
271 482
271 494
271 170
271 739
272 98
272 208
274 211
274 71
274 471
274 478
275 432
275 210
276 179
276 141
276 307
276 331
276 1098
276 317
276 578
276 4
276 1
276 65
276 443
276 117
276 139
277 1
278 538
278 515
279 1498
279 7
279 741
279 1039
279 751
279 27
279 486
279 578
280 1313
280 102
280 499
280 546
280 1048
280 746
280 586
281 304
283 125
284 304
284 887
285 313
285 191
285 346
286 147
286 90
286 1280
286 689
286 142
287 108
287 222
287 298
288 900
288 13
289 24
290 204
290 274
290 732
290 1035
291 70
291 5
291 291
291 290
291 1012
291 403
291 413
291 9
291 154
291 174
292 124
292 919
292 156
292 9
292 223
292 657
292 190
292 653
293 144
293 480
293 56
293 183
293 447
294 508
295 421
295 43
295 69
295 419
295 190
295 222
295 68
295 739
295 143
295 631
295 559
295 371
295 67
296 469
296 209
296 204
296 256
296 9
296 199
297 479
297 56
297 432
297 447
297 117
297 168
298 194
298 430
298 502
298 282
299 475
299 715
299 485
299 510
299 286
299 144
299 91
299 915
301 864
301 693
301 99
301 205
301 546
301 1012
301 511
301 24
303 575
303 692
303 25
303 616
303 1226
303 603
303 221
303 226
303 333
303 562
303 41
303 216
305 171
305 1018
305 1456
305 64
305 483
305 1104
305 311
306 287
307 428
308 511
308 712
308 82
308 558
308 50
308 848
308 131
308 618
308 965
308 603
308 411
308 85
308 124
308 486
308 425
308 403
308 633
308 640
310 14
311 194
311 199
311 357
311 8
311 168
311 134
311 356
311 69
311 942
311 729
312 183
312 154
312 509
312 506
312 178
312 519
312 131
313 632
313 31
313 546
313 182
313 501
313 63
314 69
314 819
314 1012
314 155
314 568
314 1016
315 792
315 13
315 25
315 127
316 292
316 318
318 213
318 142
318 239
318 69
318 186
318 941
318 127
320 121
320 232
320 1157
320 97
321 7
321 483
321 9
322 92
322 603
322 192
323 258
323 292
323 479
324 1033
324 150
324 458
324 323
324 260
325 484
325 175
325 737
325 443
326 480
326 550
326 199
327 419
327 708
327 1067
327 285
327 806
327 357
328 328
328 199
330 172
330 71
330 969
330 70
330 237
332 245
332 405
332 840
332 974
332 302
332 550
334 337
334 79
334 23
334 429
334 642
334 1313
334 22
334 899
334 151
334 582
334 421
334 969
335 300
335 323
336 122
337 15
337 1133
339 45
339 347
339 488
339 186
339 1113
339 286
339 523
339 496
339 663
339 693
340 88
340 95
342 92
342 169
342 197
342 746
343 157
343 655
343 1039
343 127
343 176
343 97
344 173
344 707
344 1020
344 272
345 111
345 98
345 14
345 58
345 715
345 739
345 86
345 972
345 582
345 1117
345 469
345 196
346 79
346 183
346 195
346 180
346 549
346 237
347 257
347 977
347 156
347 55
347 97
347 200
347 288
347 181
347 403
348 472
350 530
350 324
350 98
352 385
352 129
353 340
354 494
354 479
354 463
354 93
354 610
354 435
354 740
354 527
354 882
356 307
357 294
357 597
360 165
360 197
361 234
363 473
363 2
363 188
363 1056
363 176
363 298
363 679
366 56
367 53
367 246
367 56
370 181
370 199
371 66
372 628
372 77
373 699
373 2
373 357
373 655
373 1119
374 127
374 153
374 974
374 1042
374 466
374 98
374 186
375 77
376 427
378 167
378 257
378 528
378 289
378 568
378 275
378 702
378 235
378 175
378 143
379 205
379 317
379 141
379 179
379 414
379 202
379 234
379 522
379 381
380 496
381 96
381 304
381 485
381 100
381 631
382 1229
382 197
382 9
383 9
383 604
384 300
385 427
385 954
385 367
385 128
386 1016
387 10
387 53
387 113
387 1008
387 324
387 172
388 323
388 313
388 5
388 237
388 326
388 302
389 514
389 693
389 58
389 367
389 835
390 740
390 286
391 64
391 50
392 513
392 847
392 705
392 23
393 282
393 409
393 1249
393 50
393 250
393 479
394 416
394 22
394 109
394 42
394 1484
396 1025
397 522
397 183
397 479
397 186
397 1018
397 475
397 22
398 185
398 705
398 735
398 521
398 126
398 25
399 455
401 462
401 144
402 111
402 118
403 276
403 258
403 127
404 332
404 678
405 1044
405 794
405 842
405 728
405 433
406 543
406 633
406 174
406 921
406 654
406 42
406 52
406 123
406 199
407 216
407 257
407 491
407 223
407 189
407 89
409 1558
409 162
409 276
409 133
409 1050
409 659
409 496
409 1593
412 195
412 318
413 124
415 479
416 182
416 99
416 77
416 1503
416 918
416 1012
416 955
416 142
416 775
416 11
416 1011
416 65
416 319
417 64
417 147
417 825
417 403
417 431
417 203
417 286
417 732
417 1014
417 72
418 288
418 899
419 306
420 116
420 190
421 879
422 219
423 304
424 127
424 323
424 990
425 96
425 53
425 39
425 144
426 663
427 359
427 938
428 269
428 313
428 338
428 877
429 211
429 162
429 197
429 423
429 483
429 11
429 469
429 293
429 150
429 412
429 174
429 967
430 234
430 100
430 1375
432 620
432 15
432 257
432 763
433 748
434 815
435 196
435 246
435 235
435 697
435 751
435 318
435 24
435 208
435 520
436 1058
436 693
436 658
436 1468
437 131
437 292
438 15
438 300
440 736
442 628
442 636
444 515
446 269
447 300
447 258
447 100
449 1367
450 269
450 794
450 357
450 208
450 225
450 237
450 1421
450 428
450 1435
450 1
450 476
450 110
450 647
450 356
451 294
451 876
452 171
452 207
452 427
452 69
452 631
452 648
452 518
452 64
452 792
452 50
452 163
453 73
453 1016
453 238
454 315
454 651
454 143
454 215
454 479
454 310
454 161
455 511
455 7
455 2
455 121
455 223
455 200
456 208
456 197
456 479
456 952
457 227
457 185
457 218
457 372
457 175
457 48
457 232
457 584
457 121
457 134
458 514
458 515
458 521
458 183
458 143
459 181
459 275
459 619
462 321
463 246
463 127
464 321
464 270
464 116
465 481
465 114
465 136
465 132
466 909
466 241
467 1
468 12
468 121
468 214
468 19
468 173
469 656
469 238
470 475
471 172
472 756
472 375
472 866
472 742
472 715
472 796
472 94
472 431
472 365
472 660
474 515
474 181
474 76
474 173
474 518
474 317
474 55
474 50
477 732
477 255
477 781
478 616
478 1048
478 975
478 340
479 470
479 28
479 58
479 640
479 248
479 318
479 1039
479 283
480 174
481 692
481 216
481 198
481 524
484 210
484 226
486 269
486 237
486 324
486 591
487 22
487 87
487 156
487 161
487 1425
487 45
487 1209
487 178
489 326
489 358
489 286
490 24
492 56
493 50
493 250
494 50
494 194
495 491
495 181
495 590
495 86
495 566
495 650
496 56
497 455
497 127
497 182
497 1016
497 172
497 25
498 558
499 12
499 301
499 312
499 429
500 639
500 60
500 1315
501 13
501 696
503 197
503 50
503 778
503 133
503 1
503 226
504 579
504 295
504 282
504 678
504 68
504 258
504 44
504 449
504 505
504 53
505 498
505 88
505 140
506 233
506 417
506 194
506 210
506 755
506 70
506 204
507 894
507 307
507 1034
508 70
508 1
511 908
513 685
514 190
514 70
514 31
514 462
514 28
514 156
514 68
514 69
517 117
518 405
518 685
519 348
519 1280
519 1612
521 174
521 228
522 168
522 492
523 168
523 382
524 702
524 1560
524 554
524 898
524 654
524 670
524 180
524 704
524 1166
524 494
524 708
524 495
524 161
526 285
527 12
527 69
527 214
527 93
528 204
528 194
528 31
532 155
532 576
532 1046
532 318
532 538
532 51
532 97
532 451
533 70
533 203
533 496
533 402
533 724
534 273
534 322
534 717
534 294
534 1
535 207
535 277
535 609
535 174
535 1149
535 699
535 638
535 97
536 195
536 210
536 380
536 568
536 265
537 530
537 718
537 610
537 175
538 196
538 22
539 202
539 603
540 269
540 109
540 50
541 781
541 419
541 71
541 28
542 318
542 763
543 192
543 694
543 591
544 292
544 302
545 404
545 968
545 228
545 183
545 117
545 168
546 219
546 349
547 354
547 333
548 1244
548 50
548 264
548 185
548 56
549 118
551 96
551 471
551 5
551 727
551 132
551 272
551 204
551 468
551 229
552 286
553 151
553 482
554 11
554 204
555 7
555 147
556 268
557 246
557 176
559 205
559 188
559 315
561 494
561 710
561 302
562 720
563 172
563 566
565 855
566 693
566 387
566 1005
566 242
566 182
567 248
567 273
567 183
567 47
567 246
567 493
567 9
567 430
568 482
568 603
569 236
569 302
570 286
571 45
573 427
573 162
574 344
577 866
577 845
577 941
577 443
579 582
580 123
580 249
580 289
581 922
581 1367
582 246
583 175
584 181
585 60
585 707
585 166
586 69
586 1218
586 159
586 33
586 720
586 67
587 338
587 332
587 268
587 260
588 959
588 1428
588 21
588 168
588 217
588 658
590 14
590 740
591 435
592 750
592 763
592 60
592 198
592 702
592 508
592 324
592 191
592 61
592 273
592 603
592 475
592 50
592 192
593 179
593 659
593 155
593 117
593 159
593 5
593 126
593 69
593 66
593 762
594 15
594 242
595 290
595 844
597 328
597 477
598 750
599 288
600 554
600 570
601 179
601 173
601 419
601 64
601 276
601 228
602 304
603 229
605 180
605 601
605 294
605 269
606 468
606 180
606 91
606 472
606 211
606 209
606 184
606 168
606 531
606 96
606 100
606 38
606 530
607 45
608 86
608 144
608 462
608 98
608 505
608 288
608 487
608 660
608 187
609 304
610 272
610 483
612 1060
613 127
613 272
615 179
615 208
615 528
616 331
617 868
617 646
618 200
618 416
618 117
619 144
619 281
620 742
620 95
620 416
621 1012
621 276
621 722
621 419
621 17
621 41
621 405
622 451
622 12
622 578
622 385
622 143
622 222
622 127
622 496
623 70
624 1114
624 288
625 855
625 176
625 96
627 7
627 434
627 237
627 64
628 292
628 340
629 223
629 317
630 471
630 272
631 272
632 705
632 168
632 144
632 181
633 79
633 234
633 237
634 13
634 597
634 302
634 125
636 106
636 222
637 1
638 238
638 168
639 462
639 638
639 135
640 92
640 790
640 11
640 195
640 184
641 23
641 514
642 944
642 225
642 686
642 407
642 926
642 95
642 66
642 38
642 790
643 508
643 174
643 210
643 129
644 237
644 823
645 197
647 88
647 588
648 431
648 202
648 554
648 615
648 194
648 304
652 282
653 313
653 474
653 523
653 204
653 239
654 318
654 546
654 11
654 588
654 660
654 418
654 189
655 479
658 467
659 212
659 519
659 157
659 178
659 82
660 179
661 531
661 97
661 436
661 89
661 657
661 52
661 183
663 23
664 481
664 187
665 188
665 369
666 7
666 1170
666 236
666 209
666 56
667 315
668 993
669 300
669 175
670 657
671 576
671 82
671 89
671 17
673 311
674 294
675 306
679 357
679 748
680 169
680 285
682 959
682 273
682 423
683 305
683 187
683 513
683 272
683 22
684 365
684 66
684 477
686 56
686 327
689 763
690 1042
690 174
692 204
692 257
693 7
693 98
693 318
694 419
694 645
694 648
694 498
694 604
696 1176
696 310
696 327
697 237
697 244
698 485
698 275
699 116
699 458
700 181
701 237
703 237
704 661
704 432
704 269
705 403
705 257
706 756
707 902
707 427
707 923
708 274
709 576
709 64
709 203
709 1
710 180
710 268
710 313
711 51
711 1024
711 496
711 475
711 197
711 1117
711 723
711 200
712 1040
712 785
712 421
712 142
712 762
714 763
714 50
714 258
715 173
715 249
715 318
715 204
715 591
715 193
715 268
716 215
716 631
716 430
716 22
716 837
716 136
716 648
716 526
717 887
717 1011
717 333
717 262
717 285
717 269
718 1028
718 751
719 285
719 742
720 321
720 242
721 172
721 322
721 77
721 107
721 222
722 471
722 237
727 118
727 68
727 433
727 748
728 282
731 197
731 603
732 690
732 243
734 604
734 591
735 1
737 127
737 187
738 109
738 258
738 385
738 178
740 294
741 945
742 1
746 431
747 47
747 478
747 320
747 1041
747 223
747 496
747 1203
748 144
748 483
748 173
748 181
749 99
749 79
749 969
749 746
749 326
749 82
749 98
749 729
749 443
749 232
749 1016
749 96
750 304
751 538
752 1243
752 347
753 357
753 294
753 199
754 276
754 937
756 155
757 101
757 95
757 204
757 144
757 7
757 64
758 455
758 578
758 364
758 837
758 58
758 143
758 1016
759 300
761 283
763 609
763 1129
763 39
763 1
763 194
763 127
763 286
763 200
763 515
764 496
764 77
764 597
765 847
765 170
766 1126
767 28
767 495
767 1068
769 222
770 25
770 410
771 542
771 137
771 8
771 83
773 547
773 239
773 258
774 778
776 91
776 194
776 181
777 42
777 9
778 144
781 324
782 752
782 300
784 304
785 22
786 423
786 177
786 418
786 89
786 100
786 198
786 281
787 750
787 348
788 528
788 510
790 1282
790 762
791 327
792 7
794 269
794 50
795 39
795 191
795 514
795 1101
796 684
796 161
796 1049
796 66
796 274
796 151
796 429
796 755
796 293
796 633
796 77
796 1036
796 699
796 96
796 615
798 491
798 839
798 588
798 204
798 826
798 748
798 2
799 50
800 127
802 665
803 305
804 366
804 186
804 172
804 180
804 100
804 322
804 520
805 151
805 432
805 33
805 537
805 522
805 147
805 234
805 1110
805 922
806 483
806 56
806 175
806 1018
807 498
807 50
807 298
807 684
807 211
807 79
807 403
807 136
807 199
808 313
808 286
810 338
810 342
810 878
813 271
814 219
814 53
815 125
815 163
815 735
815 527
815 136
815 239
817 294
821 504
821 28
821 476
823 50
823 156
823 739
823 502
823 318
823 193
823 517
823 17
823 631
826 651
826 181
826 229
826 309
826 62
828 24
829 1
829 1193
829 515
829 153
829 319
830 692
830 568
830 22
830 265
830 127
831 156
831 317
831 181
833 671
833 271
833 647
833 203
833 56
833 127
833 488
833 511
833 508
833 182
834 315
834 886
835 239
835 50
835 499
835 25
835 591
836 180
837 1009
837 13
838 174
838 286
839 129
840 483
840 7
840 152
840 756
840 405
840 209
840 512
842 1395
842 268
844 258
845 311
846 499
846 56
846 443
846 787
846 88
846 622
846 478
846 174
847 258
848 479
848 423
848 519
848 732
848 241
848 393
848 234
848 214
848 855
848 421
848 474
849 298
849 197
849 38
850 132
850 485
850 22
850 490
850 385
851 355
851 831
851 109
852 1
852 151
854 382
854 487
854 49
855 475
856 286
856 322
859 1326
860 690
860 300
860 310
860 302
861 45
861 301
862 484
862 181
862 498
862 767
862 22
862 1050
862 655
862 434
862 188
863 690
863 307
863 1294
863 752
864 217
864 939
864 167
864 184
864 391
864 79
864 15
865 302
867 498
867 96
867 524
867 657
868 114
870 13
870 462
870 186
870 647
870 208
870 655
870 272
870 69
870 178
870 134
871 781
871 161
871 526
871 195
872 597
872 363
875 131
875 652
875 511
875 174
877 270
877 451
877 98
877 86
877 475
877 88
878 165
878 170
878 152
878 15
879 117
879 111
879 15
880 623
880 232
880 1284
880 307
880 902
880 549
880 4
880 111
880 693
880 92
880 770
881 546
881 642
881 663
881 193
882 86
882 11
882 222
882 378
883 1019
883 462
883 956
883 168
883 151
884 275
884 268
885 169
886 157
886 24
886 76
886 544
886 288
887 115
887 405
887 1496
887 151
887 109
887 111
887 578
887 410
887 1047
887 588
887 318
887 501
888 237
889 121
889 208
889 94
889 718
889 216
889 204
889 132
889 210
889 262
889 607
889 475
889 318
890 521
890 210
890 530
890 133
890 313
890 1039
891 591
892 1
892 380
892 58
892 233
892 150
892 479
892 178
893 286
893 531
894 1501
894 242
894 347
894 887
894 245
894 690
896 248
896 215
896 655
896 966
896 525
896 24
896 651
897 416
897 429
897 423
898 358
899 200
899 64
901 623
902 176
902 191
903 185
903 763
903 1009
903 56
903 293
903 175
903 238
907 147
907 143
907 107
907 472
908 694
908 144
909 286
910 12
911 154
911 228
911 87
912 192
913 56
913 203
913 50
913 185
913 318
916 88
916 1005
916 735
916 203
916 244
916 421
916 9
916 721
918 656
919 237
919 174
919 1278
919 217
921 259
921 392
921 400
921 419
921 815
922 15
922 576
922 51
922 99
922 431
922 380
922 202
923 50
923 281
923 456
924 519
924 313
924 172
925 98
927 367
928 487
928 165
928 98
930 257
931 116
932 285
932 459
932 513
932 153
932 511
932 1020
932 96
932 430
932 167
932 479
932 208
934 152
934 492
934 239
934 66
934 419
936 547
936 25
936 181
936 904
936 100
936 1129
937 408
938 763
938 243
940 692
940 8
940 82
940 354
940 357
941 1007
942 197
942 604
942 210
943 111
943 426
943 546
943 196
943 201
1 234
1 47
1 137
1 80
1 228
1 128
1 72
1 60
1 151
2 292
2 313
2 302
2 303
5 239
6 223
6 408
6 515
6 182
6 14
7 402
7 511
7 9
7 608
7 172
7 622
7 136
7 234
8 188
8 50
9 50
9 298
10 221
10 504
10 629
10 482
10 531
10 285
10 11
10 484
10 129
10 707
10 519
10 283
10 499
11 196
11 580
11 312
11 713
11 737
12 50
12 753
12 392
12 276
13 856
13 100
13 509
13 404
13 585
13 477
13 187
14 275
14 603
14 168
14 628
15 181
15 275
15 306
16 161
16 233
16 183
16 692
16 31
17 475
18 162
18 633
18 965
18 736
18 430
18 805
18 154
20 323
21 637
21 558
21 9
21 448
22 692
23 173
23 189
23 224
23 427
23 194
23 479
23 174
24 275
24 180
24 402
25 181
25 657
25 655
26 15
26 300
27 121
28 234
28 79
31 1019
32 628
32 250
34 332
35 680
36 333
37 172
38 1033
38 155
38 67
38 916
38 162
39 269
40 242
41 188
41 173
41 181
42 402
42 732
43 241
43 26
43 328
43 684
43 155
43 732
43 71
43 301
43 315
43 137
43 393
44 200
44 153
44 603
44 15
44 197
44 429
45 282
48 306
48 496
49 208
49 91
49 1077
52 282
52 285
54 676
55 181
56 405
56 28
56 42
56 73
56 778
57 204
57 181
57 294
57 8
57 845
58 174
58 603
58 182
58 1
58 134
58 462
58 1019
58 240
58 203
58 191
58 850
59 147
59 92
59 149
59 504
59 10
59 479
59 825
59 100
59 747
59 208
59 507
60 511
60 474
60 327
60 434
60 9
60 15
60 194
61 328
62 83
62 222
62 1074
62 98
62 357
62 875
63 255
63 277
63 150
64 434
64 135
64 568
64 91
64 313
65 956
66 9
66 280
69 321
71 276
71 52
72 241
72 553
72 12
72 684
72 550
72 644
72 9
72 233
73 286
75 196
75 1028
76 1158
76 806
76 955
77 173
77 474
77 156
81 591
81 98
81 7
81 282
82 100
82 64
82 73
82 660
82 310
82 121
83 28
83 88
83 110
83 161
83 323
84 222
84 151
84 79
85 180
85 414
85 70
85 50
85 234
85 191
85 659
85 420
87 210
87 1041
87 405
87 435
87 796
87 181
87 845
87 204
87 554
88 286
88 261
89 222
89 173
89 268
90 311
90 209
90 30
90 527
90 958
90 690
90 837
90 192
91 483
91 69
91 50
91 289
91 82
92 134
92 171
94 214
94 549
94 692
94 588
94 402
94 813
94 504
94 215
94 587
94 265
94 789
95 178
95 215
95 204
95 88
95 208
95 523
95 1
95 366
95 191
95 257
95 65
96 479
97 79
97 204
97 357
98 517
98 194
99 240
99 546
99 367
99 237
99 203
100 690
100 900
101 405
102 612
102 449
102 447
104 100
104 150
104 475
109 91
109 294
109 196
109 373
109 67
112 303
114 183
115 177
115 137
118 135
118 844
118 134
118 23
118 317
119 382
119 188
119 132
119 879
119 235
119 100
119 385
119 287
119 300
119 174
119 121
122 724
122 727
123 514
125 401
125 80
125 258
127 380
128 196
128 317
128 966
129 906
130 128
130 90
130 228
130 181
130 281
130 1142
130 385
130 143
130 374
130 33
130 928
130 934
130 268
130 534
131 9
132 154
135 325
135 603
135 77
137 222
137 680
139 268
139 127
140 286
141 252
144 216
144 699
144 223
144 304
144 22
144 1169
144 405
144 500
145 237
145 134
145 172
145 510
146 346
146 319
147 340
148 473
148 163
148 214
151 732
151 729
151 378
151 478
151 609
151 837
151 132
151 97
151 919
151 443
151 845
151 98
151 428
152 794
152 278
152 1041
152 294
152 97
152 234
153 182
153 568
154 806
154 474
155 306
156 528
158 121
158 511
158 414
158 127
158 10
158 38
159 678
159 125
159 591
159 127
160 192
160 497
160 1012
160 430
161 272
162 1011
162 1047
162 943
162 25
165 332
167 237
167 606
167 1306
168 258
171 272
173 328
174 371
174 742
174 87
174 709
174 40
174 69
175 12
175 136
176 475
176 874
177 806
177 144
177 302
178 268
178 143
178 792
178 655
178 385
178 257
178 131
178 284
178 82
178 28
178 628
178 127
178 178
178 423
180 83
180 431
180 258
180 762
181 237
183 202
184 238
184 283
184 511
184 89
184 387
184 596
184 187
184 124
184 221
185 199
187 116
188 174
188 288
189 480
189 207
189 523
189 483
189 1021
189 44
189 479
190 405
190 288
190 147
193 177
194 144
194 187
194 294
195 234
195 421
197 245
197 313
198 191
199 475
200 831
200 768
200 2
200 392
200 25
200 462
200 202
200 169
200 325
200 118
201 340
201 772
201 480
201 191
201 506
201 708
201 11
201 227
201 596
203 283
206 333
206 315
207 216
207 211
207 197
207 134
209 127
210 153
210 134
212 423
213 274
213 175
213 193
214 496
214 327
215 234
216 218
216 129
216 282
216 56
216 652
216 196
217 117
218 47
221 568
221 298
221 215
221 150
221 173
222 693
222 183
222 173
223 294
223 216
223 332
224 699
224 387
226 180
226 28
227 129
229 288
230 423
230 211
230 234
230 742
230 451
230 82
232 272
232 52
232 175
232 435
232 165
232 196
233 654
233 57
233 196
234 1452
234 964
234 495
234 166
234 970
234 134
234 423
234 466
234 488
234 124
234 520
234 419
235 197
235 190
235 346
236 614
236 934
236 546
236 199
237 525
237 190
237 180
237 185
237 28
239 671
239 954
239 633
239 483
239 8
242 934
242 1355
243 736
243 1281
244 747
244 268
244 180
244 697
244 924
245 222
246 477
246 219
246 721
246 172
246 132
248 156
249 23
249 403
249 298
249 1069
249 64
249 137
249 202
249 480
249 741
249 471
250 260
250 1
250 151
250 89
250 50
251 45
251 1014
251 12
252 300
252 1
253 655
253 198
253 237
253 202
253 300
253 220
254 174
254 132
255 597
255 271
255 335
255 872
256 977
256 243
256 1
256 88
256 2
256 288
256 216
256 591
256 387
256 64
257 307
257 1129
257 275
258 311
259 298
259 1135
261 259
262 427
262 496
263 134
263 662
263 602
264 70
264 709
264 269
264 721
264 210
266 272
267 92
267 484
267 24
267 31
267 498
267 518
268 333
268 227
268 31
268 116
268 42
269 151
269 582
269 52
269 747
269 523
269 529
270 257
270 566
270 26
270 466
270 213
271 428
271 198
271 97
271 648
271 490
271 124
271 234
271 203
271 275
272 174
272 234
272 187
272 469
274 100
274 125
274 1063
274 164
275 222
276 258
276 217
276 427
276 916
276 268
276 206
276 433
276 462
276 200
276 421
276 276
277 591
279 211
279 166
279 391
279 824
279 257
280 159
280 756
280 288
280 322
280 1297
280 1099
280 1112
280 40
280 117
280 385
281 332
282 294
283 412
283 83
283 732
283 433
283 186
286 17
286 151
286 268
286 341
286 746
286 465
286 125
286 34
286 99
286 50
286 1014
286 155
286 330
286 628
287 56
287 845
288 340
288 346
289 849
290 158
290 64
290 135
291 202
291 41
291 1220
291 98
291 285
291 1067
291 284
291 11
291 294
291 55
292 484
292 194
292 173
292 491
292 265
292 479
292 248
292 1
293 180
293 234
293 654
293 484
293 492
293 313
293 463
294 109
294 127
294 286
295 159
295 86
295 164
295 209
295 230
295 173
295 389
295 213
295 216
295 483
295 704
295 414
295 843
295 794
295 497
296 127
296 483
296 125
296 485
296 705
296 357
296 228
296 114
296 248
296 251
297 302
297 283
297 156
298 261
298 523
298 317
298 143
298 511
299 302
299 97
299 1039
299 512
299 275
299 86
299 212
300 833
301 373
301 199
301 431
301 294
301 425
301 797
301 429
301 187
301 168
303 655
303 156
303 479
303 257
303 109
303 194
303 293
303 739
303 93
303 763
303 7
303 237
303 1098
304 275
304 298
305 638
305 203
305 923
305 474
305 660
305 170
305 1101
306 269
306 1514
307 81
308 24
308 504
308 402
308 178
308 665
308 96
308 566
308 135
308 134
308 81
308 420
308 8
308 59
308 663
308 466
308 71
308 319
309 319
310 1022
311 755
311 99
311 86
311 708
311 98
311 183
311 238
311 399
311 96
311 177
311 630
311 684
311 213
312 478
312 134
312 618
312 521
312 1020
312 863
312 172
312 480
312 382
313 131
313 527
313 300
313 519
314 41
314 117
314 1
314 65
314 409
314 591
314 54
314 1471
314 1150
314 993
314 1136
315 238
315 98
315 657
315 168
318 385
318 655
318 321
318 301
318 94
318 393
318 605
318 657
320 188
320 274
320 739
320 185
320 742
320 173
320 3
320 751
320 117
320 156
321 59
321 186
321 432
321 19
321 135
321 736
322 513
322 64
322 194
323 50
324 411
324 538
324 285
325 1411
325 502
325 127
325 357
325 114
326 228
326 485
326 183
327 246
327 1098
327 718
327 1
327 150
327 494
328 245
328 1483
328 470
328 531
328 317
328 510
328 435
329 297
329 515
329 137
329 79
330 283
330 989
330 208
330 739
330 50
330 204
331 306
332 120
332 411
332 354
332 82
332 121
333 100
334 886
334 479
334 484
334 603
334 228
334 183
334 1073
334 311
334 47
334 549
335 322
336 15
336 204
337 135
337 121
337 50
338 474
338 382
338 100
339 631
339 632
339 124
339 91
339 637
339 69
339 167
339 511
339 238
339 240
339 469
340 265
340 480
342 523
342 655
342 1012
342 813
342 129
342 134
342 47
343 193
343 177
343 715
343 90
343 189
343 478
343 196
344 137
344 306
344 111
344 124
345 79
345 100
345 69
345 676
345 51
345 11
345 381
346 168
346 515
346 1228
346 1135
346 188
346 1217
346 76
347 202
347 163
347 356
347 246
347 76
349 15
349 276
350 480
351 898
351 989
351 754
353 331
354 269
354 238
354 381
355 319
357 833
359 298
359 268
360 651
360 25
360 181
361 525
361 283
361 170
361 100
361 430
361 98
361 466
361 949
361 692
361 165
362 347
362 350
363 444
363 81
363 137
363 809
365 258
367 5
367 98
368 292
370 12
370 525
370 661
371 357
372 874
372 288
373 520
373 88
373 506
373 4
373 208
373 241
373 427
374 100
374 468
374 1134
374 230
374 70
374 735
374 174
374 1194
374 279
374 182
374 504
376 269
377 173
378 443
378 651
378 269
378 12
378 660
378 606
378 629
378 95
378 806
378 404
379 284
379 137
379 729
379 644
379 131
379 56
379 4
379 701
379 191
379 576
379 197
380 631
380 1116
381 1060
381 493
381 498
381 419
381 1018
381 132
382 180
382 482
383 321
383 660
383 513
383 663
383 654
385 1456
385 156
385 1428
385 325
385 8
385 47
385 522
385 134
385 433
385 337
387 528
387 129
387 1199
387 250
387 1143
387 93
387 198
387 200
387 7
388 121
389 301
389 181
389 642
389 504
389 498
389 1007
389 845
389 23
389 274
389 923
389 87
389 705
389 486
389 485
389 100
390 713
390 515
390 258
391 22
392 197
392 199
392 589
392 657
392 663
393 38
393 194
393 470
393 143
393 222
393 354
393 97
393 54
394 715
394 232
394 455
394 238
394 651
394 250
394 550
394 559
395 924
396 271
397 611
398 491
398 132
398 194
398 276
398 519
398 399
398 654
398 82
398 69
398 28
399 214
399 188
400 286
401 651
401 25
401 630
402 479
402 273
402 137
403 925
405 452
405 56
405 1041
405 1053
405 318
405 143
405 215
405 23
406 631
406 1021
406 420
406 203
406 5
406 100
406 504
406 117
406 9
406 58
406 133
406 180
407 238
407 50
407 478
407 154
407 418
407 197
407 288
407 315
407 4
408 302
408 272
409 191
409 216
409 181
409 633
409 489
409 195
409 89
409 995
411 770
411 566
411 9
411 22
411 209
412 23
413 276
413 286
414 346
415 136
416 156
416 143
416 347
416 720
416 332
416 385
416 356
416 1516
416 367
416 549
416 172
416 707
416 1020
416 1168
416 28
416 2
416 576
417 117
417 67
417 217
417 154
418 258
419 191
419 257
419 181
420 475
420 750
420 690
421 516
421 234
422 307
422 275
422 1007
422 129
423 315
423 754
423 628
424 9
424 289
425 853
425 273
426 481
426 1116
426 429
426 483
426 511
426 133
427 263
427 258
427 286
428 750
428 294
429 684
429 1016
429 32
429 97
429 248
429 679
429 789
429 427
429 85
430 168
432 50
432 844
432 121
432 276
432 313
432 222
433 1005
433 269
434 763
434 928
435 203
435 67
435 596
435 227
435 541
435 173
435 405
435 462
435 357
435 1
435 10
436 313
436 928
436 739
436 144
436 125
436 381
437 660
437 1134
437 732
437 748
437 425
437 151
438 50
438 476
439 1600
439 268
440 883
441 313
441 294
441 9
441 1
442 695
443 327
444 245
447 469
447 56
447 963
449 293
449 381
449 198
449 248
449 212
450 202
450 192
450 90
450 7
450 131
450 191
450 618
450 164
450 628
450 70
450 1061
450 117
450 1192
450 604
450 699
450 729
450 133
450 866
450 807
450 380
451 874
451 690
452 1427
452 168
452 597
452 70
453 55
453 50
453 421
453 181
453 156
453 272
454 174
455 313
455 164
455 300
456 943
456 1020
456 1267
456 135
457 470
457 89
457 673
457 204
457 4
457 451
457 151
457 66
457 747
457 732
457 959
458 526
458 408
458 9
458 319
458 499
458 596
459 105
459 286
459 307
462 272
463 740
463 253
463 302
464 326
464 12
465 56
466 92
466 908
466 1176
466 902
467 93
467 1226
468 1070
468 195
468 42
469 605
470 257
471 878
472 193
472 658
472 1215
472 1079
472 672
472 568
472 121
472 423
472 56
472 633
472 49
473 276
473 116
473 129
473 303
474 14
474 496
474 172
474 100
474 497
474 651
474 506
474 709
474 478
474 194
474 79
474 315
474 211
474 192
474 924
474 180
474 237
475 127
475 902
476 88
476 734
476 710
476 42
478 381
478 216
479 204
479 180
479 176
480 257
481 86
483 676
483 181
483 515
484 257
484 566
484 204
484 651
484 755
484 265
484 684
484 471
486 108
486 248
486 544
486 50
486 405
487 282
487 31
487 117
487 692
487 27
487 173
488 234
488 294
488 496
489 984
489 895
490 1386
492 527
492 318
493 201
493 117
493 288
493 1016
493 763
494 174
494 126
495 202
495 1245
495 147
495 200
495 505
495 616
496 190
496 10
496 483
497 258
498 203
499 915
499 463
499 153
500 464
500 1195
500 762
500 300
500 61
501 952
501 124
503 248
503 269
503 659
503 496
503 97
503 183
504 4
504 323
504 411
504 1135
504 527
504 382
504 1136
504 121
504 245
505 1039
505 82
505 591
505 132
506 641
506 200
506 482
506 71
506 404
506 699
506 328
506 211
506 196
507 298
507 678
507 898
508 317
508 514
508 1067
512 1459
514 380
514 188
514 367
514 179
515 288
515 307
515 313
516 194
516 181
517 1177
518 13
518 475
519 1592
521 68
522 23
523 393
523 306
523 1069
523 114
523 213
523 211
523 204
524 187
524 515
524 192
524 56
524 234
526 1084
526 845
527 211
527 433
527 640
527 657
527 209
527 963
527 647
528 427
530 328
530 322
530 60
531 286
532 586
532 619
532 448
532 302
532 310
532 403
532 495
532 230
532 227
533 143
533 739
533 275
533 603
533 313
533 98
533 187
533 286
533 609
533 134
533 449
533 281
534 24
534 471
534 1059
534 546
534 763
534 325
535 478
535 131
535 137
535 1166
535 210
535 275
535 658
536 181
536 94
536 22
536 71
536 423
536 96
537 464
537 484
537 475
537 56
537 283
537 558
537 956
537 178
537 47
537 507
541 418
541 709
541 172
541 420
542 70
542 100
542 648
542 249
543 190
543 479
543 265
543 516
543 947
543 12
543 1524
545 199
545 413
545 121
545 588
545 233
545 62
546 928
546 898
547 313
547 340
548 460
548 203
548 762
548 405
549 181
550 15
551 238
551 735
551 228
551 328
551 176
551 1135
551 561
551 518
551 210
551 56
551 164
551 742
551 331
551 7
551 1443
552 1014
553 474
554 230
554 79
554 405
555 181
555 357
555 25
560 654
560 302
560 423
561 197
561 1524
561 285
561 582
561 492
561 176
561 511
562 98
562 443
562 190
562 141
562 185
565 713
566 83
567 10
567 32
567 190
567 490
567 83
567 469
568 427
568 224
569 100
569 676
571 124
571 357
572 300
573 216
574 213
574 100
574 269
574 312
575 98
577 356
577 735
577 117
577 229
577 196
577 5
577 318
577 216
577 65
579 732
579 435
583 286
583 602
585 639
585 198
585 30
586 820
586 39
587 303
588 63
588 471
588 313
588 164
588 216
588 928
588 56
589 304
589 300
590 127
591 709
591 64
591 194
591 216
591 517
591 740
592 467
592 303
592 591
592 518
592 95
592 1142
592 282
592 1014
592 471
592 742
592 479
592 289
592 1070
593 204
593 181
593 70
595 546
595 289
599 756
599 975
599 284
600 510
600 79
600 177
601 763
602 9
602 880
602 117
604 7
605 462
605 318
605 408
606 419
606 172
606 729
606 924
606 198
606 71
606 508
606 333
606 188
607 528
607 483
607 275
608 234
608 61
608 489
608 483
609 313
610 51
610 750
610 489
610 423
611 340
613 514
613 176
615 319
615 187
615 521
617 653
617 573
617 440
617 656
618 966
618 143
618 91
618 215
618 168
618 385
619 313
619 568
619 258
620 294
621 53
621 410
621 200
622 174
622 90
622 721
622 29
622 172
622 568
622 22
622 209
622 755
622 214
623 435
623 216
624 886
624 333
625 213
625 195
627 523
627 528
628 242
628 301
629 265
629 195
629 196
629 732
630 756
630 120
632 133
633 1019
633 195
633 147
634 628
634 676
634 595
634 258
634 742
634 109
634 117
635 255
635 307
637 50
638 234
639 707
640 201
640 318
640 663
642 29
642 597
642 181
642 50
642 204
642 1469
642 815
642 367
643 144
643 96
643 496
643 156
643 659
643 484
643 671
643 56
643 715
643 436
643 79
643 367
643 47
644 255
645 963
645 506
645 208
645 216
647 255
648 145
648 505
648 191
648 179
648 436
648 500
648 176
650 479
650 175
650 55
650 91
650 176
653 318
653 56
653 521
653 748
654 969
654 678
655 865
655 514
655 183
655 89
655 275
655 346
655 98
655 320
655 507
655 904
655 504
655 50
658 9
659 197
659 611
659 423
659 204
659 185
659 159
659 89
660 747
660 208
660 172
660 154
661 168
661 48
663 150
663 330
663 7
663 628
663 176
663 588
664 509
664 462
664 466
664 174
664 151
664 197
664 529
665 588
665 255
665 319
665 456
666 478
666 269
666 182
666 642
666 238
666 684
667 475
668 210
668 272
668 347
669 427
669 408
671 568
671 98
671 96
673 294
674 292
674 111
676 174
676 100
676 132
676 272
678 332
679 710
680 257
680 117
680 269
681 539
682 288
682 293
682 21
682 763
682 761
682 1074
682 271
682 1225
682 7
682 128
682 82
682 720
683 887
684 83
684 186
686 50
686 969
686 521
686 435
686 179
689 471
689 181
690 393
690 357
693 685
693 357
694 692
694 485
694 237
694 657
694 200
695 1024
696 9
697 127
697 246
697 713
697 595
697 689
697 235
697 50
698 478
699 1033
701 751
704 50
704 657
704 382
704 506
705 400
705 566
707 275
707 256
707 483
707 191
707 1068
707 194
707 507
708 873
708 326
708 118
708 126
708 222
709 693
709 282
709 219
711 403
711 778
711 301
711 340
711 275
711 622
711 40
711 258
711 315
711 8
711 1118
712 79
712 729
712 739
712 1221
712 88
712 385
712 243
712 996
712 1503
714 118
714 323
714 748
715 206
715 98
716 73
716 588
716 69
716 527
716 199
716 162
716 387
716 490
716 121
717 591
717 299
721 1
721 735
721 402
722 458
725 245
727 248
727 144
727 511
727 250
728 471
731 64
731 527
735 258
735 127
735 124
738 230
738 189
738 357
738 172
738 128
739 498
739 56
740 288
740 289
741 15
741 566
742 14
746 684
746 117
746 202
747 269
747 1134
747 153
747 659
747 276
747 69
747 865
747 135
747 403
747 169
747 735
747 163
748 588
748 188
748 96
749 300
749 205
749 1041
749 595
749 732
749 69
749 127
749 1185
751 660
751 394
751 367
751 490
751 588
751 144
752 269
753 898
755 690
756 432
756 256
756 176
757 651
757 809
758 175
758 342
758 428
758 53
758 355
758 238
758 529
758 33
758 919
758 483
758 147
758 100
758 141
759 323
760 604
762 270
763 418
763 382
763 190
764 939
766 747
766 357
766 217
766 212
766 498
766 474
767 172
767 300
768 272
769 118
770 100
770 118
771 50
771 202
771 596
771 1
772 300
772 245
773 98
776 474
776 514
776 174
777 117
777 527
778 200
780 313
781 205
781 174
782 358
782 748
782 272
782 330
784 331
784 258
786 86
786 385
786 504
786 210
786 416
786 143
786 208
786 419
787 749
788 521
788 54
788 100
789 293
789 508
790 52
790 217
790 470
790 1119
790 144
792 147
793 148
795 588
795 640
795 234
796 434
796 316
796 603
796 732
796 298
796 809
796 419
796 282
796 173
796 769
796 662
796 568
798 257
798 1425
798 805
798 121
798 88
800 257
801 294
802 379
802 176
802 326
802 299
804 1615
804 294
804 211
804 528
804 290
804 468
804 188
804 31
804 97
804 739
804 193
805 709
805 238
805 191
805 715
805 1149
806 1
806 1098
806 302
806 88
806 238
807 318
807 99
807 550
807 254
807 1078
807 82
807 384
807 739
807 1089
807 22
808 346
809 315
811 304
811 301
815 71
815 523
815 50
815 82
815 200
816 309
817 748
817 1
817 876
817 273
818 288
818 303
819 533
820 313
821 174
821 1
821 56
823 174
825 252
825 385
825 174
825 363
825 597
825 245
825 840
826 50
826 22
826 188
826 1219
826 588
826 53
827 748
827 294
828 902
829 639
829 170
830 181
830 100
831 144
833 646
833 47
833 474
833 340
833 1154
833 673
834 347
835 610
835 527
835 135
835 371
835 325
836 185
837 20
837 258
838 100
838 354
838 83
838 60
840 650
840 169
840 234
840 23
840 45
842 886
842 302
842 340
843 176
843 217
844 45
845 903
846 836
846 91
846 525
846 463
846 47
846 195
846 614
846 181
846 172
846 228
846 219
846 378
846 203
847 219
848 431
848 174
849 633
850 172
851 121
851 1016
851 339
851 480
851 553
851 8
854 1226
854 855
854 50
854 469
854 250
854 297
854 509
855 165
859 1061
859 288
859 475
861 319
862 866
862 183
863 300
863 306
864 88
864 755
864 729
864 403
864 566
864 62
864 22
864 559
864 157
865 100
865 1240
865 847
867 195
867 156
867 1
867 68
867 31
867 528
867 295
867 651
867 318
868 23
868 615
868 327
868 12
868 474
868 433
870 79
870 793
870 64
870 646
870 641
870 209
870 813
870 288
870 772
871 56
871 515
871 177
872 118
873 328
873 292
874 357
874 150
874 116
875 289
875 923
875 181
877 371
877 463
877 274
878 269
878 194
878 921
878 474
878 136
879 125
879 763
880 356
880 684
880 833
880 204
880 742
880 302
880 260
881 526
881 22
881 51
881 218
881 530
881 484
881 181
882 172
882 496
882 133
882 173
882 510
883 45
883 506
883 55
883 251
883 1074
883 30
883 647
883 173
883 153
883 347
885 300
886 79
886 216
886 173
886 47
887 473
887 1033
887 99
887 176
887 218
887 926
887 596
889 50
889 223
889 89
889 554
889 1006
890 675
890 228
890 204
890 132
890 50
890 1
890 657
891 756
891 107
891 278
892 79
892 5
892 470
892 578
892 222
892 291
892 188
892 8
892 633
892 216
892 768
892 135
892 151
894 535
894 471
894 922
894 297
894 904
894 170
895 1
896 258
896 136
896 229
896 95
896 71
897 177
897 133
897 240
897 50
897 151
899 66
899 527
899 157
899 153
899 73
899 742
899 603
900 237
901 393
901 391
901 405
903 181
903 87
905 302
907 485
907 506
907 19
907 248
909 275
910 313
910 222
910 293
910 100
911 625
911 89
911 173
912 427
913 127
913 9
913 92
913 289
913 11
913 89
913 95
914 778
914 781
916 11
916 1113
916 81
916 557
916 48
917 100
917 696
918 660
919 95
919 5
919 11
919 418
921 294
921 1028
922 395
922 427
922 77
922 433
923 273
923 295
923 455
924 129
924 632
924 923
924 896
925 288
927 820
927 210
927 866
927 72
928 48
928 8
929 483
929 98
929 423
929 517
930 190
931 302
932 524
932 196
932 617
932 45
932 488
932 603
932 614
932 178
933 11
933 125
933 318
934 65
934 428
934 403
935 286
935 181
936 825
936 1344
936 255
936 250
936 298
936 246
936 3
937 9
938 121
938 476
939 118
940 50
941 257
941 919
942 514
942 1221
942 99
942 487
942 200
943 161
943 151
943 54
943 172
943 721
1 183
2 295
10 180
24 117
43 174
45 13
48 609
60 185
62 173
65 194
82 284
106 495
116 390
132 100
136 100
147 345
163 98
171 292
176 273
184 382
199 116
254 496
256 185
259 154
262 949
278 22
315 55
321 213
344 45
358 1021
360 334
362 302
369 316
371 69
375 5
396 742
412 70
439 1048
440 937
448 269
455 31
456 1324
486 1202
487 206
488 651
490 919
504 504
517 50
524 100
526 147
540 257
542 1
545 265
546 98
555 301
567 209
569 284
571 181
578 300
591 196
592 418
593 966
594 357
597 151
606 1055
607 311
624 1067
645 11
649 181
674 255
689 50
713 310
717 50
718 111
733 224
737 428
739 749
744 174
779 243
791 306
799 427
813 300
815 526
821 213
826 95
829 705
831 250
835 708
848 172
858 754
868 646
872 974
888 153
892 127
894 1658
907 710
920 347
931 100
935 284
941 181
