16
21
34
43
40
63
78
74
84
102
105
112
140
145
149
253
243
290
337
345
369
379
359
352
355
364
365
360
412
398
386
389
445
426
466
467
459
452
450
551
565
561
575
573
572
570
535
610
612
617
622
621
625
624
630
635
639
638
577
579
585
586
592
606
682
681
680
674
653
649
644
670
664
656
745
749
738
743
740
764
717
728
730
731
733
722
723
724
820
819
829
800
808
789
787
799
795
794
772
773
770
783
883
882
884
889
888
868
869
873
874
875
877
851
849
854
853
863
834
835
842
840
956
958
953
955
948
946
936
933
934
921
916
909
908
906
905
899
1019
1010
1015
1001
1005
1004
995
984
991
988
989
982
973
960
965
964
1099
1090
1114
1108
1110
1134
1132
1126
1124
1125
1120
1121
1143
1138
1137
1032
1033
1034
1024
1025
1048
1051
1052
1055
1042
1045
1044
1046
1071
1068
1056
1063
1060
1061
1087
