1 32
1 13
1 106
1 65
1 224
2 275
2 276
2 242
5 443
5 62
5 222
5 153
6 124
6 180
6 485
6 221
6 186
6 173
6 521
7 380
7 530
7 144
7 471
7 178
7 546
7 569
7 140
7 101
8 190
8 258
8 222
9 402
9 521
10 489
10 183
10 610
10 711
10 705
10 161
10 558
10 493
10 701
10 176
10 334
10 321
10 530
10 467
10 486
10 712
11 277
11 111
12 202
12 71
13 87
13 99
13 265
13 646
13 23
13 549
13 161
13 116
13 167
13 886
13 432
13 712
14 19
14 430
14 525
14 276
15 14
16 92
16 144
16 15
16 423
16 51
16 172
16 947
17 151
18 52
18 166
18 963
18 493
18 79
18 474
18 317
18 480
18 609
18 175
18 614
18 136
19 319
20 496
20 742
20 633
21 258
21 875
21 98
21 100
21 298
22 96
22 153
22 128
22 568
22 202
23 56
23 14
24 475
24 191
24 223
25 430
25 357
25 742
25 479
28 573
28 12
28 436
29 302
29 306
32 405
32 288
32 249
33 258
34 324
34 286
36 307
37 566
37 183
37 265
37 176
38 447
38 392
38 720
39 937
41 96
41 286
41 969
42 318
42 385
42 73
42 64
43 1
43 742
43 286
43 418
43 168
43 117
44 318
44 87
44 588
44 196
45 764
47 321
48 136
48 183
48 357
49 185
52 815
52 151
52 405
53 156
53 199
53 546
54 237
55 89
55 79
56 169
56 204
56 11
56 815
56 554
56 559
56 596
57 744
57 477
57 248
57 237
58 1070
58 284
58 709
58 652
58 300
59 496
59 792
59 581
59 620
59 198
59 447
59 484
59 357
59 13
59 443
59 1117
59 18
59 28
59 428
59 570
59 490
59 190
59 176
59 708
59 209
60 234
60 445
60 77
60 166
60 493
60 492
60 705
60 656
60 736
62 512
62 235
62 474
62 69
62 498
62 660
62 100
64 235
64 156
64 127
64 181
64 11
64 111
65 64
65 191
65 211
65 48
65 531
65 237
66 181
69 886
69 123
70 83
70 69
70 217
70 143
71 65
72 196
72 64
72 1
72 100
73 154
74 276
75 151
75 460
75 222
76 276
77 431
77 483
77 134
79 262
79 311
81 25
82 519
82 294
82 483
82 455
82 175
82 202
82 133
82 216
83 755
83 423
83 127
83 575
84 286
85 527
85 134
85 87
85 246
85 172
85 209
85 143
85 152
87 70
87 186
87 651
89 150
89 246
89 936
89 240
90 506
90 692
90 526
90 307
90 905
90 143
90 900
90 421
91 265
91 527
91 98
91 181
92 237
92 208
92 7
92 747
92 93
92 663
92 8
92 1
92 282
92 160
94 7
94 93
94 127
94 23
94 525
94 559
94 8
94 824
94 191
94 134
94 527
95 143
95 233
95 216
95 843
95 657
95 15
96 96
96 79
96 445
97 208
97 435
99 125
99 597
99 117
99 619
99 1047
99 174
100 691
101 257
101 24
101 924
103 117
104 313
106 526
106 14
109 174
109 191
109 1016
109 588
109 627
110 196
110 28
111 302
112 245
113 326
114 522
115 1008
116 268
116 344
116 289
117 268
117 33
117 282
117 11
118 433
118 511
119 568
119 193
119 298
119 286
119 1160
119 323
119 685
121 644
121 57
121 1
121 86
122 175
123 482
124 226
125 98
125 94
125 194
125 190
125 659
125 174
126 311
126 681
128 181
128 186
128 433
128 692
128 531
128 190
128 949
130 566
130 216
130 313
130 1275
130 210
130 158
130 235
130 298
130 802
130 96
130 426
130 147
130 765
130 358
130 929
131 124
131 286
133 308
134 326
135 173
136 15
136 318
137 249
137 327
137 300
137 50
138 238
138 1
138 614
141 1047
141 472
144 116
144 956
144 900
144 96
144 87
144 303
144 174
144 524
144 729
144 55
145 471
145 363
145 569
145 1073
145 88
145 56
145 448
145 470
145 271
147 690
148 194
148 69
148 509
150 50
150 324
151 265
151 411
151 661
151 602
151 1298
151 208
151 7
151 1286
151 186
151 1269
151 638
151 382
152 161
152 237
154 175
154 414
158 580
158 22
158 83
158 694
158 431
159 15
159 243
159 294
159 1013
160 544
160 135
161 69
162 508
162 28
164 472
167 1125
167 698
167 465
168 280
168 257
169 705
169 258
171 310
172 642
173 269
174 237
174 238
174 716
174 15
174 1074
174 210
174 196
174 50
174 582
174 248
175 193
177 654
177 42
178 588
178 153
178 199
178 203
178 578
178 172
178 237
178 1016
178 729
179 315
180 121
180 1131
180 684
181 974
182 864
183 274
184 9
184 657
184 509
184 508
184 1010
184 223
184 100
184 715
184 51
184 165
184 602
184 172
184 276
185 269
185 197
185 25
185 302
185 196
185 285
187 197
187 747
187 28
187 8
187 433
188 717
188 13
188 318
188 64
188 164
189 135
189 196
189 172
189 28
189 863
189 56
190 276
190 237
190 272
190 326
193 199
193 280
193 282
193 218
193 905
194 648
194 165
194 318
194 161
194 13
194 496
194 218
195 271
195 1084
195 651
195 242
197 665
198 151
198 89
198 403
198 475
200 191
200 318
200 431
200 174
200 509
200 15
200 393
200 7
200 385
201 1135
201 991
201 260
201 218
201 4
201 313
201 1169
201 212
201 182
201 223
203 628
207 9
207 521
210 403
210 154
210 97
210 692
210 99
210 4
210 73
211 257
212 527
213 118
213 511
213 735
213 164
213 173
213 448
214 56
214 127
214 134
214 568
215 127
215 443
216 65
218 203
218 654
218 648
220 268
221 48
221 273
221 732
221 172
221 174
221 508
222 66
222 1438
222 223
222 258
222 300
222 1011
222 568
222 127
224 294
224 570
224 727
225 215
225 194
227 137
230 64
230 280
230 485
230 515
230 435
232 56
232 32
233 223
233 168
233 498
233 375
233 378
233 192
233 121
234 661
234 378
234 194
234 313
234 504
235 207
235 511
235 85
235 684
236 705
237 199
238 286
239 507
239 14
239 171
239 427
239 172
239 489
241 292
243 83
243 111
244 953
244 26
244 209
244 109
244 191
244 161
244 508
244 237
244 475
244 566
244 738
245 597
246 257
247 269
248 589
248 55
249 88
249 69
249 179
250 378
250 325
250 629
250 55
251 117
251 313
251 248
251 845
251 144
252 276
252 286
252 9
252 410
253 523
253 79
253 705
253 895
253 97
253 485
254 199
254 98
254 234
254 140
256 79
256 473
256 203
256 642
256 15
256 775
256 796
256 322
257 305
258 323
260 891
260 333
262 486
263 162
263 732
263 357
264 194
264 1009
264 186
264 184
267 470
267 824
267 108
267 233
267 100
268 222
268 250
268 525
268 98
269 100
269 276
269 1361
270 740
270 794
270 596
270 286
270 741
271 657
271 527
271 429
271 196
271 523
271 509
272 127
273 311
274 237
275 191
275 101
276 214
276 750
276 300
276 169
276 331
276 969
276 1218
276 174
276 340
276 418
276 4
276 92
276 65
276 12
277 25
278 525
279 1030
279 156
279 186
279 108
279 248
279 1047
279 1181
280 1217
280 588
280 1313
280 132
280 102
280 1028
280 544
280 1459
280 1478
280 1066
283 435
283 56
284 303
284 301
285 346
286 340
286 153
286 1316
286 428
286 339
286 329
286 1504
287 92
287 461
287 100
287 291
287 591
288 544
290 274
290 98
290 22
291 466
291 184
291 153
291 780
291 403
291 249
291 496
291 636
291 770
292 197
292 657
292 1050
293 1147
293 297
293 443
293 64
293 172
293 491
294 328
294 603
295 722
295 226
295 739
295 56
295 143
295 812
295 71
295 132
295 67
295 1
296 144
296 286
296 301
296 83
296 100
297 209
297 208
297 8
297 284
297 216
297 196
297 133
298 195
298 194
299 727
299 174
299 23
299 169
299 645
299 50
299 662
299 1103
299 510
299 418
299 144
299 89
301 121
301 673
301 222
301 203
301 363
301 1012
301 28
301 568
301 447
303 575
303 92
303 403
303 9
303 67
303 1012
303 1007
303 255
303 100
303 187
305 165
305 127
305 423
305 778
305 483
305 947
305 258
306 286
306 257
307 474
307 50
307 529
308 218
308 23
308 558
308 275
308 285
308 432
308 611
308 1118
308 85
308 180
308 583
308 143
308 223
308 588
308 661
309 879
311 385
311 318
311 402
311 735
311 210
311 480
311 501
311 231
311 403
311 54
311 195
311 528
311 729
312 589
312 557
312 1124
312 641
312 463
312 509
312 143
312 191
312 531
312 10
312 69
312 495
312 675
313 496
313 71
313 657
313 665
313 501
313 144
313 616
313 203
313 265
314 819
314 780
314 1139
314 410
314 983
314 288
314 318
314 578
314 1032
315 318
316 521
316 22
316 531
316 707
316 1084
318 213
318 142
318 1048
318 480
318 216
318 40
319 880
320 403
320 238
320 625
320 825
321 478
321 198
322 92
322 514
322 318
322 656
323 333
323 1012
324 250
324 293
325 286
325 185
325 604
325 408
326 651
326 510
326 568
326 386
327 168
327 652
327 527
327 200
327 1067
327 285
327 959
327 447
327 357
327 209
328 205
328 289
328 684
328 258
328 809
328 157
328 315
328 200
329 302
330 118
330 11
330 161
330 651
330 237
331 811
332 54
332 678
332 127
332 313
332 95
332 232
332 257
332 172
332 673
334 191
334 324
334 213
334 248
334 151
334 707
334 512
334 629
334 257
336 121
338 86
339 257
339 302
339 183
339 293
339 522
339 79
339 317
339 197
339 508
340 588
340 95
342 237
343 100
343 276
343 387
343 163
343 581
343 510
343 297
344 195
344 647
344 79
344 272
345 433
345 237
345 48
346 11
346 300
346 127
347 280
347 959
347 655
347 77
347 79
347 98
348 7
348 123
349 411
352 156
352 86
354 154
354 811
354 242
354 208
354 657
354 89
354 181
355 328
356 689
357 270
357 222
357 1
358 1396
359 121
360 258
360 83
360 520
361 173
361 275
361 70
361 12
361 654
361 86
361 216
362 689
362 332
363 531
363 55
363 11
363 172
364 286
366 185
367 443
367 246
372 696
372 628
373 318
373 25
373 125
373 259
373 357
373 215
373 211
374 125
374 185
374 98
374 1033
374 77
377 168
378 161
378 739
378 300
378 133
378 485
379 357
379 188
379 64
379 417
380 496
380 151
382 1229
383 488
383 185
384 328
384 355
385 659
385 504
385 485
386 50
386 117
387 182
387 856
387 179
387 772
387 463
387 20
387 48
387 248
387 641
387 12
388 559
389 1298
389 371
389 205
389 518
389 506
389 481
389 778
389 199
389 275
389 79
389 664
389 411
390 989
390 126
391 209
391 237
391 238
392 1012
392 173
392 191
392 189
393 310
393 173
393 944
393 265
393 939
393 168
393 710
393 572
393 627
393 781
393 500
393 118
394 228
394 144
394 655
395 154
397 182
397 192
397 479
397 186
397 7
397 178
397 22
397 127
398 185
398 87
398 692
398 403
398 182
398 604
399 924
401 70
401 462
402 529
402 111
403 405
403 288
404 300
405 376
405 356
405 655
405 728
406 478
406 663
406 234
406 527
406 97
406 421
406 434
406 14
406 624
406 1109
406 813
406 129
406 42
406 709
407 143
407 169
409 97
409 23
409 514
409 1524
409 223
409 498
409 1369
409 606
409 179
411 196
411 194
411 4
411 181
414 258
416 69
416 1058
416 209
416 111
416 300
416 255
416 378
416 619
416 568
416 65
416 498
416 319
417 1016
417 258
417 825
417 15
417 418
417 402
417 357
417 5
418 899
421 525
422 219
422 276
423 591
423 127
424 1084
424 294
425 53
425 89
426 482
426 663
427 937
428 908
428 338
429 404
429 100
429 732
429 603
429 602
429 11
429 1118
429 70
429 98
430 98
432 288
432 15
432 293
432 282
434 237
434 477
435 219
435 144
435 386
435 433
435 436
435 175
435 21
435 258
436 794
436 693
436 628
436 559
437 174
437 200
437 162
437 98
437 709
438 280
438 866
440 313
440 283
440 312
442 1170
442 11
444 313
445 340
446 269
447 294
447 25
447 737
447 150
449 640
449 285
449 286
449 936
450 702
450 659
450 208
450 965
450 1297
450 225
450 312
450 237
450 905
450 1152
450 751
450 136
450 356
450 187
450 430
450 696
450 230
450 616
451 322
452 609
452 172
452 480
452 196
452 488
452 45
453 168
453 172
453 496
453 4
454 124
454 293
454 191
455 118
455 172
455 79
456 485
456 660
456 187
456 432
456 864
456 196
456 952
457 185
457 216
457 231
457 12
457 357
457 125
457 180
457 219
457 137
457 554
458 521
458 169
458 204
458 8
459 50
459 357
462 136
463 126
463 7
463 313
463 246
463 244
465 258
465 357
465 87
465 190
466 882
466 995
467 268
468 98
468 200
468 222
468 275
468 283
469 582
472 226
472 742
472 323
472 796
472 125
472 217
472 132
474 137
474 69
474 505
474 322
474 423
474 499
474 1421
474 143
474 467
474 659
474 116
475 269
476 393
477 1041
477 739
478 447
478 42
478 137
479 70
479 234
479 238
479 1039
479 274
480 661
480 89
480 50
481 198
481 435
484 202
484 94
484 176
484 141
484 51
486 242
486 10
486 7
487 22
487 833
487 95
487 956
487 181
487 99
488 222
488 178
488 1039
488 22
489 349
489 300
489 323
489 271
489 885
490 410
493 249
493 357
493 186
495 167
495 1188
495 54
495 186
495 1
495 479
495 195
496 1459
496 181
497 402
497 1016
497 395
498 179
498 191
498 151
498 187
498 192
498 558
499 132
499 328
499 257
499 198
499 165
499 530
500 88
501 369
501 108
501 544
501 844
501 1534
501 696
503 303
503 582
503 237
504 97
504 973
504 322
504 620
504 258
504 44
504 505
505 73
505 98
506 228
506 73
506 417
506 479
506 693
506 607
506 193
506 836
506 662
506 402
506 576
506 525
506 604
507 333
507 1016
507 827
508 568
508 502
508 91
508 154
508 1153
508 151
509 288
512 1
513 685
514 272
514 95
514 190
514 796
514 228
514 301
516 515
517 222
517 597
518 546
518 742
518 126
518 284
518 866
519 335
521 228
522 200
523 1121
523 935
523 269
524 519
524 60
524 241
524 484
524 238
524 965
524 96
524 1101
524 480
524 116
525 405
525 276
525 300
526 750
527 517
527 210
527 868
527 7
527 203
530 100
531 312
532 562
532 186
532 191
532 472
532 914
532 332
532 682
532 452
532 508
532 354
532 834
533 423
533 193
533 1033
533 69
533 823
533 435
533 100
534 273
534 1052
534 15
534 300
534 926
535 921
535 277
535 496
535 174
535 1149
535 654
535 178
536 474
536 148
536 694
536 707
536 227
537 285
537 345
537 313
537 610
537 603
537 661
538 22
538 318
539 603
540 596
540 100
541 143
541 181
541 304
543 466
543 60
543 694
543 114
543 576
545 202
545 228
545 168
546 769
546 121
548 226
548 55
548 471
548 595
548 504
550 748
551 313
551 433
551 924
551 58
551 796
551 284
551 234
551 97
551 326
551 223
551 229
551 22
553 661
553 151
553 136
553 174
554 172
554 28
554 531
554 597
555 150
555 762
558 9
559 174
559 502
560 318
560 168
561 178
561 89
561 652
561 458
561 276
561 23
561 185
561 11
561 116
562 550
562 173
562 194
565 855
566 133
567 293
568 603
568 604
568 835
568 127
569 236
569 50
573 237
573 162
575 96
577 140
577 147
577 665
577 1033
577 727
577 12
577 298
577 284
577 241
577 1147
578 222
578 1016
579 333
580 3
580 250
580 288
580 123
581 127
582 472
583 655
583 483
583 513
583 195
584 249
584 313
585 1512
585 70
585 638
585 736
586 195
586 161
586 550
586 53
586 720
586 237
587 271
587 288
587 259
588 783
588 1074
588 186
588 720
588 168
588 172
588 131
590 116
591 856
591 487
591 285
591 603
591 1111
591 13
592 302
592 427
592 189
592 307
592 180
592 1187
592 71
592 168
592 201
592 9
592 8
592 178
593 15
593 159
593 5
594 520
595 508
595 864
597 688
598 750
599 948
599 873
600 651
600 570
600 176
600 50
601 127
601 455
601 178
601 208
601 228
603 474
604 234
605 295
605 22
605 1226
605 357
605 496
606 176
606 692
606 206
606 31
606 966
606 298
606 157
606 100
606 825
607 707
607 494
608 753
608 86
608 144
608 268
608 93
608 59
608 549
608 187
610 50
610 162
611 305
612 100
612 480
613 603
614 756
615 302
615 300
615 14
617 868
618 443
618 79
618 190
618 182
618 161
619 879
619 576
619 187
620 1066
620 82
620 288
620 95
620 1
620 181
621 692
621 181
621 735
621 208
622 588
622 56
622 143
623 15
623 603
623 127
624 905
624 696
624 282
627 9
627 177
627 183
627 196
627 64
629 9
630 595
632 172
632 22
632 71
634 475
634 471
634 121
634 284
639 135
640 195
641 434
641 969
642 447
642 931
642 133
642 559
642 65
642 73
642 411
643 28
643 568
643 111
643 508
643 132
643 154
645 430
645 435
645 191
648 79
650 432
650 612
650 493
650 174
650 133
652 328
653 89
653 135
653 286
653 480
653 157
653 310
654 1020
654 215
654 79
654 274
655 942
655 448
655 517
655 1368
655 1192
657 286
658 151
658 198
659 136
659 519
659 316
659 602
659 616
659 528
659 180
659 77
659 97
659 66
660 174
661 185
661 172
661 161
661 209
661 199
661 1
662 275
662 6
663 237
663 182
664 57
664 187
664 180
665 473
666 855
666 48
666 1170
666 489
666 191
666 499
666 1266
666 430
666 98
666 546
666 185
666 515
666 1011
668 288
668 82
669 474
669 248
669 192
669 511
670 228
671 554
671 273
671 237
671 89
671 17
672 275
673 286
673 269
674 1
675 344
676 257
676 962
676 1483
676 750
676 482
677 687
678 515
679 154
680 20
682 222
682 23
682 168
682 765
682 654
682 924
682 946
682 658
683 302
683 56
683 289
686 192
686 28
686 170
691 524
691 772
691 1172
692 204
692 300
692 100
693 606
694 22
694 174
694 434
694 193
694 216
694 132
694 143
694 451
694 141
694 498
694 31
695 302
697 751
697 886
697 124
697 1
697 123
698 512
698 330
699 129
699 252
702 380
703 1012
703 15
704 661
704 135
704 269
705 111
705 755
705 38
705 174
705 393
705 29
705 225
705 275
705 121
707 1101
707 97
707 248
707 305
708 405
708 993
708 304
708 181
709 118
709 92
710 318
710 50
710 197
711 421
711 203
711 408
711 10
711 710
711 845
711 151
711 724
711 923
712 790
712 415
712 1480
712 378
712 692
715 168
715 318
715 204
715 746
715 193
715 176
715 79
715 257
716 836
716 215
716 740
716 213
716 127
716 153
716 79
716 495
716 549
717 147
717 312
717 328
718 121
718 255
720 333
721 15
721 328
721 269
721 107
722 25
722 845
723 172
725 328
726 1059
727 1218
727 191
727 679
728 1355
731 136
733 221
734 487
735 319
735 276
737 154
737 160
737 127
737 89
737 169
738 180
738 109
738 511
738 152
741 178
741 357
741 234
742 100
746 568
746 233
747 56
747 347
747 844
747 47
747 1375
747 504
747 467
747 959
747 651
747 705
747 497
748 732
748 657
748 323
749 4
749 179
749 969
749 239
749 636
749 423
749 226
749 620
750 328
751 50
751 142
751 194
752 347
754 937
755 304
756 1060
757 97
757 205
757 91
757 183
757 1073
758 1012
758 174
758 373
758 150
758 50
758 578
758 179
758 135
758 143
758 1046
758 122
758 116
758 603
759 1
759 300
759 748
759 332
760 1135
760 873
763 55
763 222
764 222
764 174
764 151
764 14
764 143
765 242
766 1126
766 191
766 185
767 207
768 255
770 929
770 1
770 111
771 652
771 114
772 312
772 315
773 169
773 216
773 182
776 559
776 524
780 186
781 179
782 348
782 315
785 294
786 188
786 102
786 198
786 88
787 313
788 132
788 744
788 549
788 188
789 1008
790 237
790 685
790 288
790 774
791 289
793 1
793 844
794 238
794 242
794 473
795 581
795 209
795 433
796 607
796 176
796 151
796 849
796 633
796 525
796 357
796 699
796 815
798 845
798 465
798 1517
798 378
798 705
798 270
799 50
800 127
800 751
801 307
801 271
802 260
803 305
803 303
804 527
804 96
804 498
804 228
804 186
804 385
804 235
804 969
804 62
805 422
805 190
805 209
805 469
805 525
805 223
805 147
805 357
805 856
806 175
806 588
806 318
806 485
806 856
807 484
807 102
807 373
807 101
807 186
807 633
807 161
807 177
807 576
807 194
808 264
810 878
813 890
814 98
815 1039
815 136
815 222
815 479
815 144
816 288
819 246
819 327
819 304
821 22
821 993
821 405
823 152
823 418
823 187
823 659
823 176
823 318
823 234
823 87
823 90
823 89
823 17
825 678
825 472
825 685
825 741
825 291
826 91
826 336
826 96
828 971
829 515
830 427
830 692
830 98
830 451
830 739
833 647
833 177
833 56
833 1187
833 191
833 1019
833 160
834 7
835 131
835 735
835 591
836 170
836 216
836 663
838 945
838 405
838 87
838 50
840 521
840 497
840 405
840 168
840 644
840 297
840 1266
840 215
841 333
842 752
843 62
844 174
845 310
846 470
846 46
846 504
846 787
846 1473
846 609
846 88
846 79
846 479
846 570
846 401
846 494
846 174
846 510
846 202
846 92
848 72
848 739
848 153
848 1101
848 642
848 655
850 485
850 566
850 79
851 310
851 1143
851 31
852 127
854 258
854 499
854 11
854 203
860 310
861 83
862 199
862 977
862 195
862 151
862 22
862 433
863 1237
864 91
864 471
864 470
864 79
864 239
865 302
865 408
865 744
867 135
867 657
867 956
867 182
868 98
868 382
868 408
868 709
868 228
868 854
868 475
868 135
870 959
870 425
870 124
870 66
870 428
870 192
870 466
870 208
870 469
871 96
872 313
872 272
872 111
873 313
875 56
875 806
877 237
877 553
877 216
877 52
878 318
879 304
880 405
880 109
880 53
880 284
880 1139
880 794
880 222
880 1041
880 288
880 568
881 546
881 195
881 143
881 127
881 943
881 230
881 1124
881 187
881 561
881 257
882 230
882 243
882 7
882 143
883 354
883 694
883 9
883 955
884 285
884 638
886 168
886 584
886 268
886 919
886 48
886 64
887 50
887 115
887 465
887 168
887 410
887 609
887 318
889 239
889 269
889 655
889 12
889 427
889 469
889 718
889 132
889 134
889 174
889 117
889 318
890 663
890 234
890 208
890 444
890 313
890 136
892 96
892 58
892 423
892 239
892 233
894 1010
894 1226
894 113
894 1048
894 1131
894 190
894 328
895 328
896 751
896 128
896 157
896 966
896 658
896 493
896 993
896 210
896 684
897 588
897 187
897 176
897 429
897 1219
897 1
897 378
898 748
899 230
899 209
899 89
899 265
899 190
900 480
901 216
901 88
901 96
901 756
902 191
903 23
903 664
903 180
904 300
904 237
904 682
904 1152
906 121
907 97
907 281
907 86
907 143
907 1028
907 409
907 924
907 685
907 1326
908 98
908 133
908 28
911 154
911 423
911 357
911 431
912 357
912 482
913 408
913 234
914 643
915 315
916 64
916 767
916 236
916 82
916 70
916 91
917 535
919 19
919 270
919 307
919 1137
919 477
921 252
921 274
921 400
922 98
922 810
922 68
923 685
923 544
923 762
924 482
924 71
925 218
927 69
927 1415
927 237
928 276
928 358
928 98
929 187
930 14
930 300
932 459
932 174
932 135
932 654
932 168
932 169
932 474
932 176
932 1116
932 497
932 523
932 119
932 208
932 56
932 179
932 493
933 265
933 474
933 179
934 213
934 191
934 82
934 703
934 212
934 732
934 94
936 13
936 1011
936 818
936 129
937 515
938 763
938 1028
938 273
938 252
940 692
940 300
942 478
942 304
942 71
942 496
942 261
942 969
943 22
943 614
943 196
1 204
1 214
1 52
1 16
1 107
1 86
1 193
1 72
1 186
2 297
2 255
3 328
3 347
5 428
5 24
6 534
6 530
6 467
6 213
6 168
6 238
7 156
7 647
7 513
7 300
7 106
7 186
7 399
7 634
7 568
7 520
7 588
10 273
10 708
10 178
10 531
10 656
10 484
10 707
10 519
11 425
11 22
11 357
12 684
12 50
12 82
12 98
12 591
13 651
13 522
13 621
13 514
13 530
13 684
13 233
13 226
13 498
13 517
13 272
14 12
14 240
14 509
14 473
15 310
16 12
16 76
18 126
18 186
18 216
18 15
18 193
18 414
18 427
18 478
18 143
18 530
18 512
20 22
21 127
21 56
21 853
21 273
21 637
21 9
21 218
22 154
22 648
22 250
23 258
23 116
23 189
23 1
23 405
23 427
23 404
24 318
24 151
24 518
26 9
26 246
28 222
29 874
30 174
33 751
33 333
34 332
37 161
38 681
38 452
38 393
39 319
41 56
41 100
42 423
42 735
42 785
42 161
42 195
42 471
42 194
43 4
43 294
43 946
43 211
43 49
43 568
43 203
43 289
43 252
43 301
43 137
44 143
44 307
44 174
45 276
45 15
45 108
46 181
46 305
46 313
49 372
49 99
49 56
49 171
49 1077
50 1010
51 173
52 19
52 93
53 258
54 250
54 346
54 121
54 288
56 405
56 226
56 426
56 151
57 204
57 409
57 304
58 474
58 174
58 1103
58 275
58 955
58 584
59 193
59 323
59 770
59 664
59 238
59 781
59 168
59 489
59 423
59 83
59 644
59 321
60 186
60 162
60 69
60 64
60 227
62 521
62 191
62 4
62 357
63 10
64 228
64 511
64 434
64 959
64 237
64 284
64 184
64 265
64 662
65 735
65 1142
65 356
66 298
67 24
67 64
69 7
69 1144
69 302
70 343
70 95
70 403
70 50
70 408
72 581
72 972
72 466
73 171
73 59
73 187
73 272
74 307
75 508
76 61
76 474
76 137
76 811
76 150
76 23
77 1
77 42
78 237
79 340
79 10
79 246
79 582
80 466
80 64
80 45
81 7
81 282
82 523
82 134
82 121
82 265
83 234
83 28
83 117
83 2
84 265
84 151
85 1166
85 531
85 523
85 660
85 708
85 161
85 234
86 888
87 172
87 233
87 183
87 845
87 79
87 519
87 510
88 301
88 354
88 881
89 236
89 111
89 7
89 268
90 617
90 185
90 855
90 654
90 170
90 499
90 604
92 186
92 174
92 156
92 135
92 198
92 433
92 500
93 283
94 180
94 55
94 1110
94 313
94 402
94 79
94 737
94 1211
94 650
94 273
94 257
94 12
94 581
94 431
94 651
95 485
95 173
96 7
96 156
96 265
96 8
97 661
97 132
98 523
98 428
99 210
99 363
99 544
99 11
99 433
99 92
101 237
102 195
102 258
103 181
104 751
104 285
104 475
104 50
104 1012
105 269
106 162
108 10
109 25
109 234
109 31
109 566
109 70
110 288
112 300
112 272
113 874
113 268
114 474
115 772
115 273
116 246
116 180
116 596
117 421
117 678
118 436
118 320
118 317
119 382
119 111
119 235
119 718
119 313
122 737
122 519
123 462
123 514
124 11
125 202
125 22
125 945
127 258
127 300
127 380
128 64
128 98
128 216
128 633
128 732
128 763
128 136
128 340
130 84
130 347
130 144
130 420
130 350
130 261
130 64
130 63
130 12
130 534
134 294
135 55
136 1142
136 116
137 261
137 195
137 210
138 26
139 1176
141 118
141 100
142 346
142 91
143 347
144 127
144 1286
144 294
145 22
145 949
145 294
145 410
145 181
145 106
145 597
145 674
146 336
148 228
148 1012
148 209
148 596
148 114
151 172
151 427
151 12
151 652
151 1203
151 462
151 211
151 497
151 190
151 56
151 287
151 845
151 423
151 1197
151 494
152 143
152 162
153 56
154 174
154 89
156 197
157 1051
157 410
157 290
158 187
158 116
158 576
158 177
158 194
158 367
159 273
159 118
159 476
159 127
160 1073
160 202
160 763
160 430
161 100
162 79
163 316
164 252
164 685
165 216
165 15
166 984
167 512
168 295
168 225
169 331
169 480
169 172
170 245
171 315
173 321
174 1262
174 255
174 70
174 1086
174 723
174 87
174 204
174 66
174 846
176 298
177 172
177 182
177 340
177 176
177 181
178 484
178 143
178 193
178 302
178 7
178 792
178 79
178 655
178 684
178 204
178 125
178 433
178 250
178 367
178 280
179 316
179 538
181 121
181 682
182 479
183 405
184 313
184 378
184 98
184 387
184 1137
184 52
184 14
184 707
184 478
185 111
185 740
185 237
186 77
186 300
186 203
187 275
187 792
187 116
188 50
188 54
188 22
188 392
188 764
188 356
188 484
189 378
189 176
189 486
189 8
189 500
189 175
189 479
190 313
190 333
190 117
192 289
192 515
192 1061
193 693
193 194
193 739
193 580
194 837
194 431
194 357
194 523
194 507
195 47
196 692
197 265
197 161
197 568
197 515
197 1228
197 802
197 566
198 176
198 382
198 509
200 258
200 226
200 515
200 9
200 231
200 94
201 324
201 157
201 268
201 275
201 670
204 170
204 340
207 273
207 529
207 526
208 524
209 242
209 1086
210 708
210 357
212 423
213 475
213 143
213 97
214 23
214 185
214 221
214 512
214 8
214 327
214 522
215 216
215 172
215 354
215 99
215 151
215 197
216 218
216 237
216 282
217 144
217 118
218 23
221 150
221 475
222 168
222 77
222 89
222 193
222 238
222 246
222 22
222 436
222 729
222 50
222 71
222 755
223 173
223 332
224 720
224 402
226 9
226 509
230 1
232 302
232 272
232 268
232 175
232 14
232 435
233 64
233 506
233 194
233 660
233 82
233 845
234 506
234 1169
234 507
234 99
234 416
234 611
235 419
235 7
235 79
235 429
236 614
236 1328
236 435
236 432
239 272
239 1056
239 671
239 98
239 434
239 39
239 509
239 612
239 663
239 45
239 8
240 301
242 268
243 477
244 1119
244 1017
244 65
244 743
244 856
244 180
244 655
244 886
244 258
244 1
244 369
244 941
246 12
246 895
246 746
246 616
246 444
247 58
247 750
248 194
248 11
248 117
249 12
249 23
249 28
249 1011
249 137
250 69
250 458
250 44
250 64
250 183
251 79
251 288
251 132
251 64
253 490
253 64
253 198
253 742
254 258
254 416
254 655
254 136
256 597
256 1033
256 1061
256 628
256 566
256 761
257 14
258 748
258 332
259 959
261 1025
262 845
262 70
263 435
263 183
263 69
263 186
263 423
264 42
265 293
267 229
267 228
267 158
267 518
267 614
268 181
268 183
269 537
269 657
269 182
269 108
269 792
269 998
269 521
269 185
270 200
270 88
270 98
271 699
271 466
271 202
271 661
271 520
271 302
271 224
272 12
272 210
272 8
274 98
274 1063
274 9
274 713
274 258
275 300
275 50
276 1129
276 50
276 290
276 217
276 1199
276 333
276 303
276 747
276 709
276 284
277 591
277 15
277 293
279 712
279 301
279 184
279 233
279 725
279 236
279 399
279 391
279 2
279 824
279 1028
279 413
280 756
280 66
280 276
280 1035
283 204
283 238
283 211
284 340
284 903
284 268
285 269
286 1051
286 1101
286 11
286 116
286 99
286 96
286 91
286 155
286 1375
287 845
287 313
287 237
288 176
288 199
290 50
290 181
290 202
290 196
291 685
291 939
291 56
291 54
291 729
291 49
291 200
291 825
291 924
291 460
291 790
292 98
292 173
292 282
292 174
292 483
293 503
293 160
293 420
293 216
293 474
293 168
293 603
293 206
293 302
294 117
294 405
295 105
295 52
295 743
295 735
295 228
295 357
295 215
295 941
295 60
295 794
296 1073
296 20
296 483
296 125
296 1284
296 251
297 201
297 268
298 705
298 523
298 199
298 484
298 527
299 48
299 202
299 615
299 275
299 345
301 412
301 367
301 97
301 443
301 431
301 58
301 186
301 184
301 429
302 301
303 518
303 831
303 470
303 318
303 202
303 558
303 960
303 435
303 650
303 128
303 773
303 475
305 582
305 480
305 462
306 275
307 215
308 708
308 490
308 665
308 96
308 1411
308 210
308 392
308 7
308 230
308 567
308 1140
308 856
308 408
308 87
308 420
308 70
311 178
311 539
311 202
311 101
311 177
312 50
312 493
312 601
312 134
312 100
312 498
312 133
312 525
312 489
312 199
312 1203
313 136
313 566
313 98
313 131
313 430
313 64
313 199
314 255
314 794
314 685
314 588
314 1471
314 1136
314 68
314 1218
315 186
315 327
315 176
315 137
316 100
318 697
318 179
318 712
318 132
318 137
318 285
319 333
320 405
320 458
320 145
320 869
320 554
321 428
321 190
321 56
321 485
322 513
322 197
322 479
322 654
323 467
324 340
324 1094
324 268
325 493
325 1203
325 199
326 186
327 663
327 48
327 195
327 143
327 865
327 305
327 514
327 650
327 133
327 494
328 161
328 726
328 750
328 265
328 939
328 470
328 237
328 56
329 423
330 50
330 385
330 485
331 64
331 306
331 277
331 32
331 160
331 198
331 511
331 414
332 41
332 562
332 120
332 226
332 595
332 451
332 273
332 237
332 282
332 1157
333 66
333 276
334 1073
334 945
334 311
334 1133
334 505
334 1315
334 316
334 135
334 663
334 99
336 710
338 650
338 52
338 525
338 582
338 990
339 32
339 181
339 431
339 509
339 182
339 131
340 405
340 417
342 499
342 12
342 815
342 428
343 179
343 81
343 727
343 134
343 229
343 324
343 496
343 474
343 1267
343 499
344 972
344 174
344 137
344 275
344 357
344 255
344 301
344 175
345 91
345 117
345 88
345 191
346 518
346 88
347 202
347 427
347 693
347 237
347 689
347 357
347 195
347 546
347 411
348 107
348 118
349 284
350 483
350 603
351 898
352 144
354 100
354 213
354 558
354 59
354 737
354 170
355 288
357 326
357 111
360 1039
360 474
360 205
360 14
361 207
361 170
361 611
363 161
363 317
363 137
363 152
363 196
363 496
365 277
366 853
366 854
367 760
367 413
367 333
368 181
368 201
368 11
369 752
370 257
370 209
370 604
370 98
370 183
372 875
372 327
373 735
373 4
373 420
373 1110
374 226
374 310
374 230
374 228
374 844
374 597
375 603
376 357
376 181
377 173
378 443
378 896
378 969
378 588
378 531
378 606
378 1147
378 87
378 31
378 8
378 64
378 155
379 284
379 310
379 331
379 651
379 116
379 530
379 257
379 568
380 736
380 709
380 98
380 315
380 306
381 133
381 1533
381 97
381 129
382 168
383 435
384 313
384 689
385 1456
385 961
385 47
385 114
385 221
385 433
385 528
387 1240
387 2
388 98
388 121
388 310
388 596
389 181
389 302
389 517
390 275
391 187
391 462
392 172
392 515
392 837
392 345
392 98
392 347
392 319
392 511
393 405
393 38
393 386
393 1531
393 139
393 953
393 172
393 29
393 651
394 238
394 651
394 313
394 24
395 342
395 89
395 338
397 513
397 611
398 479
398 474
398 205
398 519
398 482
399 393
399 295
399 1
399 1137
400 301
401 204
401 211
401 638
401 528
402 151
403 748
403 7
403 237
403 100
404 66
405 195
405 1218
405 575
405 191
406 197
406 505
406 5
406 528
406 491
406 772
407 50
407 154
407 228
407 525
407 121
407 4
409 733
409 480
409 523
409 664
409 505
409 647
409 527
410 313
411 50
411 38
412 28
412 173
412 56
412 114
412 526
413 300
414 288
414 340
414 346
415 136
416 658
416 204
416 339
416 807
416 770
416 812
416 1189
416 510
416 463
416 742
416 526
416 470
416 71
416 739
416 268
416 676
416 707
416 747
416 708
416 98
416 191
416 346
416 303
417 132
417 89
417 209
417 125
417 80
419 300
419 275
421 474
421 129
421 194
422 185
422 477
423 237
423 293
423 9
423 313
425 895
425 529
425 346
425 250
425 269
426 480
426 848
426 616
426 654
426 178
426 633
426 490
427 341
427 874
427 680
428 750
428 289
429 684
429 431
429 1101
429 663
429 357
429 172
429 184
429 1301
429 744
430 19
430 514
430 523
432 405
432 276
433 246
433 507
434 274
435 684
435 381
435 451
435 50
435 496
435 1044
436 925
436 276
436 660
436 435
437 381
437 47
437 1134
437 12
437 483
437 154
437 135
437 202
440 971
441 117
442 64
442 144
443 271
444 245
444 328
447 83
447 31
449 1006
449 171
449 248
449 593
450 181
450 192
450 472
450 1041
450 492
450 195
450 926
450 611
450 228
450 774
450 126
450 488
450 1061
450 583
450 1044
450 399
450 292
450 497
450 660
450 717
450 866
450 902
450 174
450 735
450 801
451 323
452 482
452 510
452 856
452 863
452 597
452 494
452 70
453 318
454 133
454 480
454 237
455 275
455 277
455 196
456 97
456 1198
456 523
456 603
456 60
456 125
456 174
457 507
457 288
457 196
457 410
457 403
457 436
457 202
457 4
457 980
457 450
457 20
457 239
457 472
458 509
458 1070
458 318
458 193
459 748
459 289
460 286
460 311
461 9
462 300
462 873
463 1163
463 591
463 250
464 879
464 259
466 226
466 908
466 1176
467 109
467 269
468 772
468 144
468 1134
468 498
468 71
469 474
469 495
470 286
470 458
471 8
472 202
472 831
472 402
472 174
472 28
472 120
472 895
472 177
472 230
472 449
472 569
472 43
472 747
472 928
473 475
474 117
474 1123
474 9
474 848
474 205
474 356
474 603
474 655
474 315
474 88
474 527
475 259
476 88
476 209
477 724
477 778
477 756
478 381
478 367
478 763
478 684
478 93
479 511
479 181
480 705
480 169
480 234
482 313
484 222
484 89
484 143
484 419
484 50
484 554
484 1
486 845
486 127
486 111
487 720
487 732
487 58
488 234
488 662
488 83
488 526
489 328
489 895
492 137
492 291
493 273
493 410
493 61
493 1278
493 300
493 288
493 115
493 1016
493 89
493 191
493 150
494 127
494 924
494 183
495 573
495 1245
495 185
495 282
495 392
495 435
495 797
495 109
495 507
496 11
496 559
497 239
497 258
497 50
497 118
497 144
498 337
498 664
498 10
498 464
498 652
498 1142
499 511
499 194
499 8
499 463
500 82
500 300
500 1616
500 735
500 16
501 93
501 840
502 358
503 176
503 181
503 306
503 1194
503 633
504 25
504 143
504 462
504 168
505 332
505 97
506 654
506 385
506 50
506 96
506 699
506 646
506 28
506 274
507 538
507 678
508 183
512 318
513 222
513 210
513 117
514 408
514 202
514 568
514 64
514 215
514 432
514 4
515 300
518 147
518 847
518 121
520 289
521 1022
521 246
521 181
522 23
523 306
523 533
523 3
524 111
524 291
524 950
524 221
524 649
524 467
524 508
524 39
524 209
524 129
525 332
525 111
526 591
526 845
527 60
527 144
527 526
527 657
527 285
527 234
527 177
527 496
528 657
528 210
528 427
529 875
529 322
530 60
531 302
531 905
531 748
531 332
532 633
532 946
532 11
532 721
532 218
532 132
532 367
532 302
532 591
532 495
533 378
533 48
533 127
533 133
533 498
534 756
534 151
535 632
535 30
535 614
535 186
536 79
536 63
536 404
536 144
536 724
536 378
536 191
536 190
537 262
537 199
537 268
537 475
537 185
537 1085
537 558
537 494
537 513
537 527
538 97
538 237
539 531
539 242
539 215
541 993
541 459
541 83
541 477
541 215
542 418
542 28
542 23
542 97
543 692
543 197
543 176
543 23
543 303
545 423
545 684
545 99
546 271
546 347
547 345
547 328
548 1047
548 298
548 282
548 405
549 181
551 690
551 203
551 228
551 118
551 70
551 273
551 355
551 168
551 1443
552 126
553 170
553 98
553 191
553 111
554 22
554 71
554 14
554 222
555 89
556 513
557 58
557 299
558 137
560 12
560 246
560 100
561 427
561 640
561 607
561 196
562 418
562 566
563 181
563 255
564 118
564 345
565 730
565 190
565 207
566 98
566 523
566 443
566 100
567 498
567 675
567 1131
567 811
567 604
567 59
567 156
567 514
567 646
568 423
568 427
569 328
572 13
575 98
575 318
575 168
576 1
577 735
577 229
577 176
577 87
577 71
577 216
578 298
581 515
584 109
585 740
586 29
586 202
586 1273
586 96
586 181
587 262
587 286
587 264
588 22
588 313
588 716
588 133
588 181
589 288
590 276
591 64
591 194
592 900
592 56
592 466
592 471
592 194
592 281
592 589
593 79
593 866
593 223
593 237
595 346
595 127
595 9
595 282
595 111
596 323
597 763
597 50
597 264
598 312
599 595
600 53
600 568
601 135
601 325
605 508
605 1
606 585
606 195
606 713
606 928
606 527
606 333
606 423
606 942
607 213
608 848
608 61
608 607
608 690
610 582
610 12
610 427
610 71
610 313
610 606
610 755
612 147
613 478
614 1
615 509
617 357
617 1021
617 443
617 183
618 66
618 576
618 187
618 385
618 625
619 181
619 188
620 1035
620 71
621 625
621 584
621 231
621 313
621 135
621 790
621 128
622 172
622 479
622 165
622 101
622 597
623 435
623 659
624 327
624 305
624 126
624 127
625 50
625 23
625 238
625 428
627 651
627 273
627 193
627 1267
627 523
627 70
628 338
628 874
628 332
629 651
629 423
629 111
629 23
630 895
630 195
632 131
632 527
632 423
632 470
632 69
632 194
633 50
634 313
634 508
634 323
637 15
638 89
638 181
639 863
639 170
639 178
640 12
641 513
641 427
642 29
642 173
642 233
642 1469
642 728
642 768
642 1014
642 588
642 51
642 552
642 1039
642 391
643 32
643 144
643 96
643 603
643 521
643 519
643 172
643 50
643 39
644 457
644 125
645 46
645 428
645 173
647 255
647 174
648 1271
648 186
648 568
648 154
648 423
648 133
648 88
648 67
648 118
648 199
648 181
649 282
650 705
650 153
650 143
653 291
653 684
653 228
653 121
653 161
653 521
653 87
653 200
654 736
654 1035
654 963
654 98
654 116
655 631
655 607
655 213
655 698
655 447
655 1176
655 504
655 547
655 913
658 98
658 22
658 182
658 42
658 9
659 499
659 144
659 524
659 385
661 216
661 117
661 48
663 603
663 357
663 307
663 315
664 513
664 462
664 657
664 182
664 659
664 81
664 192
664 168
664 162
665 1061
665 135
665 238
665 125
665 117
666 168
666 1045
667 475
667 461
668 367
668 323
668 50
669 302
669 127
669 654
669 310
671 204
671 123
671 50
671 562
674 111
674 25
675 1653
676 193
676 173
676 169
676 222
677 322
679 710
679 50
680 98
680 25
681 1394
681 289
682 1019
682 240
682 774
682 271
682 228
682 125
682 128
682 250
683 346
684 50
684 282
686 168
686 191
686 518
686 521
686 214
686 208
686 234
688 682
690 284
690 69
690 234
691 79
691 227
692 411
693 79
693 193
693 697
693 216
694 172
694 484
694 133
694 435
694 673
694 1020
694 210
695 260
695 358
696 307
697 282
697 302
697 325
698 705
698 83
699 100
699 324
699 323
700 173
701 269
703 222
703 127
703 257
703 293
704 657
704 180
705 282
705 377
705 797
705 1
706 628
706 294
707 1628
707 1642
707 863
707 921
708 281
708 126
708 751
709 808
710 187
710 302
711 403
711 949
711 168
711 313
711 1119
711 70
711 88
712 949
712 417
712 392
712 1221
712 82
712 451
714 405
715 298
715 87
715 1011
715 1016
715 181
715 155
715 83
716 216
716 274
716 73
716 70
716 443
716 705
716 199
716 504
716 692
716 520
717 7
717 313
717 301
718 742
720 316
721 174
721 879
721 317
721 527
722 7
724 258
725 258
725 15
725 9
727 809
727 95
727 491
727 483
728 471
729 689
730 268
731 204
731 1039
731 28
734 204
734 98
735 258
735 298
737 137
738 81
738 230
738 172
738 527
739 97
739 301
741 265
742 475
743 301
743 300
744 302
745 12
746 684
747 180
747 136
747 87
747 190
747 514
747 134
747 274
748 474
748 237
749 435
749 176
749 685
749 951
749 633
749 208
749 69
750 879
750 288
751 431
751 70
751 394
751 248
751 168
751 98
752 748
752 344
753 79
754 117
756 50
756 79
756 420
756 367
756 402
756 1009
757 403
757 79
757 651
758 249
758 124
758 13
758 305
758 550
758 163
758 509
758 216
758 291
758 430
758 746
758 227
758 742
758 479
758 393
758 236
758 302
759 405
759 756
761 148
763 176
763 357
763 60
763 432
763 190
766 205
766 747
766 481
766 50
766 318
767 187
769 1
770 1012
770 117
770 151
771 258
771 596
771 403
772 307
772 332
773 792
773 408
774 644
774 179
775 887
776 234
776 89
776 238
776 187
776 607
777 196
777 692
778 239
779 71
779 125
779 15
782 750
782 310
782 316
783 328
784 344
784 258
786 385
786 191
786 520
787 311
787 748
788 54
788 211
789 127
789 508
789 1007
790 52
790 781
791 9
793 1142
793 282
794 19
794 116
796 88
796 194
796 278
796 280
796 143
796 403
796 168
796 491
796 86
796 662
796 932
796 794
798 403
798 49
799 1063
799 258
799 173
800 25
802 98
802 183
803 306
803 340
804 357
804 748
804 282
804 926
804 153
804 511
804 196
804 1079
804 31
804 199
804 514
804 434
804 194
805 176
805 269
805 1014
805 50
805 83
805 509
805 715
805 185
805 222
805 122
805 664
805 47
805 382
806 192
806 421
807 143
807 71
807 99
807 29
807 2
807 630
807 720
807 208
807 511
808 340
812 326
813 270
815 494
815 465
815 515
815 523
815 265
815 258
815 485
817 748
817 329
817 876
818 288
819 147
821 318
821 174
821 14
823 170
823 53
823 762
823 22
823 97
823 197
825 248
825 619
826 241
826 510
826 226
826 265
827 343
827 294
828 1062
828 652
828 921
829 275
829 198
830 310
831 197
833 89
833 235
833 134
834 316
835 196
835 504
835 285
835 650
837 294
837 125
837 258
838 100
838 289
838 568
838 45
838 70
839 117
840 99
840 170
840 182
840 650
840 180
840 169
840 655
840 252
840 98
840 707
841 678
843 135
844 70
844 251
846 562
846 97
846 141
846 143
846 50
846 132
846 70
846 89
846 665
846 52
846 357
846 194
846 498
846 608
846 185
847 98
847 496
848 181
848 650
848 134
848 132
848 530
848 318
848 176
849 568
850 172
850 584
850 300
851 248
851 527
851 11
851 238
853 302
854 505
854 1226
854 606
854 423
854 270
854 8
858 269
859 1061
859 313
860 514
860 56
861 937
861 116
862 678
862 172
862 96
862 520
862 258
862 476
862 143
863 355
863 333
863 346
863 332
864 273
864 9
864 660
864 28
864 597
864 124
864 69
864 133
864 227
865 919
867 328
867 98
867 181
867 529
867 270
867 28
869 240
870 1664
870 317
871 1388
871 342
872 717
874 302
875 213
875 707
876 174
877 692
877 463
877 56
877 173
877 748
878 9
878 269
878 514
879 1
880 144
880 295
880 71
880 328
880 238
880 471
880 87
880 39
880 260
881 199
881 393
881 106
881 13
882 290
882 82
882 210
882 692
882 135
882 225
882 588
882 95
882 420
882 151
883 56
883 137
883 479
883 355
883 792
883 740
883 216
883 347
883 1656
884 1073
885 418
885 1
886 657
886 89
886 94
886 506
886 47
887 928
887 412
887 122
887 87
887 125
887 1015
888 792
888 269
889 193
889 455
889 847
889 515
889 257
889 9
889 483
889 282
889 317
889 636
890 132
890 435
891 127
891 107
891 25
891 459
892 659
892 56
892 136
892 470
892 222
892 300
892 768
892 175
893 237
893 11
894 333
894 315
894 19
894 558
894 471
894 922
894 30
894 898
894 7
894 1251
896 258
896 1240
896 186
897 136
897 609
897 232
897 22
897 234
897 451
898 1296
899 96
899 66
899 655
899 8
899 527
899 197
899 135
899 1101
900 318
901 196
901 378
901 1620
901 63
901 234
901 204
902 144
903 302
903 188
903 642
903 333
904 451
905 150
906 283
907 697
907 275
907 506
907 1220
907 258
907 173
907 120
907 181
907 393
907 713
907 274
908 558
908 204
908 591
908 183
909 261
910 742
910 357
910 300
911 183
911 1203
911 203
912 498
913 183
913 92
913 204
913 357
913 57
913 143
913 58
913 175
914 402
916 83
916 14
917 471
918 962
918 507
918 89
919 98
919 140
919 181
919 937
919 334
919 276
919 22
920 258
921 284
921 215
921 69
922 143
923 831
923 291
923 591
923 129
924 283
927 411
927 449
927 471
927 300
927 72
927 385
927 756
928 191
930 275
930 535
931 515
932 1454
932 1021
932 1266
932 195
932 70
932 805
932 141
932 612
932 228
933 12
933 196
933 193
933 135
933 73
933 211
933 318
934 1203
934 153
934 461
934 1449
935 237
936 952
936 253
936 741
936 221
936 125
937 293
938 275
939 275
939 476
939 1277
940 147
940 173
942 498
942 303
942 215
942 234
943 98
943 12
943 55
943 367
943 69
3 318
5 455
25 257
28 184
31 192
32 1012
35 333
39 294
43 174
49 324
51 172
53 568
58 813
70 132
79 325
94 172
111 354
114 135
121 509
125 648
132 100
135 443
137 89
158 92
177 210
184 382
192 9
196 428
205 242
213 199
215 483
224 196
226 527
243 778
244 70
268 172
291 722
294 538
295 1115
304 313
315 55
322 12
328 549
332 144
340 172
353 905
355 300
367 800
375 5
378 708
380 86
385 851
394 181
399 140
401 724
406 12
412 70
419 50
426 50
439 1048
447 55
454 520
459 866
462 100
506 855
510 292
523 210
538 183
544 313
548 475
551 520
557 532
565 1622
575 194
579 194
580 121
581 285
605 286
615 644
618 273
621 1016
636 235
638 161
645 11
647 604
653 1
663 56
676 916
693 427
696 245
698 613
707 900
710 79
711 283
730 109
743 408
744 174
754 459
764 15
766 663
769 934
802 443
803 242
809 340
813 300
851 879
863 902
868 646
918 704
920 347
