1 150
1 170
1 32
1 198
1 90
1 75
2 275
2 273
2 251
4 303
5 70
5 382
5 181
5 109
5 401
6 510
6 124
6 89
6 197
6 486
6 466
7 558
7 624
7 657
7 205
7 452
7 389
7 646
7 530
7 238
7 203
7 418
7 668
7 655
7 140
7 135
7 680
7 593
7 661
7 204
8 301
8 176
8 684
8 403
8 210
10 174
10 234
10 510
10 176
10 22
10 334
10 274
10 16
11 429
11 744
11 301
11 332
11 83
11 125
13 72
13 661
13 570
13 663
13 87
13 135
13 549
13 223
13 177
13 429
13 478
13 305
13 792
13 886
14 302
14 716
14 922
14 530
15 744
15 676
15 937
16 92
16 443
16 216
16 504
16 195
16 160
16 482
16 56
17 7
18 99
18 357
18 134
18 504
18 70
18 367
18 223
18 588
18 526
18 22
19 153
19 8
21 854
21 301
21 164
22 290
23 177
23 380
23 216
24 55
25 116
25 131
25 968
25 604
26 750
28 479
30 172
32 276
33 271
34 991
34 690
34 242
35 879
37 265
38 69
38 153
39 937
41 96
41 175
41 156
41 135
43 286
43 385
43 151
43 52
43 237
43 778
43 735
44 7
44 100
44 191
44 31
46 909
46 7
48 423
51 83
52 25
52 13
52 463
53 156
56 234
56 410
56 114
56 732
58 98
58 655
58 257
58 340
58 12
58 42
58 310
58 32
59 581
59 64
59 77
59 121
59 13
59 226
59 443
59 402
59 97
59 39
59 241
59 219
59 649
60 134
60 1124
60 593
60 1020
60 445
60 417
60 88
60 650
60 736
60 525
62 235
62 196
62 1129
63 13
64 141
64 203
64 79
65 215
65 87
65 736
66 741
67 405
67 833
69 289
70 1065
70 183
71 462
71 14
72 215
72 180
72 480
73 183
73 1073
74 328
75 1017
75 685
75 460
75 405
75 410
76 531
76 851
77 483
78 289
79 137
80 58
80 303
81 1
82 69
82 518
82 513
82 1101
82 191
83 728
83 722
83 1016
83 684
83 566
84 408
84 111
85 174
85 451
85 382
85 194
85 479
85 192
87 195
87 94
87 8
87 367
87 48
87 87
87 1028
87 118
87 427
89 88
89 121
89 246
89 117
90 23
90 127
90 480
90 648
90 221
90 945
90 153
90 302
90 340
90 651
90 307
90 507
90 387
90 64
90 237
90 59
90 317
91 176
91 357
91 427
91 343
92 291
92 436
92 212
92 89
92 1018
92 154
93 477
94 208
94 188
94 246
94 192
94 448
94 258
94 23
94 346
95 99
95 649
95 50
95 127
95 77
96 170
96 23
96 190
97 191
97 430
97 175
98 514
100 879
101 257
101 24
101 288
104 591
105 270
105 302
106 526
106 69
107 902
108 7
109 157
109 69
109 755
109 222
110 684
110 651
110 421
111 286
112 332
113 327
114 89
115 696
115 183
115 1008
115 558
116 11
116 193
116 195
116 484
116 181
117 772
117 307
117 156
118 193
118 53
118 558
119 315
119 628
119 124
119 172
120 286
121 25
122 193
123 98
123 657
123 23
124 7
125 513
125 751
125 134
125 222
126 300
127 229
128 133
128 86
128 276
128 949
128 425
130 307
130 270
130 291
130 216
130 288
130 161
130 423
130 82
130 596
131 124
131 313
132 664
134 748
135 327
136 283
136 298
137 79
137 266
137 144
137 50
138 182
138 187
141 250
141 597
143 315
144 1101
144 855
144 845
144 480
144 96
144 713
144 174
144 180
145 342
145 284
145 631
145 54
145 1288
145 109
147 286
148 133
150 13
150 291
151 972
151 736
151 265
151 209
151 411
151 507
151 14
151 1101
151 836
151 202
151 606
151 953
151 451
151 939
151 7
151 654
151 705
151 1
151 835
152 775
152 71
152 783
152 272
154 357
156 178
156 86
157 147
157 289
157 1
158 580
158 7
158 4
159 546
159 595
160 129
160 463
160 240
160 218
160 160
160 13
160 276
160 474
161 202
163 318
164 181
165 222
165 318
167 698
167 465
168 819
170 984
172 463
173 329
174 293
174 417
174 315
174 221
174 476
175 172
176 270
177 209
177 693
177 50
177 403
177 307
178 11
178 223
178 121
178 226
178 195
179 333
180 68
182 471
183 212
183 230
183 274
184 855
184 428
184 521
184 137
184 340
184 51
185 28
185 279
186 689
187 428
188 96
188 673
188 443
188 64
189 952
189 83
189 134
189 274
189 705
189 50
189 180
192 25
193 280
193 553
193 153
194 661
194 69
194 647
194 518
194 136
195 651
195 242
196 111
196 381
197 177
197 50
197 510
198 186
199 276
200 451
200 125
200 586
200 378
200 419
200 29
200 69
200 218
200 679
200 179
200 385
201 1135
201 991
201 271
201 276
201 23
204 12
204 1194
205 289
207 524
207 269
207 208
207 316
207 161
208 88
209 293
210 290
210 154
210 274
212 427
213 258
213 31
214 55
214 896
214 20
214 56
215 196
215 421
216 4
216 50
216 65
216 210
217 82
218 514
219 631
220 268
221 156
221 737
221 684
221 467
222 155
222 475
222 692
222 527
223 276
223 1
223 339
224 731
225 705
225 1203
227 13
230 8
230 627
230 162
230 485
230 496
230 418
231 748
232 276
232 191
233 143
233 418
233 23
233 121
233 193
234 641
234 1456
234 187
234 1463
234 663
234 378
234 178
234 28
234 127
234 496
234 462
234 313
235 435
235 923
235 692
235 524
235 170
236 298
236 203
236 549
236 750
236 443
237 199
238 458
238 286
239 527
239 497
239 650
239 474
239 171
239 172
239 269
239 137
239 428
243 582
244 815
244 724
244 191
244 22
244 241
244 92
244 237
244 318
244 208
246 227
246 260
246 173
248 589
248 181
248 475
248 55
249 24
249 223
249 222
249 317
249 147
250 943
250 378
250 313
250 480
251 685
251 202
251 25
253 659
253 689
253 97
253 485
254 69
255 324
255 833
255 98
256 12
256 819
256 7
256 568
256 100
257 381
259 97
259 180
262 367
262 709
262 64
263 202
263 174
263 690
264 401
264 525
264 23
264 56
264 558
264 475
264 183
264 25
265 975
265 257
266 275
267 177
267 216
267 1035
267 739
267 108
267 127
267 7
267 98
268 27
268 11
269 168
269 640
269 213
269 1428
269 499
269 793
270 242
270 123
270 694
270 603
270 53
270 275
271 657
271 180
271 11
271 792
271 204
271 77
271 48
273 315
274 83
276 301
276 1301
276 179
276 307
276 8
276 169
276 742
276 455
276 209
276 578
276 1
276 7
276 207
276 101
276 523
279 780
279 1413
279 109
279 40
279 186
279 363
279 1052
279 364
279 128
279 1047
280 1313
280 416
280 1028
280 423
280 544
280 1459
282 288
283 294
284 301
284 328
286 95
286 1039
286 821
286 419
286 171
286 483
286 339
286 248
287 461
287 4
287 235
288 511
288 286
288 528
289 117
289 24
290 1047
290 419
290 193
290 136
291 282
291 262
291 184
291 31
291 448
291 496
291 101
291 195
291 154
291 204
291 174
292 156
292 58
292 486
292 115
293 528
293 480
293 92
293 513
293 64
293 416
293 48
294 79
294 328
294 508
294 483
294 324
294 343
295 421
295 69
295 513
295 527
295 132
296 153
296 282
296 258
296 124
297 143
297 515
297 11
297 56
297 185
297 659
297 153
298 530
298 418
298 286
299 179
299 49
299 198
299 144
299 91
301 318
301 281
301 576
301 133
301 607
301 204
301 94
301 76
301 195
301 196
301 29
303 721
303 420
303 198
303 47
303 218
303 568
303 258
303 90
303 461
303 88
303 255
303 790
303 381
303 410
304 271
305 713
305 317
305 311
306 744
306 286
307 1
307 145
307 511
308 435
308 151
308 1
308 653
308 583
308 143
308 204
309 331
311 197
311 203
311 662
311 366
311 227
311 180
311 469
311 15
311 282
312 166
312 855
312 143
312 529
312 837
312 631
312 174
312 136
312 23
312 660
312 968
312 131
313 177
313 100
313 497
313 1050
313 526
313 663
313 97
313 480
314 69
314 742
314 1053
314 672
314 1012
314 294
314 9
316 521
316 427
316 83
317 264
318 100
318 204
320 470
320 17
320 625
320 183
321 493
321 633
321 357
321 514
322 302
322 50
322 318
323 210
323 56
323 762
324 508
324 754
325 172
325 484
325 185
326 153
326 515
327 111
327 1170
327 367
327 527
327 475
327 172
328 289
328 185
328 692
328 316
328 684
328 223
329 651
330 1044
330 47
330 70
331 223
331 234
331 59
332 1
332 1244
332 252
332 229
332 405
332 410
332 673
334 387
334 285
334 707
334 89
334 1524
335 245
336 90
338 408
338 213
339 496
339 179
339 693
340 173
340 435
341 881
342 182
342 606
342 100
342 8
343 11
343 222
343 237
343 614
343 747
343 168
343 187
343 403
343 132
343 10
344 487
344 191
344 663
344 98
344 4
344 372
344 119
344 14
345 1007
345 216
345 287
345 87
345 479
345 301
346 134
346 549
346 50
346 237
347 258
347 977
347 423
347 204
347 28
347 55
347 132
347 223
347 763
348 628
348 409
348 117
348 323
351 300
351 359
352 156
353 313
354 494
354 208
354 248
354 52
354 47
354 676
354 221
354 606
354 661
354 57
354 10
354 480
355 360
357 222
358 213
358 114
360 50
360 1149
360 210
360 1142
360 242
360 79
361 60
361 194
361 156
361 652
362 333
363 549
363 578
363 154
363 66
363 116
363 408
363 518
363 679
363 710
365 995
365 315
366 217
366 413
366 436
367 559
367 326
367 268
367 334
367 100
370 427
370 199
371 22
371 24
372 443
372 547
373 699
373 186
373 151
373 154
373 553
373 496
373 451
373 238
373 378
373 83
373 50
373 173
373 684
374 1094
374 185
374 87
374 824
376 100
376 154
378 436
378 468
378 62
378 1531
378 255
378 148
378 485
378 216
378 143
379 12
379 285
379 89
379 403
379 203
379 843
380 465
380 732
380 194
381 656
381 443
383 483
383 315
385 30
387 181
387 96
387 773
387 199
387 942
387 100
387 168
387 381
387 530
387 324
388 742
389 1298
389 613
389 283
389 199
389 234
389 58
389 835
389 480
389 204
389 605
389 525
390 302
390 740
390 181
390 126
391 98
391 47
391 1101
391 652
391 50
391 100
392 492
392 316
392 491
392 23
392 303
392 297
393 729
393 1219
393 1180
393 410
393 210
393 494
393 1001
393 939
393 250
393 769
393 941
393 710
393 12
393 977
393 690
393 394
393 376
393 31
393 922
394 79
394 69
394 431
394 68
394 109
394 195
394 546
395 210
397 95
397 109
397 288
397 12
397 318
397 186
397 475
397 197
398 514
398 837
398 588
398 523
399 148
400 304
400 300
401 194
401 143
402 127
402 135
403 276
403 258
405 8
405 47
405 732
405 527
406 462
406 190
406 195
407 2
407 657
407 408
407 143
407 222
407 496
408 288
409 604
409 514
409 65
409 1524
409 133
409 14
409 484
409 357
409 496
409 529
411 4
412 436
413 289
413 271
413 275
415 269
415 180
416 564
416 69
416 686
416 288
416 209
416 174
416 1136
416 462
416 155
416 842
416 12
416 433
416 1074
416 710
417 173
417 201
417 431
417 190
417 98
417 402
417 12
417 65
417 484
417 559
418 899
420 116
421 427
421 879
421 709
422 286
422 1187
422 100
423 898
424 243
425 17
425 89
425 92
425 358
425 429
425 12
426 606
426 332
427 328
427 331
427 937
428 259
429 12
429 166
429 136
429 483
429 293
429 428
429 98
429 432
430 151
430 221
430 674
432 1047
432 248
432 237
433 286
435 217
435 159
435 194
435 249
435 235
435 69
435 49
435 258
436 655
436 595
436 72
436 392
437 191
437 436
437 462
437 204
437 58
437 663
437 1121
437 521
438 281
438 9
438 1
438 866
440 324
441 282
445 28
445 174
447 276
447 484
447 760
447 282
449 286
449 1195
449 462
450 178
450 603
450 144
450 180
450 1518
450 747
450 238
450 662
450 110
450 495
450 33
450 451
450 1212
450 469
450 199
451 336
452 172
452 207
452 181
452 275
453 144
453 204
453 959
454 1107
454 69
454 161
454 367
455 568
455 9
455 942
455 79
456 763
456 208
456 197
456 185
456 1019
456 56
457 792
457 203
457 485
457 679
457 428
457 568
457 64
457 25
457 584
457 632
457 473
457 1221
458 709
458 76
458 1067
459 275
459 932
460 248
462 288
463 237
464 515
464 116
465 127
466 315
467 268
468 218
468 143
468 132
468 170
469 134
469 65
470 100
470 305
470 1067
472 1058
472 756
472 62
472 665
472 386
472 678
472 231
472 426
472 125
472 161
472 7
472 252
472 96
474 7
474 642
474 1124
474 318
474 529
474 313
474 248
474 628
474 517
474 58
474 434
474 31
474 507
474 521
476 216
476 186
476 268
477 781
478 188
478 1048
478 518
479 257
479 183
479 510
479 190
480 12
480 50
481 216
484 95
484 210
484 69
484 300
484 141
484 250
486 251
486 460
487 161
487 405
487 194
487 144
489 752
489 340
489 349
489 750
490 109
491 124
493 168
493 323
493 404
493 176
494 100
494 15
495 54
495 379
495 132
495 127
495 742
495 642
496 56
496 217
497 128
497 153
497 431
497 550
497 173
497 395
497 175
498 98
498 558
498 186
498 1103
498 269
499 257
499 87
499 484
499 902
500 59
500 1326
500 475
500 217
500 289
500 134
500 60
500 1315
501 369
501 222
502 338
503 69
503 190
503 684
503 430
503 211
504 579
504 655
504 441
504 223
504 196
504 117
504 372
504 705
505 307
506 58
506 228
506 187
506 88
506 53
506 295
506 229
506 234
507 328
507 894
507 334
508 378
508 238
508 423
510 678
513 127
513 265
514 651
514 98
514 204
514 12
514 257
514 178
517 740
517 369
518 25
518 713
518 118
518 125
519 335
519 348
520 100
520 283
521 56
523 197
523 301
523 1022
524 549
524 436
524 709
524 92
524 708
524 31
524 1048
524 1101
524 530
524 65
526 248
526 181
527 174
527 23
527 317
528 298
529 331
529 682
530 692
530 204
532 796
532 739
532 187
532 332
532 216
532 87
532 79
532 177
532 329
532 153
532 426
532 252
533 94
533 496
533 423
533 208
534 282
534 291
534 294
534 331
534 930
534 926
535 1124
535 499
535 921
535 44
535 318
535 190
535 433
536 402
536 1063
536 746
537 179
537 676
537 496
537 209
537 182
537 694
537 530
537 208
537 275
538 153
539 124
540 100
540 1048
540 475
540 222
540 109
541 143
541 588
541 102
541 210
542 69
542 509
543 191
543 198
543 28
543 576
543 195
543 469
545 73
545 520
545 328
545 210
545 175
545 195
545 566
546 109
548 683
548 525
548 7
551 67
551 11
551 209
551 125
551 763
551 265
551 415
551 727
551 796
551 132
551 260
551 95
552 248
553 631
553 641
553 181
553 174
553 482
554 265
554 70
554 1046
554 597
555 244
556 286
556 288
557 127
557 334
558 936
558 19
559 174
559 322
559 527
559 515
560 319
560 211
561 89
561 479
561 652
561 157
561 710
561 302
561 1103
561 483
561 135
561 1131
561 7
561 960
562 173
562 727
562 720
563 210
565 1396
566 168
566 8
566 70
566 127
566 136
566 707
566 461
567 606
567 299
567 657
567 481
567 615
567 1204
567 474
568 474
569 126
569 274
573 179
573 211
574 319
576 514
577 866
577 140
577 225
577 132
577 298
577 121
579 286
581 253
582 50
583 200
583 195
584 227
584 249
584 181
585 283
586 403
586 161
586 288
587 288
588 265
588 91
588 215
588 316
588 40
589 688
590 14
591 56
591 86
591 285
591 283
592 354
592 1134
592 1199
592 963
592 408
592 307
592 813
592 763
592 547
592 833
592 60
592 24
592 512
592 501
592 347
593 118
593 211
593 153
593 200
593 144
593 5
593 762
595 290
595 14
598 323
598 750
600 570
601 382
601 156
601 174
601 431
601 185
601 276
602 148
602 358
603 210
605 295
605 371
605 269
606 175
606 405
606 31
606 168
606 216
606 38
606 273
607 482
607 30
608 11
608 1172
608 490
608 606
608 197
608 42
608 609
610 402
611 305
612 480
613 127
614 235
614 9
615 526
616 272
617 179
617 646
618 172
618 183
618 651
618 23
618 100
618 117
618 597
618 596
619 27
619 144
619 241
620 432
620 379
620 94
620 118
620 268
620 416
620 112
621 455
621 79
621 561
621 301
621 405
622 763
622 367
622 157
622 100
623 275
624 475
624 405
625 479
625 134
627 628
627 434
627 237
627 62
627 328
627 526
627 23
627 64
627 12
628 361
628 258
629 182
629 1109
629 86
629 655
630 294
630 295
630 273
630 12
630 476
630 929
630 742
632 215
632 356
633 28
634 515
635 331
636 25
638 265
638 550
638 50
639 1194
639 48
639 135
639 673
640 214
640 382
640 85
640 239
640 161
640 496
640 4
641 242
641 134
642 447
642 1285
642 56
642 40
642 1136
642 862
642 54
642 385
642 541
642 559
643 508
643 42
643 187
643 94
644 259
644 308
645 209
645 514
645 59
645 746
645 211
645 675
645 182
646 1176
647 496
647 88
647 173
647 29
648 265
648 177
648 5
648 252
648 810
648 167
650 96
650 196
650 357
650 430
651 276
653 448
653 286
653 22
653 245
653 272
654 168
654 638
654 215
654 95
654 926
655 167
655 1636
655 1623
658 515
658 488
658 100
659 317
659 269
659 176
659 43
659 528
659 357
660 153
661 144
661 50
661 527
661 318
663 895
664 408
664 154
664 223
664 483
665 1040
665 172
665 15
665 98
665 421
665 143
666 213
666 506
666 135
666 187
666 255
666 435
666 357
666 582
666 318
667 9
669 248
669 521
669 480
669 192
669 1
670 195
670 521
670 519
670 174
672 1061
673 303
674 125
674 121
674 827
676 1483
676 482
677 222
677 148
677 300
679 357
679 28
682 379
682 151
682 150
684 168
686 56
686 22
686 317
688 879
689 763
689 258
689 257
690 712
690 8
691 772
692 204
693 25
693 735
694 451
694 141
694 239
694 470
694 180
694 517
694 659
697 124
697 455
697 546
698 194
698 50
699 989
699 116
699 258
701 750
702 258
703 1012
704 197
704 735
704 187
705 298
705 755
707 792
707 467
707 45
707 57
707 1211
707 902
707 1101
707 732
707 488
707 65
708 457
708 764
708 280
708 845
709 833
709 117
709 200
709 515
710 99
710 223
710 340
711 218
711 402
711 114
711 172
711 202
711 715
711 845
711 49
712 432
712 142
714 50
714 282
715 95
715 248
716 238
716 836
716 300
716 630
716 265
716 136
716 237
716 141
716 153
716 549
717 340
717 258
717 1282
717 125
719 378
719 285
720 272
721 15
721 172
721 194
721 382
721 222
722 124
722 100
722 151
722 237
727 118
727 434
727 259
727 125
727 228
727 169
728 285
730 125
731 485
733 19
733 286
734 465
734 751
735 242
736 1388
737 160
738 969
738 152
739 79
739 187
739 132
740 269
740 294
741 288
741 70
743 222
746 186
746 226
747 288
747 127
747 265
747 504
747 1041
747 508
747 97
747 235
748 515
748 300
748 97
748 199
748 4
748 527
749 420
749 434
749 969
749 178
749 82
749 443
749 1016
749 465
749 25
751 385
751 142
751 274
751 316
751 28
751 42
751 538
753 483
753 510
753 199
754 282
755 302
757 210
757 11
757 939
757 549
757 96
757 144
757 64
758 88
758 200
758 150
758 568
758 117
758 253
758 177
758 303
758 287
758 209
758 887
758 152
758 603
758 183
758 780
759 1
759 50
761 222
761 278
763 55
763 5
763 56
763 69
763 85
763 475
763 1268
763 88
764 597
766 428
766 272
767 481
768 301
770 936
770 253
772 294
772 328
773 547
773 455
773 357
773 47
776 431
776 218
777 204
777 168
777 9
780 204
780 526
782 887
784 313
785 318
786 100
786 173
786 318
786 4
788 69
788 51
788 237
788 528
788 601
788 176
788 510
790 50
790 739
791 181
791 289
792 100
792 1197
794 285
794 221
794 181
794 475
795 7
795 181
795 123
795 62
796 315
796 449
796 776
796 132
796 849
796 949
796 1119
798 28
798 95
798 418
798 705
800 405
801 752
804 742
804 227
804 63
804 1
804 474
804 526
805 447
805 154
805 719
805 45
805 403
806 96
806 222
806 143
806 461
807 451
807 484
807 222
807 168
807 1063
807 403
807 449
807 405
808 333
809 313
809 307
810 881
810 323
811 895
812 288
812 881
815 191
815 202
815 183
815 631
815 153
816 349
816 313
816 288
817 294
819 304
819 319
821 234
821 476
822 95
823 135
823 423
823 1267
823 134
823 90
823 89
823 48
823 631
823 503
825 12
825 925
825 823
825 455
826 309
826 127
826 182
828 971
828 24
829 286
829 86
829 153
830 211
830 568
830 523
831 100
833 671
833 616
833 381
833 943
833 177
833 56
833 1017
833 745
835 239
835 612
835 143
836 611
836 880
837 289
838 174
838 494
838 50
838 311
838 275
840 135
840 7
840 603
840 566
840 644
840 56
840 1266
840 663
843 234
845 313
845 909
845 690
846 499
846 180
846 505
846 288
846 186
846 601
846 602
846 486
846 76
846 227
846 441
846 96
846 510
847 740
847 195
847 173
847 1007
848 462
848 654
848 25
848 971
848 166
848 474
850 97
850 480
851 310
851 12
851 824
851 346
851 291
852 127
852 117
854 32
855 198
855 855
859 476
859 111
860 692
860 100
860 302
861 584
861 381
861 301
862 406
862 216
862 203
862 151
862 210
862 175
862 99
863 751
863 268
864 190
864 275
864 343
864 53
864 98
864 651
864 15
864 404
864 1109
864 451
864 25
864 219
864 58
864 144
864 117
867 483
868 187
868 1098
868 550
868 89
868 150
868 114
870 462
870 770
870 178
870 193
870 313
871 210
872 756
872 313
874 127
874 276
875 56
877 451
877 176
877 86
878 512
879 117
880 381
880 186
880 591
880 150
880 284
880 1139
880 902
881 227
881 195
881 121
881 414
881 71
881 188
881 31
881 739
881 230
882 357
882 168
882 275
883 59
883 902
883 273
883 24
883 504
883 154
883 275
883 461
884 268
885 195
885 79
886 23
886 824
886 1073
886 1119
886 187
886 790
886 288
887 409
887 559
887 1283
887 710
887 22
887 609
888 869
889 947
889 1142
889 512
889 42
889 475
890 190
890 515
890 444
890 69
890 173
890 404
890 423
890 97
890 174
891 313
891 591
891 237
892 96
892 117
892 187
892 523
892 497
892 496
893 597
893 50
893 531
893 298
894 124
894 165
894 318
894 509
894 237
895 181
896 181
896 222
896 187
896 489
896 880
896 24
896 651
896 275
897 633
897 523
897 429
897 679
899 209
899 746
899 48
899 168
899 95
899 428
901 216
901 732
901 71
901 623
901 523
901 756
902 1
903 234
903 288
903 198
903 664
904 785
906 740
907 202
907 815
907 553
907 356
908 694
908 133
908 288
908 709
909 339
909 509
911 479
911 272
911 228
911 197
912 443
912 154
913 474
913 203
913 176
913 318
915 750
916 196
916 175
916 511
916 56
916 582
916 462
918 381
918 1171
918 707
918 709
919 237
919 275
919 1086
919 126
919 297
920 333
921 50
922 227
922 257
922 181
922 432
922 237
924 318
924 471
924 1
925 332
926 340
927 552
927 768
927 118
928 9
929 134
930 14
931 297
931 685
932 657
932 1456
932 639
932 486
932 54
932 7
932 1065
932 497
932 479
933 151
933 175
934 175
934 529
934 96
934 229
935 685
936 13
936 20
936 121
937 303
937 1007
938 106
938 291
939 742
939 127
939 1023
939 255
940 269
940 709
940 521
942 261
942 604
942 879
942 97
943 576
943 385
943 672
1 172
1 161
1 108
1 195
1 181
1 68
1 42
1 134
1 165
1 79
3 347
4 294
4 329
4 288
5 194
5 428
6 534
6 512
6 480
6 209
6 502
6 133
6 194
7 156
7 621
7 72
7 356
7 127
7 573
7 22
7 503
7 528
8 568
8 233
9 340
10 504
10 164
10 185
10 99
11 317
11 434
11 707
11 286
12 132
13 606
13 292
13 651
13 345
13 716
13 172
13 473
13 498
13 428
13 494
13 736
14 12
14 240
14 498
15 9
15 255
16 410
16 28
16 109
16 76
16 1
16 496
17 919
18 8
18 497
18 61
18 631
18 805
18 610
18 482
18 530
18 210
18 514
18 604
21 993
22 79
22 201
22 515
22 430
23 173
23 512
23 203
24 92
24 79
24 237
25 173
25 195
25 455
27 1017
28 50
31 262
33 348
33 678
35 300
37 833
37 597
37 385
38 326
38 328
38 247
38 70
38 28
40 321
41 188
41 474
42 2
42 196
42 183
42 684
43 50
43 196
44 240
44 209
44 133
44 432
44 144
45 762
45 276
45 282
47 307
48 302
50 324
51 173
51 132
52 285
53 118
53 258
54 181
54 327
54 7
56 25
56 194
56 28
56 153
56 399
56 161
56 746
56 222
58 474
58 248
58 223
58 182
58 222
58 408
58 191
59 963
59 25
59 42
59 149
59 10
59 69
59 276
59 919
59 672
59 510
60 197
60 511
60 7
60 434
60 173
60 602
60 215
60 132
60 524
60 523
60 208
60 430
60 12
60 50
62 83
62 250
62 421
62 190
62 527
63 408
63 276
63 813
63 277
64 228
64 175
64 69
64 959
64 28
64 1133
64 222
65 660
65 806
65 185
65 210
66 288
67 64
67 7
67 240
68 237
68 1028
70 419
71 197
71 98
71 276
72 423
72 504
72 15
72 1147
72 174
73 357
73 269
73 514
73 475
74 331
74 272
75 696
76 61
76 216
76 70
76 150
76 23
79 813
79 763
79 1008
81 726
82 97
82 1126
83 121
83 465
83 31
83 739
83 204
83 768
84 15
85 8
85 393
85 506
85 56
85 1131
85 1153
85 83
85 659
86 258
87 944
87 780
87 179
87 515
87 510
88 354
89 724
90 311
90 22
90 813
90 995
90 42
90 154
90 56
90 97
90 521
90 529
90 604
90 613
91 143
92 679
92 65
92 1012
92 385
92 1194
92 117
92 715
92 433
94 1119
94 381
94 509
94 86
94 923
94 508
94 1010
94 32
94 587
94 257
94 317
95 705
95 404
95 102
95 509
95 1221
95 747
95 436
95 532
95 511
95 507
95 496
95 62
95 191
95 31
97 69
97 97
99 168
99 328
99 204
99 294
99 433
99 237
99 203
100 258
102 175
102 258
103 487
104 126
104 285
106 77
106 286
109 88
109 294
109 71
109 742
109 111
109 144
109 550
109 67
110 88
110 313
113 273
113 127
113 255
114 197
114 1104
114 482
115 56
115 980
115 177
115 228
115 174
115 187
115 282
116 127
117 144
117 12
117 1012
118 324
119 697
119 655
119 182
119 1166
119 392
119 741
119 245
119 24
119 154
119 316
120 742
121 83
121 313
121 631
122 70
122 28
123 182
123 192
123 847
125 401
125 283
125 136
125 80
125 732
126 353
126 243
127 288
128 275
128 490
130 672
130 236
130 682
130 366
130 228
130 234
130 5
130 420
130 739
130 98
130 1208
130 374
130 246
130 261
130 328
130 928
130 355
131 1281
131 14
131 100
131 744
131 276
132 521
135 321
135 325
135 185
137 243
137 181
137 687
138 509
139 307
140 321
141 744
141 258
142 181
144 117
144 304
144 190
145 134
145 12
145 219
145 635
145 7
145 825
145 354
145 752
145 674
148 116
148 174
148 151
150 410
151 143
151 317
151 549
151 482
151 133
151 491
151 485
151 64
151 222
151 663
151 423
152 451
152 1041
152 191
152 97
154 515
154 182
154 527
156 646
157 137
158 195
158 187
158 810
158 325
160 192
160 1073
160 248
160 955
160 50
160 211
162 117
162 597
163 56
164 252
164 458
164 313
164 826
165 216
167 493
167 99
168 596
168 225
168 282
169 127
170 304
170 333
171 887
172 220
173 268
174 9
174 845
174 1086
174 143
174 124
174 708
174 66
174 155
175 136
176 475
176 345
176 13
177 22
177 806
177 200
177 181
178 302
178 792
178 58
178 131
178 2
178 288
178 178
181 25
182 479
184 238
184 708
184 515
184 950
185 216
185 258
185 114
185 178
185 515
186 322
186 38
186 98
186 281
186 177
186 887
187 275
187 216
188 97
189 199
189 512
189 179
189 124
189 1065
189 133
189 166
189 751
190 313
192 287
193 177
193 159
193 755
193 443
194 173
194 12
194 187
194 294
194 9
194 588
194 4
195 234
195 887
196 845
196 1007
197 176
198 654
198 181
198 727
198 629
198 23
200 739
200 280
200 380
200 578
200 123
200 227
200 205
200 924
200 840
200 423
200 50
201 480
201 172
201 157
201 268
201 318
201 670
201 405
207 216
207 170
207 526
208 208
208 202
208 186
209 16
210 15
210 315
210 380
211 127
213 64
213 274
213 432
214 79
214 475
214 185
214 42
214 313
214 512
214 171
214 188
215 216
215 195
215 208
216 286
216 221
216 628
220 303
221 578
221 335
222 11
222 282
222 619
222 214
222 100
222 239
223 173
223 318
223 1088
223 820
224 28
225 482
230 22
230 154
230 1
230 304
230 499
230 69
230 276
231 924
232 178
232 425
232 531
232 357
232 202
233 64
233 506
233 423
233 293
233 435
233 1194
233 845
233 633
233 357
233 196
233 14
234 1203
234 495
234 505
234 134
234 414
234 479
234 191
234 660
234 497
234 506
234 1221
234 847
234 124
234 1458
234 501
235 1451
236 1328
236 934
237 525
237 502
237 134
239 745
239 1203
239 647
239 508
239 434
239 96
239 663
239 505
241 288
242 934
242 294
243 458
243 694
243 162
244 743
244 324
244 697
244 204
244 249
244 381
244 886
244 629
245 222
246 184
246 1073
247 121
247 64
247 1
248 50
248 156
249 137
249 100
250 2
250 418
251 79
251 60
252 1
253 318
253 343
253 220
254 22
254 8
254 662
255 597
256 988
256 97
256 89
256 452
256 591
256 864
256 1109
256 476
257 224
257 307
257 313
257 61
257 275
258 748
259 1135
260 1105
261 340
261 410
261 259
262 258
263 272
263 97
263 98
263 316
263 378
263 136
264 603
264 19
264 320
264 789
264 367
264 168
264 4
265 410
265 328
265 237
266 286
267 92
267 176
267 293
267 484
267 144
267 228
267 174
267 518
267 550
268 404
268 144
268 195
268 56
268 154
268 96
269 135
269 608
269 151
269 639
269 432
269 192
269 428
270 164
270 176
270 872
270 713
270 684
271 847
271 4
271 187
271 566
271 466
271 371
271 697
271 202
271 257
271 461
271 707
271 12
272 178
272 12
273 303
274 125
274 275
274 1063
274 1
275 50
276 547
276 226
276 227
276 176
276 328
276 853
276 303
276 235
276 150
276 276
276 53
276 241
277 844
277 285
278 173
279 455
279 1321
279 319
279 1491
279 725
279 211
279 778
279 474
279 4
279 728
279 24
280 70
280 790
280 742
280 111
280 1297
280 40
280 483
283 433
284 302
284 900
285 276
286 778
286 1051
286 1105
286 280
286 884
286 195
286 298
286 208
287 845
287 200
288 520
288 345
288 340
288 64
290 472
290 172
290 99
290 95
290 71
291 685
291 46
291 173
291 1244
291 924
291 69
291 1098
291 12
291 123
292 209
292 492
292 248
293 180
293 496
293 216
293 404
293 603
293 163
293 469
293 589
294 100
294 117
294 7
294 340
294 271
295 241
295 961
295 747
295 378
295 25
295 403
296 20
296 475
296 435
296 228
296 191
296 1284
296 482
297 307
297 275
297 89
297 176
297 301
297 116
298 507
298 842
298 204
298 427
299 238
299 1039
299 747
299 28
299 753
299 433
299 514
301 172
301 66
301 1112
301 527
301 240
303 262
303 232
303 408
303 831
303 288
303 517
303 419
303 276
303 80
303 294
303 204
303 33
303 50
303 160
303 237
303 185
303 404
305 923
305 480
305 530
305 134
306 319
306 1514
307 70
307 168
307 462
307 56
308 805
308 402
308 770
308 276
308 64
308 179
310 1142
311 161
311 275
311 31
311 699
311 521
311 188
311 213
312 1167
312 511
312 269
312 208
312 480
312 603
312 194
312 276
312 207
312 1050
313 114
313 474
313 147
313 225
313 615
313 197
314 202
314 99
314 1150
314 71
314 812
314 88
315 645
315 433
317 354
317 300
318 162
318 732
318 531
318 605
319 333
320 68
320 431
320 827
320 385
320 421
320 184
321 497
321 186
321 190
321 56
322 258
322 521
322 64
323 179
323 11
324 328
326 526
326 228
326 136
327 4
327 603
327 686
327 237
327 381
327 433
327 1075
327 305
327 340
327 645
327 196
327 150
327 494
328 371
329 333
329 423
329 269
330 174
330 739
330 1084
330 403
331 7
331 1101
331 22
332 12
332 173
332 568
332 106
332 233
332 1218
332 679
332 255
334 200
334 510
334 558
334 10
334 403
334 127
334 505
335 305
336 49
337 636
337 449
338 286
338 525
338 663
338 990
338 427
338 275
339 135
339 23
339 269
339 191
339 504
339 174
339 170
339 644
340 423
340 402
340 204
341 887
341 876
341 895
342 175
342 655
342 815
342 212
342 153
343 3
343 236
343 792
343 223
343 1008
343 4
344 169
344 87
344 709
344 357
344 50
344 176
344 175
344 124
345 246
345 470
345 272
345 387
345 315
345 238
345 498
346 168
346 55
346 684
347 202
347 1012
347 215
347 192
349 9
350 483
350 195
350 127
351 328
351 1105
352 234
352 176
353 333
353 245
354 100
354 709
354 8
354 714
354 136
354 83
354 423
354 285
354 1511
354 1241
354 381
355 319
356 288
357 284
357 283
359 930
359 1
360 1039
360 56
360 471
361 207
361 283
361 673
361 498
361 466
361 56
361 524
361 165
363 161
363 17
363 1010
363 173
363 336
363 657
363 174
364 325
364 302
365 1
367 184
367 5
367 98
368 183
369 752
370 604
371 204
371 237
372 286
372 875
372 327
373 166
373 735
373 178
373 633
373 627
373 216
373 645
373 70
374 161
374 292
374 1197
374 550
374 228
374 1194
374 210
374 159
375 302
376 514
376 111
376 707
377 194
378 183
378 47
378 121
378 660
378 204
378 527
378 77
379 644
379 9
379 28
379 427
379 1
379 257
379 197
380 1116
380 753
381 1117
381 1060
381 99
381 1
382 151
383 639
383 736
384 316
384 271
384 347
385 1071
385 455
385 429
385 961
385 114
385 488
385 533
386 825
387 508
387 129
387 193
387 1
388 258
388 310
389 209
389 517
389 208
389 176
389 50
389 497
389 705
389 65
389 631
389 493
390 990
391 213
391 127
391 544
391 56
392 270
392 178
392 1007
393 291
393 780
393 845
393 569
393 497
393 62
394 118
394 217
394 39
394 238
394 117
394 627
394 313
395 318
395 98
395 215
396 271
397 435
397 313
397 423
397 611
398 194
398 95
398 1
398 97
398 152
398 28
398 50
398 181
398 70
399 1217
399 328
399 318
400 286
401 133
401 275
401 610
401 604
402 95
403 111
404 313
405 98
405 191
405 448
405 347
405 404
405 204
406 56
406 631
406 23
406 156
406 193
406 11
406 588
406 48
406 164
406 132
407 180
407 313
407 228
407 427
407 186
407 191
407 288
409 489
409 100
409 186
409 855
410 315
410 905
410 313
410 690
411 770
412 208
412 357
412 651
412 117
412 135
412 193
412 427
413 936
413 50
414 310
416 915
416 168
416 812
416 357
416 980
416 54
416 735
416 71
416 781
416 295
416 230
416 447
416 747
416 144
416 2
417 179
417 132
417 483
417 246
417 248
417 748
417 56
419 1451
419 275
419 134
421 96
422 234
423 293
424 292
425 79
425 334
425 180
425 204
425 168
426 197
426 136
426 178
426 191
426 605
427 989
428 894
428 750
428 289
428 315
429 157
429 480
429 188
429 493
430 56
432 50
433 174
433 246
433 59
434 225
435 636
435 64
435 188
435 176
435 566
435 1401
435 294
435 307
435 652
435 496
436 161
436 187
436 941
436 102
436 435
437 77
437 208
437 100
437 211
437 781
438 118
439 300
442 89
443 309
447 1009
447 248
448 270
448 340
449 15
450 417
450 169
450 258
450 287
450 28
450 207
450 610
450 195
450 519
450 139
450 1444
450 386
450 583
450 1044
450 23
450 489
450 608
450 481
450 462
450 97
450 405
450 174
450 204
451 682
451 937
452 1204
452 482
452 199
452 243
452 597
452 191
452 404
452 15
452 481
453 421
453 272
454 427
454 250
454 174
455 77
455 173
455 591
455 193
455 277
456 943
456 603
456 125
457 410
457 172
457 248
457 9
457 980
457 169
457 210
457 239
457 385
457 258
457 747
458 1261
458 969
458 939
458 1109
458 12
458 467
458 474
458 203
458 79
458 287
458 896
458 56
459 1190
459 815
459 127
460 242
461 258
462 289
463 100
463 285
463 15
463 116
464 1226
464 299
465 134
465 603
465 56
466 331
466 226
466 350
468 56
468 508
468 427
470 9
471 225
471 1219
471 393
471 95
472 1074
472 175
472 183
472 385
472 120
472 208
472 228
472 68
472 2
472 400
472 82
472 222
472 232
472 255
472 69
473 1143
474 514
474 530
474 316
474 504
474 520
474 187
474 48
474 194
474 79
474 252
474 584
474 131
474 134
474 28
475 347
475 306
475 70
476 343
478 11
478 276
478 381
479 405
479 50
479 528
479 151
479 185
479 1142
480 510
480 654
480 209
480 79
480 517
480 485
481 211
484 313
484 684
484 1
484 392
485 313
486 248
486 50
486 405
487 1
487 732
487 150
487 28
487 58
487 237
487 470
488 133
488 186
488 526
488 468
488 265
488 328
488 511
489 984
489 272
490 124
490 302
492 1098
492 492
493 61
493 171
494 427
494 183
494 222
495 173
495 504
495 11
495 217
495 684
496 559
496 528
496 721
496 190
496 87
497 724
497 393
497 183
499 136
499 183
499 98
499 307
499 173
499 525
499 1302
499 463
499 272
500 1
500 7
500 183
500 529
500 276
501 405
501 307
501 100
501 1014
501 122
501 1011
503 124
503 173
503 558
503 714
504 323
504 622
504 717
504 399
504 385
504 729
504 218
504 214
505 313
506 655
506 82
506 168
506 661
506 684
506 539
507 538
507 748
507 690
508 185
508 183
508 176
508 318
509 302
513 210
514 210
514 423
514 45
514 609
514 4
515 682
518 289
518 13
518 129
518 1
518 619
519 895
519 352
519 1592
520 300
520 242
520 690
521 147
521 659
521 246
522 100
523 50
523 97
523 14
523 516
523 3
524 700
524 515
524 265
524 693
524 546
524 132
524 50
524 129
525 269
526 591
526 508
527 207
527 963
527 283
527 134
527 177
528 239
528 427
529 328
529 294
530 237
530 64
530 88
530 443
530 476
531 329
531 332
532 1016
532 721
532 586
532 510
532 523
532 501
532 915
532 1221
532 591
532 227
533 378
533 236
533 1142
533 480
533 385
533 229
533 282
533 740
533 504
533 742
533 281
533 87
533 294
534 25
534 471
534 985
535 64
535 792
535 639
535 170
535 166
535 70
535 919
535 658
536 143
536 168
536 94
536 378
536 95
536 88
536 191
537 464
537 466
537 199
537 699
537 134
537 185
537 137
537 70
537 644
537 507
538 528
539 59
539 319
539 197
539 285
540 7
540 455
540 276
540 1011
540 508
540 117
541 476
541 459
541 239
541 66
541 924
541 378
542 48
542 186
542 655
542 249
542 196
542 423
543 170
543 102
543 190
543 202
543 528
543 79
543 531
543 371
544 346
545 230
545 95
545 164
545 54
546 288
547 315
548 298
548 121
548 717
548 331
549 50
549 866
550 15
551 735
551 211
551 118
551 210
551 195
551 1047
551 79
551 237
551 421
551 366
551 581
552 100
553 134
553 1194
553 490
553 22
553 655
553 23
554 202
554 174
554 405
555 236
556 318
556 170
557 292
557 343
557 875
558 137
558 116
559 652
560 11
560 654
560 271
561 507
561 640
561 432
562 143
562 443
562 504
562 684
563 220
564 597
565 382
565 86
566 196
567 490
567 182
568 427
568 134
568 303
569 7
569 9
569 291
570 302
572 13
572 9
573 657
573 519
574 346
574 316
577 40
577 58
577 68
577 196
577 102
577 215
579 173
579 88
579 732
580 286
580 257
581 9
581 813
582 100
582 181
582 240
583 258
585 212
585 923
586 127
586 39
586 559
587 264
588 210
588 485
588 258
588 1
588 25
588 463
588 278
588 721
588 142
589 333
589 751
590 275
591 357
592 410
592 466
592 283
592 969
592 344
592 251
592 137
592 215
592 297
592 237
592 546
592 652
593 50
593 183
593 196
593 1119
593 747
593 660
593 164
594 100
595 127
597 275
597 235
598 312
599 928
599 888
600 183
600 435
600 550
600 182
601 410
601 763
601 172
602 117
603 380
604 448
605 508
605 191
605 1
605 523
606 178
606 89
606 200
606 1065
606 179
606 22
606 527
606 203
606 307
606 483
606 423
607 847
608 735
608 23
608 969
608 848
608 489
608 190
608 286
608 1124
608 690
608 9
610 216
610 172
610 70
610 8
611 301
611 307
611 340
614 1
615 732
615 514
615 632
615 26
616 258
617 488
617 582
617 635
618 265
618 1039
620 820
621 148
621 584
621 197
621 50
621 135
621 24
621 1035
622 166
622 277
622 22
622 597
624 242
624 741
624 100
624 262
624 300
625 751
625 172
627 193
627 92
627 89
628 305
629 277
629 69
629 276
629 132
629 200
629 509
629 732
629 416
630 126
630 216
630 298
630 118
631 313
633 143
633 147
634 628
634 285
634 313
634 100
634 269
635 255
636 100
637 181
638 89
638 181
639 740
640 53
640 12
641 511
641 484
642 138
642 257
642 769
642 409
642 88
642 147
642 1152
642 384
642 83
642 102
643 276
643 603
643 65
643 219
643 639
643 367
643 356
643 234
644 181
644 250
645 195
647 174
647 631
648 63
648 211
648 781
648 88
648 434
648 121
648 603
650 234
652 307
653 566
653 186
653 188
654 151
654 237
654 257
654 332
654 963
654 591
654 739
654 238
654 317
654 468
654 785
654 1016
655 297
655 357
655 86
655 32
656 303
658 42
658 55
658 96
659 423
659 177
661 707
661 96
661 174
661 135
662 13
663 272
663 544
663 192
663 588
663 328
663 508
664 462
664 478
664 603
664 192
664 525
664 50
665 319
665 293
666 729
666 805
666 173
666 100
666 484
666 127
666 636
666 707
666 64
666 137
666 70
668 323
671 118
671 455
671 159
671 2
672 127
674 742
675 1653
676 144
676 286
676 751
676 483
676 114
677 508
678 1
678 127
680 195
680 517
680 9
680 98
680 14
681 990
682 288
682 763
682 774
682 696
683 607
683 906
684 408
684 73
687 340
688 338
688 749
689 117
690 546
690 357
690 1
691 318
691 178
693 132
693 48
693 939
694 98
694 435
694 673
694 275
694 356
694 210
694 510
697 127
697 294
697 818
698 648
698 96
699 117
701 285
701 275
703 845
704 354
704 131
704 481
704 98
704 89
705 400
705 1
706 237
706 181
707 251
707 718
707 137
707 160
707 631
707 367
708 866
708 117
708 289
709 182
709 181
709 11
710 172
710 187
710 234
711 170
711 433
711 1466
711 116
711 98
711 135
711 655
712 796
712 739
712 243
712 366
714 250
715 68
715 298
715 1016
716 483
716 423
716 484
716 443
716 506
716 199
716 367
716 485
716 234
717 245
717 472
718 742
718 284
719 215
720 995
721 282
721 175
721 300
722 291
725 15
726 832
727 491
727 186
727 83
727 153
727 42
727 239
728 471
729 748
729 354
730 748
730 294
731 64
731 419
733 151
734 50
735 237
736 515
737 22
737 192
737 475
737 175
738 496
738 199
738 474
738 747
738 96
738 230
739 318
741 699
745 258
745 96
746 208
747 1134
747 172
747 30
747 178
747 179
747 429
747 419
747 111
747 99
747 188
747 163
748 408
748 1
748 328
748 496
748 188
748 96
749 498
749 144
749 168
749 89
749 470
749 183
749 480
749 586
749 136
749 1185
750 879
751 631
751 70
751 588
751 270
751 736
752 306
752 301
752 904
753 242
755 269
756 181
756 1
756 79
757 471
757 809
757 27
758 249
758 124
758 1023
758 211
758 212
758 531
758 24
758 1085
758 508
758 571
758 919
758 313
758 4
758 1143
758 292
758 607
758 1283
758 141
759 756
760 604
761 148
763 960
763 461
763 509
763 153
764 237
766 238
766 559
766 747
766 211
766 474
768 257
768 50
768 275
768 9
769 546
770 250
770 937
770 334
771 111
771 91
771 403
772 354
772 245
773 127
773 64
773 191
776 234
776 479
776 276
776 549
776 179
777 205
777 652
777 690
778 174
778 193
779 255
779 1028
779 21
780 419
781 87
782 358
782 538
782 316
783 301
784 750
784 877
784 326
786 708
786 143
786 97
786 82
788 133
788 357
788 482
788 223
788 523
790 248
790 52
790 771
792 1
792 844
795 382
795 152
795 234
796 174
796 378
796 298
796 62
796 155
796 356
796 112
796 794
796 127
796 628
798 944
798 1283
798 62
798 259
798 568
798 172
798 83
799 479
802 302
802 264
803 307
804 414
804 184
804 982
804 1615
804 763
804 328
804 177
804 318
804 655
804 245
804 1079
804 238
804 70
804 193
805 1629
805 367
805 172
805 12
805 343
805 47
806 1098
806 302
806 88
806 504
806 200
806 484
806 176
807 427
807 541
807 542
807 739
807 699
807 228
807 612
808 262
809 328
811 308
812 678
813 690
815 521
815 945
815 485
815 732
816 328
816 678
816 264
817 288
817 329
818 302
818 271
819 248
820 286
822 1
823 210
823 157
823 742
823 209
824 268
824 259
825 148
825 841
825 118
825 125
825 687
825 591
825 363
825 257
825 117
826 258
826 50
826 22
826 554
826 313
828 1646
828 652
829 13
829 313
830 210
830 100
833 646
833 474
833 154
833 205
834 150
834 326
834 117
834 347
834 286
834 316
835 176
835 98
835 281
835 616
836 258
836 657
837 286
838 271
838 124
839 1
840 170
840 526
840 443
840 23
840 423
840 949
840 505
840 285
841 272
842 303
842 886
843 179
844 95
846 435
846 1041
846 463
846 702
846 697
846 451
846 673
846 101
846 751
846 485
846 1478
847 98
847 289
847 204
847 262
847 198
848 181
848 294
848 154
848 132
848 405
848 176
848 108
848 427
848 216
849 118
850 8
850 71
850 648
851 527
851 123
851 92
851 157
851 273
851 1016
851 176
851 172
851 591
852 235
854 713
854 606
854 56
854 528
854 509
856 327
857 898
858 286
859 381
862 238
862 174
862 546
862 97
862 651
862 845
862 215
863 331
863 333
864 735
864 729
864 265
864 286
864 333
864 22
864 523
864 474
864 208
864 109
864 29
864 419
865 258
867 23
867 328
867 197
867 186
868 327
868 474
868 64
869 1014
869 127
869 237
870 182
870 589
870 513
870 87
871 301
871 326
872 893
872 476
873 326
874 124
874 514
874 305
875 474
875 334
875 512
875 173
875 180
876 527
877 333
877 921
878 19
879 121
879 1
880 1059
880 881
880 655
880 423
880 318
880 1157
880 876
881 566
881 98
881 63
882 28
882 290
882 746
882 132
882 409
882 196
882 4
883 64
883 323
883 346
883 216
884 70
885 1
885 71
885 97
885 111
885 95
886 1014
886 98
886 50
887 84
887 47
887 1120
887 218
887 378
889 50
889 258
890 524
890 228
890 132
891 15
891 107
892 136
892 162
892 837
892 196
892 222
892 291
892 174
892 604
892 8
892 671
892 182
892 135
892 432
893 151
893 56
893 237
893 161
894 315
894 26
894 9
894 1009
894 52
895 1
896 234
896 481
896 310
896 257
896 195
896 496
897 496
897 418
897 22
897 1531
897 151
897 195
897 121
897 230
897 172
899 218
899 357
901 15
901 1
903 1070
906 9
906 696
907 476
907 225
907 781
907 100
907 729
907 118
907 520
907 5
907 326
907 1048
907 237
908 515
908 558
909 261
910 222
911 638
911 193
911 173
912 418
913 127
913 657
913 19
913 95
915 313
915 691
916 156
916 382
916 1194
916 180
916 157
916 211
918 645
918 83
919 813
919 527
919 191
919 93
919 287
919 14
919 282
919 946
919 508
919 129
919 125
919 276
921 72
921 143
921 69
922 384
922 450
923 168
924 1400
926 315
927 826
927 420
927 568
929 195
929 89
929 521
930 116
930 244
930 126
930 283
930 275
931 127
931 286
931 275
931 302
932 196
932 589
932 462
932 863
932 483
932 86
932 357
932 502
932 405
932 1573
932 212
932 1558
933 56
934 172
934 495
934 902
934 605
934 510
935 286
935 282
936 111
936 1007
936 952
936 236
936 250
936 475
936 16
936 246
936 3
938 260
938 762
940 204
940 89
941 7
942 79
942 484
942 200
943 218
943 42
943 98
943 27
943 526
943 69
15 302
22 194
45 13
51 172
55 174
59 89
62 173
63 100
91 612
92 248
97 482
119 1052
128 182
132 100
138 484
143 271
144 471
147 345
152 410
160 273
163 98
173 324
179 302
214 180
220 682
224 196
225 510
230 168
242 111
263 434
264 516
267 250
270 535
283 49
332 144
333 520
372 262
385 851
394 181
396 742
401 724
411 485
413 690
415 154
418 269
438 321
441 338
451 259
472 79
474 956
475 381
481 100
487 206
531 300
591 196
594 357
596 294
608 275
614 717
626 327
627 636
634 294
635 333
653 1
664 98
672 301
677 1245
681 1176
689 50
693 427
694 357
715 237
739 749
746 68
754 459
755 258
768 100
772 321
802 443
814 288
821 213
834 246
840 69
846 133
850 96
879 685
892 127
905 742
916 715
918 704
919 200
