17
21
30
34
43
78
74
75
80
108
107
119
115
113
123
158
148
149
253
244
279
278
261
266
312
296
297
337
351
350
320
334
373
370
379
358
352
353
366
360
362
415
407
394
391
389
441
444
426
468
464
460
459
495
490
486
548
547
557
552
553
563
571
570
569
533
532
541
618
617
623
621
626
635
639
576
580
583
585
593
683
701
698
691
649
645
646
641
738
743
765
758
757
715
714
704
734
722
724
818
826
812
810
811
797
793
774
770
768
779
883
882
890
865
868
869
870
874
875
876
877
878
851
850
849
853
860
832
833
839
842
956
958
959
952
949
951
944
941
932
931
915
906
901
1018
1021
1023
1010
1013
1001
1004
1007
1006
993
998
986
984
991
979
982
980
968
974
973
967
1097
1095
1117
1111
1134
1130
1124
1125
1122
1120
1149
1148
1143
1136
1035
1038
1024
1025
1049
1051
1055
1045
1044
