1 265
1 100
1 46
1 198
1 257
1 75
2 273
2 299
4 300
6 536
6 135
6 302
6 89
6 498
6 178
7 12
7 92
7 258
7 215
7 626
7 498
7 474
7 471
7 582
7 429
7 385
7 99
7 190
7 451
8 176
9 201
10 582
10 692
10 161
10 420
10 615
10 321
10 530
11 524
11 435
11 213
11 79
11 125
13 874
13 449
13 566
13 851
13 524
13 61
13 654
13 96
13 319
13 472
13 506
13 809
14 7
14 23
14 285
14 455
15 257
16 95
16 443
16 467
16 942
16 71
16 191
16 732
16 546
18 50
18 137
18 921
18 142
18 14
18 480
18 588
18 1
18 13
18 190
19 310
20 496
21 258
21 123
22 204
22 510
22 238
23 275
23 652
23 55
23 380
24 427
24 11
24 324
24 742
25 116
25 25
25 357
25 114
25 615
28 800
28 176
28 70
28 98
28 436
29 480
29 306
29 661
30 28
30 172
33 288
37 27
37 183
37 24
38 389
38 679
38 720
41 135
42 1041
42 181
42 83
42 496
42 58
43 133
43 120
43 423
44 380
44 157
44 121
44 69
44 100
44 183
44 50
44 245
46 333
46 7
48 690
48 181
48 480
49 428
49 185
52 25
52 204
52 121
52 258
52 498
53 151
54 237
54 100
54 871
56 50
56 483
56 300
56 596
57 744
57 717
58 199
58 213
58 655
58 684
58 144
58 1098
59 184
59 357
59 462
59 44
59 508
59 491
59 22
59 65
59 570
59 603
59 523
59 517
59 823
60 134
60 613
60 200
60 77
60 56
60 151
60 514
60 222
60 493
60 638
60 1125
60 799
60 1122
60 736
60 378
62 96
62 24
62 162
62 582
62 55
62 153
62 174
63 50
63 333
64 340
64 591
64 475
64 79
65 77
65 402
66 127
68 275
69 258
71 14
72 568
72 23
72 866
74 237
74 258
75 475
75 477
75 410
75 222
76 7
76 6
76 59
77 483
77 28
77 154
78 289
79 283
79 268
79 900
79 690
79 515
81 275
81 273
81 25
82 484
82 133
82 504
82 71
83 63
83 233
83 174
85 1137
85 1101
85 479
85 492
85 480
85 175
85 57
85 482
85 1018
87 472
87 25
87 4
89 15
90 196
90 272
90 153
90 340
90 86
90 25
90 464
90 478
90 1202
90 137
91 735
91 192
91 357
91 97
91 479
91 204
92 180
92 640
92 7
92 144
92 282
92 431
92 58
92 218
94 98
94 528
94 654
94 47
94 217
94 81
94 1009
94 647
94 685
94 474
94 1219
94 483
94 1147
94 356
94 53
95 736
95 99
95 539
95 527
95 77
95 70
96 96
96 216
96 190
97 428
97 191
97 168
97 135
99 329
99 410
100 272
102 588
103 301
106 213
106 210
106 9
108 100
109 229
109 181
109 183
109 222
110 402
111 302
113 595
113 299
115 847
115 32
115 357
115 1008
115 302
116 268
116 203
116 259
117 117
117 222
117 298
117 210
117 11
118 513
118 56
118 100
118 960
118 175
118 558
119 181
119 40
119 550
120 121
121 137
121 315
122 509
123 319
123 435
125 478
125 222
125 209
125 1
125 520
126 262
128 83
128 602
128 186
128 121
128 487
130 11
130 827
130 55
130 183
130 946
130 229
130 658
130 358
130 974
130 419
130 751
130 134
131 536
131 251
135 56
135 228
138 238
138 614
140 880
141 250
141 244
141 472
141 597
142 408
142 169
144 282
144 855
144 480
144 215
144 655
144 174
145 257
145 299
145 249
145 569
145 56
145 270
145 282
147 904
147 286
148 474
148 133
150 181
150 93
151 655
151 408
151 703
151 847
151 516
151 131
151 382
152 133
152 132
153 357
154 357
154 475
154 175
154 200
156 651
156 211
157 508
158 430
158 271
158 24
159 333
159 1132
159 1049
159 1095
160 100
162 11
164 934
164 823
165 174
168 280
169 300
169 199
171 258
173 937
174 417
174 12
174 582
175 11
176 293
176 236
177 183
177 654
177 50
178 11
178 866
178 500
178 228
178 226
178 195
178 99
178 133
180 111
182 111
183 720
184 451
184 604
184 509
184 529
184 100
184 285
184 485
184 50
185 197
185 302
186 925
186 257
186 79
187 28
189 96
189 459
189 89
189 24
189 863
189 4
189 50
189 56
189 1404
191 316
192 813
193 23
193 435
194 566
194 663
195 313
196 306
197 233
197 665
197 181
198 101
198 81
199 221
199 286
200 559
200 771
200 432
200 890
200 225
200 802
200 552
200 1217
200 230
200 54
201 325
201 1135
201 127
201 233
201 458
201 98
201 697
201 82
201 57
201 271
201 479
201 59
202 269
203 471
204 45
204 302
205 289
206 748
207 153
207 125
207 237
207 25
208 663
208 211
210 290
210 276
212 87
213 684
213 511
213 521
213 2
213 288
213 502
214 896
214 173
214 121
214 238
215 176
215 523
216 4
216 182
217 195
218 648
219 303
220 288
220 268
221 847
221 257
221 732
221 721
221 508
222 223
222 1044
222 300
222 98
222 399
222 53
222 288
222 96
222 219
222 527
223 143
223 298
224 300
224 313
224 215
226 176
227 100
227 1011
228 313
229 344
230 357
230 402
230 633
230 185
230 484
230 485
230 216
230 680
232 181
233 418
233 205
234 523
234 1463
234 106
234 792
234 836
234 504
235 275
235 923
235 692
235 207
236 15
236 9
236 143
236 64
236 170
237 9
237 183
237 199
239 507
239 923
239 675
239 269
239 489
239 511
241 880
243 111
243 268
243 514
243 387
243 318
243 582
244 1045
244 651
244 95
244 100
244 475
244 380
244 1132
246 840
246 68
248 183
249 462
249 117
249 483
249 69
249 235
249 209
249 179
250 340
250 943
250 116
250 71
250 527
251 1012
251 845
252 276
252 286
254 199
254 183
255 324
256 657
256 291
256 147
256 1047
256 182
256 1028
256 7
256 44
256 5
257 285
257 1008
257 181
259 185
261 597
262 778
262 11
263 202
263 510
264 194
264 382
264 659
264 240
265 257
266 313
267 203
267 145
267 204
267 273
267 7
267 100
267 732
268 582
269 371
269 664
269 59
269 198
269 708
269 483
270 860
270 581
270 740
270 181
270 155
270 387
270 707
270 1109
271 657
271 285
271 479
271 529
271 393
271 487
271 193
271 591
271 192
271 549
271 64
271 283
271 378
271 83
272 521
272 238
273 896
274 282
275 101
276 298
276 11
276 222
276 184
276 273
276 209
276 410
276 4
276 293
276 420
276 23
276 685
276 121
276 55
276 425
278 269
279 47
279 109
279 175
279 702
279 248
279 342
279 1291
280 127
280 102
280 416
280 546
280 423
280 7
280 1051
280 468
281 271
282 327
283 455
283 210
283 95
284 304
284 303
284 262
285 151
285 168
285 302
286 475
286 176
286 97
286 683
286 22
286 183
286 179
286 90
286 535
286 7
286 1288
287 294
288 900
288 528
289 117
290 204
290 274
290 588
291 79
291 715
291 384
291 282
291 140
291 153
291 1012
291 28
291 496
291 1
291 794
291 101
291 1046
292 168
292 117
292 603
292 169
292 115
292 1073
293 705
293 157
294 328
294 508
294 121
295 451
295 405
295 419
295 722
295 588
295 423
295 431
295 125
295 4
295 155
296 242
296 48
296 209
296 19
296 963
296 923
296 124
297 100
297 480
297 209
297 736
297 210
297 185
297 114
298 98
298 186
298 9
298 194
298 333
298 144
299 169
299 710
299 529
299 286
299 300
299 915
301 215
301 233
301 866
301 465
301 99
301 470
301 94
301 128
301 96
301 357
301 871
301 384
303 780
303 176
303 198
303 92
303 425
303 603
303 403
303 762
303 181
304 271
305 423
305 1456
305 269
305 557
307 132
307 186
307 428
307 423
307 175
308 853
308 74
308 686
308 156
308 255
308 584
308 559
308 1118
308 85
308 180
308 537
308 89
308 95
308 699
308 168
308 945
308 1404
308 201
309 286
311 194
311 357
311 203
311 210
311 480
311 966
311 231
311 187
311 778
312 589
312 70
312 713
312 57
312 641
312 483
312 143
312 1299
312 499
312 614
312 537
312 606
312 174
312 169
312 10
312 505
312 495
312 968
313 632
313 501
313 427
313 423
314 69
314 105
314 562
314 1063
314 423
314 1220
315 508
315 209
315 216
316 292
316 707
316 1084
317 260
317 264
318 237
318 191
318 708
318 12
320 300
320 195
320 433
320 54
321 478
321 435
321 131
321 484
322 92
322 528
322 272
323 327
324 50
324 846
325 269
325 474
325 408
326 659
326 510
326 64
326 444
326 657
326 675
327 419
327 709
327 1170
327 558
327 173
327 131
327 1103
328 205
328 185
328 316
328 754
328 272
328 127
329 98
329 169
330 284
330 94
330 25
330 71
330 451
330 277
330 38
332 228
332 328
332 98
332 252
332 97
332 232
332 367
333 739
334 81
334 525
334 396
334 230
334 174
334 187
336 105
336 122
336 1017
336 1118
336 1048
338 408
338 133
339 845
339 157
339 528
339 79
339 518
340 497
342 114
342 144
343 208
343 11
343 1194
343 144
343 199
343 258
343 663
343 269
343 235
343 317
343 427
344 508
344 408
344 98
344 367
344 463
345 262
345 311
345 709
345 58
345 317
345 221
345 293
345 469
346 172
346 54
346 121
346 31
347 829
347 56
347 501
347 293
348 15
348 827
348 756
348 934
348 1028
348 245
348 924
348 288
350 340
350 190
350 657
351 1024
352 56
354 154
354 736
354 855
354 7
354 962
354 936
354 707
354 900
354 638
354 528
354 659
354 435
354 251
354 705
354 181
354 896
355 307
357 748
358 179
358 863
359 455
359 250
360 134
360 207
360 170
360 79
361 59
361 234
361 216
361 213
361 657
362 300
362 689
363 549
363 652
363 429
363 770
363 154
363 302
363 313
365 222
366 201
367 561
367 563
367 268
367 50
368 127
370 493
371 186
371 97
371 663
371 55
372 200
372 44
372 325
373 153
373 12
373 25
373 655
373 658
373 418
373 117
374 129
374 742
374 581
374 591
377 168
378 99
378 500
378 216
379 208
379 566
379 216
379 79
379 179
379 94
379 83
379 419
380 425
381 512
381 124
381 50
381 898
381 443
383 205
383 514
385 616
385 954
385 661
385 855
385 235
385 262
385 1154
385 1070
385 30
385 652
387 199
387 408
387 919
387 642
387 718
387 558
387 224
387 663
388 200
388 628
389 514
389 969
389 506
389 693
389 1
389 160
389 4
390 302
390 740
391 98
391 15
391 59
391 47
392 510
392 316
392 99
392 272
393 9
393 480
393 596
393 215
393 50
393 250
393 347
393 922
394 288
394 91
394 228
394 173
394 151
395 237
395 632
396 148
397 522
397 286
397 615
397 657
397 22
398 172
398 64
398 496
398 208
398 1126
398 117
398 25
399 302
399 364
399 622
399 54
400 258
401 196
401 603
401 507
402 696
403 50
403 291
403 258
403 288
404 302
405 521
405 736
405 64
405 954
405 433
406 15
406 393
406 1194
406 671
406 508
406 367
407 257
407 200
407 969
407 510
407 291
407 514
407 732
409 97
409 1369
409 171
409 606
409 180
411 1
411 405
412 175
412 195
412 318
412 634
414 272
414 100
416 99
416 686
416 132
416 655
416 200
416 197
416 70
416 4
416 1483
416 1160
416 275
417 258
417 825
417 796
417 562
417 944
417 780
417 484
417 419
419 79
419 306
421 79
421 427
421 674
422 237
422 410
423 591
424 100
425 100
425 228
425 347
426 199
426 23
426 1020
428 302
428 312
428 310
428 892
429 291
429 166
429 162
429 479
429 603
429 42
429 273
429 173
429 1136
429 939
429 435
429 207
430 328
430 258
430 151
430 165
432 15
432 249
433 919
434 1
435 249
435 751
435 23
435 49
435 191
436 742
437 484
437 200
437 961
437 79
437 162
437 497
437 238
437 180
437 185
437 521
438 255
438 15
438 252
438 280
440 213
440 361
440 242
440 198
441 282
442 209
442 288
444 50
445 1143
445 56
447 144
447 294
447 176
447 157
447 150
450 302
450 280
450 936
450 178
450 274
450 208
450 79
450 372
450 144
450 1160
450 727
450 845
450 582
450 238
450 1435
450 707
450 479
450 471
450 1153
450 155
450 282
450 663
450 421
450 505
450 1212
450 469
450 232
450 651
451 1265
452 609
452 479
452 69
452 419
452 513
452 179
452 188
453 42
453 288
453 496
454 316
454 210
454 161
455 9
456 697
456 180
456 208
456 324
456 483
456 419
456 3
457 559
457 231
457 48
457 214
457 554
457 134
458 589
458 234
458 76
458 531
458 1101
458 8
458 1067
459 989
459 619
460 276
460 302
463 7
464 264
464 16
465 705
466 260
467 1059
467 246
468 191
468 9
468 251
469 582
469 607
469 134
470 305
470 118
472 94
472 559
472 475
472 260
472 3
472 417
472 386
472 41
472 90
472 554
472 426
472 625
472 252
473 25
474 175
474 582
474 191
474 423
474 614
474 511
474 484
474 474
474 135
474 195
474 521
474 357
474 647
476 73
477 90
478 710
478 739
479 88
479 436
479 209
479 304
479 22
479 238
479 510
479 157
479 523
479 222
480 190
480 100
481 204
481 50
481 524
484 28
484 153
484 228
484 79
484 233
484 274
484 98
484 183
484 234
486 872
486 324
487 88
487 794
487 501
487 802
487 45
487 160
487 239
488 211
488 515
488 198
488 183
488 318
488 22
488 181
489 353
489 288
489 360
489 258
489 1238
492 523
493 172
493 183
493 96
494 65
495 211
495 433
495 1119
495 86
495 195
495 650
496 186
496 268
496 181
497 195
497 127
497 79
497 402
497 89
498 53
498 135
498 23
499 484
499 902
499 588
500 475
500 1012
500 709
500 246
500 39
500 371
501 844
501 222
501 696
503 186
503 498
503 205
503 116
503 226
504 298
504 38
504 199
504 942
504 973
504 620
504 68
504 1046
504 629
504 94
504 1084
504 485
504 1004
504 307
505 88
506 216
506 479
506 693
506 607
506 70
507 121
507 597
507 323
508 151
509 326
509 50
510 326
512 273
514 402
514 208
514 392
514 301
514 1101
514 69
518 546
518 685
519 351
519 1062
520 283
521 186
521 174
522 200
522 48
522 430
523 72
523 1014
524 76
524 124
524 322
524 898
524 436
524 23
524 185
524 79
524 447
524 527
524 1101
527 12
527 69
527 56
527 653
527 183
527 203
528 50
528 181
529 307
529 886
529 258
530 357
531 313
532 186
532 95
532 292
532 298
532 1046
532 508
532 348
532 304
533 222
533 210
533 471
533 423
533 15
533 12
533 1
533 380
533 66
533 303
534 1028
535 479
535 498
535 655
535 483
535 433
535 8
535 285
536 713
536 568
537 182
537 313
537 514
537 187
537 175
537 661
538 496
539 202
539 204
539 481
539 19
539 275
539 610
540 475
541 404
541 173
541 526
542 531
542 168
542 496
543 462
543 234
545 395
545 50
545 168
545 210
546 109
546 258
546 758
547 347
548 237
548 233
548 55
548 742
548 504
548 659
548 185
549 748
550 313
551 385
551 12
551 363
551 1518
551 628
551 471
551 125
551 849
551 727
551 774
551 286
551 272
552 286
552 248
553 181
553 135
553 611
553 524
554 28
554 228
554 432
555 405
555 169
556 192
556 520
556 48
556 427
556 12
556 523
558 19
559 144
559 300
559 863
560 168
560 255
560 89
561 537
561 47
561 710
561 154
561 1009
561 469
561 276
561 23
561 185
561 174
561 116
561 93
562 197
563 167
564 50
565 179
565 639
566 387
566 135
567 185
567 299
567 302
567 47
567 480
567 493
568 482
568 606
568 615
569 236
573 10
574 268
574 289
574 300
575 96
576 125
576 471
577 720
577 561
577 208
577 174
577 181
577 655
577 284
577 50
577 399
579 294
579 692
579 50
580 271
580 249
581 922
583 357
583 83
583 195
585 286
585 510
585 1121
586 780
586 550
587 332
587 288
587 260
587 937
588 161
588 286
588 370
588 597
588 186
588 428
588 91
588 99
588 645
588 83
591 508
591 1111
592 216
592 193
592 89
592 408
592 272
592 345
592 286
592 433
592 483
592 9
592 305
592 176
592 752
592 8
592 178
593 282
593 739
593 255
595 1142
595 330
597 225
599 220
600 526
601 496
601 186
601 174
601 100
602 538
602 121
603 216
604 567
605 176
606 507
606 201
606 228
606 3
606 1518
606 568
606 620
606 121
608 462
608 1172
608 505
608 197
608 93
608 185
608 479
608 187
610 98
610 203
611 305
612 117
613 194
615 527
615 179
615 208
615 194
616 331
617 868
617 192
618 432
618 12
618 23
618 597
618 176
618 596
619 161
620 595
620 432
620 237
620 288
620 95
620 755
620 354
620 393
621 250
621 80
621 809
621 87
621 405
622 79
622 207
622 111
622 168
622 178
622 249
623 66
623 451
624 471
624 870
624 980
625 855
625 408
625 393
625 197
627 510
627 53
627 317
628 294
629 144
629 319
630 864
630 732
632 168
632 134
632 419
634 717
635 246
636 25
637 121
637 100
638 183
638 385
639 174
639 48
639 86
639 516
639 488
640 346
640 91
640 66
640 1228
640 4
640 42
642 931
642 623
642 166
642 385
642 133
642 395
642 622
642 97
642 73
643 24
643 55
643 474
643 447
644 546
644 293
644 748
644 330
645 514
645 168
647 15
647 147
647 29
648 496
648 250
648 265
648 202
648 208
648 5
648 252
648 474
649 252
650 612
650 496
650 515
651 302
651 276
652 96
653 50
653 180
653 531
654 70
654 174
654 265
654 367
654 302
654 56
655 1639
655 127
655 942
655 185
655 302
655 1192
655 1643
658 100
659 514
659 443
659 62
659 157
659 173
660 483
660 196
661 173
661 179
661 501
663 3
663 237
663 187
663 182
664 408
664 306
664 45
665 423
665 98
665 156
665 1048
665 147
665 411
666 514
666 129
666 56
666 517
667 86
668 269
669 511
670 945
670 96
670 657
670 484
671 4
671 7
672 476
672 1061
673 326
676 255
676 482
677 323
678 515
679 432
679 28
680 137
680 20
682 332
682 42
682 217
683 513
684 172
684 117
686 11
686 12
687 269
689 7
689 300
690 94
690 8
692 204
692 100
693 318
694 211
694 517
694 127
695 678
697 122
697 455
697 121
698 498
698 330
698 194
698 127
699 13
699 989
699 458
699 1163
702 230
704 185
704 432
704 316
704 735
705 71
705 755
705 121
705 82
707 190
707 93
707 467
707 1211
707 799
707 923
707 648
708 764
709 172
709 833
709 318
709 232
710 627
710 50
711 79
711 1221
711 660
711 995
711 475
711 91
711 200
712 50
712 588
712 40
712 1055
712 755
713 347
714 50
715 713
715 425
715 69
716 487
716 215
716 1101
716 732
716 208
716 707
716 88
716 648
717 887
717 1282
717 995
718 282
719 318
719 98
719 69
720 898
720 272
720 315
721 732
721 179
721 357
721 204
722 100
722 151
723 172
726 1059
727 73
728 25
730 100
731 462
731 485
731 237
733 19
733 1142
733 290
733 713
733 1067
734 487
734 465
735 300
736 532
738 169
738 164
738 659
738 174
739 187
739 132
740 269
740 340
740 286
740 242
741 56
741 945
741 357
741 234
741 218
741 403
742 124
742 258
743 222
743 224
744 963
745 603
745 515
745 124
746 174
746 157
746 226
747 12
747 174
747 478
747 215
747 654
747 509
747 82
747 1
747 663
747 223
747 305
747 285
748 144
748 318
748 181
748 4
749 11
749 742
749 293
749 226
749 153
751 204
751 652
751 227
752 305
753 484
753 304
753 427
753 294
754 127
755 879
756 1060
757 91
757 64
758 373
758 200
758 895
758 578
758 96
758 790
758 364
758 213
758 837
758 380
758 1046
758 780
758 654
759 1
759 117
759 332
760 1135
760 845
760 451
761 546
761 117
762 286
763 1065
763 703
763 498
763 79
764 151
764 1012
764 9
764 121
766 53
767 56
768 237
770 282
770 129
770 508
770 473
770 303
773 1097
773 958
773 364
773 258
773 455
773 181
773 169
773 1021
774 202
774 182
776 559
780 172
780 286
782 307
782 248
782 288
782 127
783 876
784 678
786 238
788 200
790 15
790 298
790 716
790 232
790 183
790 685
790 174
790 365
790 268
790 1048
791 181
793 844
794 248
795 28
795 514
795 169
796 198
796 451
796 71
796 132
796 77
798 323
798 839
798 588
798 15
798 38
798 486
798 720
799 50
799 499
800 292
800 864
801 302
802 665
804 291
804 310
804 498
804 365
804 72
804 228
804 566
804 156
804 152
804 100
804 984
805 209
805 522
805 558
805 248
806 56
806 204
806 318
806 234
806 131
807 418
807 222
807 50
807 101
807 633
807 403
807 8
807 1084
808 875
809 307
810 678
810 294
811 901
811 678
815 89
815 629
815 483
815 7
817 24
818 245
818 751
819 340
821 471
821 504
821 161
821 476
822 95
823 152
823 423
823 502
823 134
823 79
823 401
823 151
825 274
825 100
825 741
825 273
825 986
826 678
826 391
826 92
828 116
828 316
829 462
829 213
830 427
830 648
830 692
830 837
830 22
830 487
830 127
831 96
831 354
833 320
833 56
833 223
833 854
833 745
833 160
834 744
834 886
835 215
835 179
835 133
835 685
835 393
835 313
836 507
836 269
838 114
838 405
839 127
840 168
840 525
840 81
840 216
840 432
840 465
840 428
840 663
841 873
841 306
842 268
843 234
844 69
844 778
845 308
845 269
846 499
846 180
846 176
846 87
846 684
846 627
846 76
846 67
846 728
846 86
846 212
846 92
847 109
847 499
847 1160
847 288
848 517
848 498
848 655
848 511
849 27
850 97
851 825
851 228
851 363
851 129
853 678
854 42
854 175
854 132
854 483
854 705
854 55
855 510
855 198
855 855
857 275
857 283
860 70
860 732
861 529
861 70
862 484
862 413
862 647
864 628
864 470
864 169
864 202
864 685
864 693
864 1109
864 203
864 1101
864 328
864 164
867 483
867 191
867 855
868 173
868 709
868 181
868 172
868 179
868 268
868 59
870 238
870 286
870 124
870 203
870 657
870 327
870 100
870 367
870 169
871 258
871 526
871 195
872 597
872 1061
872 815
873 342
875 582
875 480
875 172
876 187
877 237
878 170
878 152
878 216
880 728
880 232
880 794
880 410
880 240
881 49
881 195
881 1
881 216
881 117
881 392
881 1124
882 237
882 294
882 195
883 79
883 65
883 515
883 778
883 198
883 96
883 275
883 283
884 463
884 127
885 195
885 79
885 476
886 367
886 48
886 425
887 455
887 28
887 559
887 96
887 418
887 410
889 655
889 237
889 171
889 169
889 512
889 199
889 741
890 357
890 127
890 523
890 162
891 717
891 285
892 692
892 68
892 568
892 195
892 28
893 531
894 124
894 344
894 165
894 879
894 509
894 1
894 190
894 331
894 305
896 248
896 172
896 765
896 658
896 210
896 237
896 190
896 597
897 238
897 465
897 409
897 925
897 199
897 288
897 378
898 270
898 327
899 746
899 89
899 283
901 739
901 748
901 12
902 176
903 214
903 288
903 655
903 196
903 91
903 183
903 529
904 785
905 345
906 740
906 221
907 281
907 86
907 869
907 699
907 1244
907 272
907 198
907 356
908 478
908 288
908 709
909 1121
909 531
911 93
911 482
911 655
912 501
912 357
913 64
913 191
913 750
914 643
916 318
916 196
916 223
916 1005
916 509
916 12
916 175
916 511
916 203
916 172
917 476
918 137
918 707
919 270
919 307
919 223
921 50
921 66
921 845
922 265
922 746
922 258
922 153
922 230
922 202
923 322
923 823
923 174
923 293
923 333
923 281
923 763
924 496
924 433
924 504
927 41
927 763
927 928
928 246
929 135
931 293
931 685
931 181
932 168
932 661
932 119
933 265
933 194
934 2
934 855
934 202
934 226
934 168
934 239
934 432
934 554
935 546
936 1377
938 106
938 1014
938 458
938 928
940 213
940 655
940 709
940 258
942 193
942 879
942 31
943 56
943 470
943 356
1 196
1 127
1 113
1 165
1 151
2 316
2 301
2 313
2 306
2 272
3 181
4 359
5 89
5 434
6 357
6 168
6 497
7 548
7 162
7 307
7 175
7 435
7 614
7 585
7 509
7 485
7 402
7 447
7 186
7 210
7 549
7 643
7 568
7 588
7 216
7 28
8 56
9 487
10 496
10 179
10 698
11 196
11 86
11 752
12 392
12 228
13 691
13 170
13 193
13 100
13 523
13 402
13 810
13 716
13 473
13 228
13 154
14 12
14 211
14 792
16 629
16 143
16 12
16 98
16 87
16 209
16 11
16 8
17 919
17 294
18 162
18 189
18 709
18 962
18 59
18 478
18 520
20 323
21 53
21 17
22 154
22 181
22 226
23 131
23 961
23 174
24 127
25 134
25 657
25 655
26 9
28 429
28 529
30 82
32 181
33 348
37 226
38 95
38 99
38 678
38 94
40 333
41 69
41 50
42 925
42 227
42 196
42 216
42 402
42 142
42 732
42 755
43 114
43 210
43 69
43 328
43 127
43 684
43 111
43 272
43 315
43 393
44 660
44 496
44 95
44 64
44 1
44 429
46 181
47 306
47 303
48 191
48 527
48 302
49 57
49 386
50 547
51 496
51 173
52 282
52 117
52 302
53 118
53 281
54 742
54 117
56 298
56 98
56 28
56 191
56 403
56 797
56 79
56 226
56 96
56 201
56 778
57 304
58 210
58 255
58 603
59 81
59 513
59 610
59 705
59 106
59 149
59 168
59 385
59 127
59 135
59 381
59 425
59 663
59 550
60 179
60 385
60 69
60 216
60 176
60 12
62 14
62 1130
62 1074
62 403
62 121
62 527
62 216
63 276
63 255
63 224
64 434
64 516
64 70
64 520
64 157
65 9
65 356
66 237
67 7
68 258
69 50
69 508
69 302
70 419
70 95
70 264
70 50
70 501
70 186
70 48
71 276
71 168
71 346
72 187
72 479
72 48
72 174
73 269
73 100
75 1028
76 100
76 811
76 89
76 955
77 42
77 52
78 257
78 288
79 269
80 466
80 64
81 283
82 1
83 31
83 94
83 591
83 385
84 748
84 523
85 9
85 204
85 606
85 708
85 95
87 566
87 705
87 1185
87 9
87 152
87 796
87 167
87 204
88 261
88 354
89 517
89 1
89 724
90 813
90 617
90 732
90 316
90 357
90 855
90 500
90 657
90 170
90 242
90 494
90 135
91 429
91 210
91 603
91 616
91 28
91 750
92 246
92 993
92 135
93 476
93 283
94 200
94 549
94 22
94 589
94 9
94 588
94 629
94 1058
94 644
94 465
95 94
95 153
95 381
95 286
95 173
95 62
96 56
96 1154
96 174
96 176
97 202
99 98
99 203
101 237
101 255
102 227
103 126
103 255
104 285
106 162
106 703
109 735
109 294
109 159
109 210
109 67
109 100
110 939
112 272
112 887
112 289
113 508
114 483
115 511
115 176
115 137
116 271
116 180
117 168
117 763
117 173
118 179
118 427
118 675
119 56
119 237
119 1202
119 382
119 257
119 182
119 354
119 121
119 1101
120 258
121 14
121 237
122 180
123 285
123 514
124 98
125 732
125 451
125 172
125 430
128 50
128 393
128 88
128 274
129 906
130 597
130 68
130 219
130 449
130 181
130 5
130 22
130 38
130 1013
130 300
130 881
130 172
130 405
130 975
130 33
130 411
132 523
136 56
137 96
137 411
138 117
139 475
140 321
141 471
143 325
143 347
144 48
144 647
144 1286
144 1169
144 405
145 183
145 173
145 635
145 315
145 66
145 652
145 685
145 674
145 1001
145 1208
145 182
147 304
148 89
148 222
149 305
150 288
150 276
151 482
151 171
151 204
151 210
151 466
151 514
151 114
151 69
151 151
151 512
151 198
151 523
151 528
151 605
152 278
152 15
152 49
152 527
152 1301
154 182
154 640
154 527
157 293
158 1047
158 89
158 111
158 686
158 129
158 144
158 177
159 96
159 220
160 56
160 285
160 604
160 127
160 182
160 202
160 763
160 168
160 4
162 544
163 357
163 258
164 125
164 328
167 606
168 282
173 326
173 300
173 321
173 302
173 258
174 268
174 781
174 49
175 12
176 475
176 111
176 298
176 93
176 1008
177 475
177 156
177 182
178 520
178 193
178 591
178 684
178 16
178 58
178 304
178 157
178 131
178 95
178 187
178 62
178 1197
178 173
178 427
180 83
180 191
180 372
180 785
180 380
181 596
182 596
183 405
184 283
184 642
184 676
184 98
184 86
184 262
184 654
185 9
186 226
186 385
186 225
186 1016
186 281
186 177
187 70
187 196
188 629
188 591
188 930
188 498
189 199
189 253
189 500
189 1401
190 117
191 286
193 755
193 182
193 286
194 837
194 174
194 144
194 4
196 67
197 195
197 1228
198 447
198 7
198 132
198 188
200 172
200 210
200 392
200 528
200 1228
200 674
200 826
201 26
201 200
201 76
203 151
203 815
203 150
204 1022
205 326
205 316
206 313
207 1147
207 273
207 1242
207 526
208 202
210 751
210 56
210 65
210 657
210 514
210 222
210 70
213 42
213 64
213 194
213 143
213 212
213 185
213 318
213 125
214 39
214 512
214 248
214 608
214 213
214 166
215 216
215 195
215 181
216 531
216 735
216 129
216 156
216 9
217 117
217 679
217 665
218 516
218 209
218 33
218 154
218 273
219 132
219 855
221 568
221 1017
221 298
221 550
221 129
221 76
222 54
222 693
222 732
222 246
222 157
222 436
222 689
222 521
222 79
222 366
223 1016
225 479
226 12
227 324
227 19
229 340
230 79
230 499
230 100
230 82
231 846
232 204
232 268
232 423
233 511
233 57
233 633
234 22
234 863
234 191
234 660
234 709
235 83
235 191
235 69
235 1176
236 699
236 191
237 180
237 1192
237 479
238 538
239 745
239 1056
239 647
239 174
239 421
239 39
239 479
239 633
239 162
239 505
240 302
243 694
244 790
244 9
244 946
244 764
244 708
244 169
244 941
244 153
246 470
246 98
246 721
246 651
246 616
247 111
248 198
248 11
248 96
248 234
249 634
249 409
249 591
249 137
249 423
249 1073
249 1039
249 469
250 474
250 558
250 357
253 132
254 1183
254 449
254 229
255 271
255 405
256 829
256 51
256 778
256 815
256 748
256 732
256 864
256 831
257 137
257 276
257 61
257 14
258 311
259 298
259 176
260 990
260 1105
261 340
261 410
262 735
262 1278
262 747
263 199
263 511
263 622
263 661
263 378
264 175
264 19
265 628
267 293
267 144
267 24
267 228
267 840
267 168
267 31
267 33
267 169
267 158
267 22
267 654
268 234
268 718
268 154
268 484
268 4
268 583
268 286
268 654
269 528
269 537
269 518
269 1397
269 108
269 512
269 998
270 1074
270 402
270 98
270 800
270 1009
270 121
270 684
270 1014
271 847
271 692
271 9
271 496
271 521
271 461
271 302
271 511
271 28
271 485
271 173
272 1101
274 220
274 15
274 258
275 199
275 50
276 31
276 78
276 201
276 219
276 636
276 902
276 346
276 747
276 433
276 692
276 640
276 204
277 1197
278 288
279 517
279 455
279 208
279 778
279 436
279 728
279 660
280 781
280 111
280 276
280 1401
280 975
280 218
280 925
281 877
282 268
283 83
283 216
283 732
284 305
285 205
285 183
285 288
286 137
286 269
286 1105
286 20
286 741
286 34
286 1038
286 629
287 682
287 117
288 345
290 265
290 143
291 77
291 1220
291 129
291 56
291 1017
291 226
291 164
291 236
291 1098
291 578
292 525
292 282
292 589
292 248
292 151
292 285
292 1
293 160
293 484
293 302
293 273
293 942
293 182
294 100
294 300
294 751
294 127
294 539
294 535
295 151
295 1446
295 164
295 238
295 381
295 230
295 416
295 318
295 461
296 274
296 961
296 544
296 55
296 237
296 1284
296 50
296 652
297 222
297 223
297 201
297 183
298 588
298 523
298 23
298 71
298 483
298 549
299 1056
299 48
299 478
299 60
299 408
299 176
299 333
299 962
300 409
301 604
301 97
301 143
301 132
301 425
301 258
301 181
303 156
303 479
303 249
303 831
303 293
303 171
303 228
303 124
303 673
303 183
303 185
304 274
304 275
305 198
305 650
305 963
305 178
305 175
306 111
307 419
307 708
307 463
307 114
307 1022
308 1515
308 135
308 498
308 134
308 806
308 741
308 47
308 11
308 509
308 475
308 1006
308 48
310 251
311 498
311 276
311 183
311 238
311 176
311 125
311 66
311 174
311 205
311 56
311 213
312 692
312 836
312 593
312 850
312 602
312 526
312 181
312 213
312 528
313 185
313 131
313 178
313 525
313 326
313 193
314 794
314 94
314 202
314 409
314 28
314 73
314 721
314 1218
315 98
315 305
315 185
317 245
318 458
318 157
320 188
320 174
320 96
320 145
321 428
321 180
321 135
321 485
322 505
322 508
322 521
323 50
323 651
324 748
324 270
324 9
324 258
325 180
325 127
325 357
326 527
326 185
326 519
327 70
327 603
327 195
327 132
328 58
328 245
328 566
328 176
328 70
328 98
328 371
328 56
328 689
328 511
328 144
329 276
330 73
330 501
330 97
330 729
330 213
330 197
330 1084
331 64
331 124
331 414
331 221
332 323
332 204
332 470
332 11
332 566
333 100
333 127
333 513
334 1011
334 203
334 709
334 558
334 258
334 663
335 305
335 902
336 204
337 50
338 654
338 650
338 275
338 516
339 124
339 404
339 396
339 654
339 483
339 856
340 405
340 71
340 378
342 175
342 584
342 1012
342 813
342 496
342 255
343 42
343 306
343 229
343 530
343 702
343 86
343 1008
343 471
343 82
343 657
343 1267
344 174
344 473
344 568
344 50
344 216
344 255
344 210
344 124
345 204
345 684
345 387
346 22
346 144
347 693
347 1039
347 188
347 147
348 405
350 1
350 133
350 132
351 751
352 174
354 306
354 344
354 136
354 308
356 347
357 287
358 221
358 357
358 132
359 930
360 56
360 251
360 515
360 423
361 50
361 79
361 531
361 212
361 98
361 694
361 611
363 91
363 173
363 189
365 258
365 277
367 436
367 5
367 672
368 201
368 379
369 50
370 525
370 608
370 631
370 302
370 659
372 674
372 292
373 746
373 328
373 431
373 421
373 427
374 200
374 1134
374 526
374 665
374 597
374 651
374 97
374 118
374 1010
375 525
376 269
377 316
377 234
377 7
377 271
378 162
378 1
378 896
378 50
378 582
378 55
378 732
378 213
378 302
378 52
378 48
378 1147
378 88
378 31
379 447
379 137
379 265
379 4
379 98
379 621
379 524
379 705
379 69
379 127
380 286
380 750
381 694
381 1117
381 473
381 175
381 294
381 529
382 482
382 151
383 200
383 197
383 505
383 19
384 302
384 289
384 878
385 865
385 32
385 511
385 197
385 187
385 489
386 127
387 209
387 56
387 520
387 210
387 7
388 680
389 8
389 501
389 274
389 671
389 71
389 404
389 584
390 713
390 515
390 742
391 203
391 460
391 22
391 334
392 346
392 837
392 248
392 288
392 493
392 511
393 275
393 415
393 79
393 332
393 117
393 317
393 28
393 620
394 118
394 186
394 164
394 496
394 411
394 28
395 97
396 237
397 56
397 896
397 268
397 611
398 97
399 1217
399 1074
399 393
399 295
399 1137
400 301
401 162
401 88
401 198
401 485
401 528
401 566
402 479
402 151
402 275
403 925
403 121
404 938
405 127
405 29
405 710
405 22
405 85
405 23
406 429
406 499
406 631
406 135
406 197
406 23
406 825
406 181
406 69
406 491
406 612
406 506
406 447
406 132
407 418
407 316
407 197
407 4
407 729
409 633
409 325
409 493
409 466
410 316
411 50
411 566
411 209
411 709
411 28
412 480
412 357
412 96
412 193
413 100
413 300
414 886
414 310
415 174
415 531
416 156
416 625
416 657
416 812
416 333
416 220
416 535
416 64
416 506
416 425
416 659
416 1119
416 707
416 96
416 98
416 471
416 652
416 690
416 178
416 2
417 180
417 692
417 217
417 483
417 200
417 238
417 209
417 655
418 895
419 174
419 181
420 855
420 86
421 164
421 302
421 96
421 187
422 475
422 671
422 222
423 689
423 293
423 754
425 895
425 743
426 1204
426 655
426 654
426 605
427 881
428 352
428 315
429 684
429 195
429 742
429 410
429 137
429 403
429 248
429 652
429 124
430 1347
432 475
433 246
434 274
434 411
435 762
435 410
435 22
435 596
435 91
435 25
435 748
435 157
435 168
435 136
435 50
435 566
435 1103
435 1401
435 4
435 186
435 268
436 204
436 218
436 433
436 66
436 537
437 1148
437 842
437 50
437 476
439 7
439 591
439 285
440 304
440 883
441 294
441 342
442 156
442 234
442 172
442 144
443 327
444 328
447 284
447 290
447 204
448 303
448 344
449 60
449 1142
450 169
450 287
450 202
450 90
450 245
450 1041
450 131
450 49
450 226
450 618
450 685
450 966
450 502
450 921
450 43
450 481
450 633
450 837
450 301
450 729
450 1020
450 967
450 503
451 260
451 327
452 404
452 70
453 403
453 273
453 258
454 748
454 566
454 732
455 269
455 449
455 1167
455 423
456 955
456 1008
457 660
457 549
457 135
457 98
457 356
457 448
457 164
457 318
457 114
457 658
457 8
457 45
458 736
458 137
458 293
458 178
459 1190
459 864
459 473
460 224
460 242
463 124
463 15
463 302
464 302
464 293
465 477
465 56
466 33
466 684
466 357
466 331
466 350
466 50
467 109
468 856
469 215
469 483
469 487
469 530
470 286
470 19
471 82
472 771
472 294
472 402
472 385
472 250
472 120
472 185
472 496
472 567
472 255
472 49
472 928
473 268
474 98
474 943
474 519
474 514
474 664
474 509
474 492
474 9
474 48
474 971
474 485
474 47
474 655
474 150
474 527
476 343
476 792
476 430
476 239
478 762
478 98
479 198
480 166
480 705
481 430
481 663
481 190
483 109
483 258
484 216
484 625
484 121
484 1
484 135
486 813
486 6
486 303
486 1226
486 100
486 1598
487 55
487 191
487 672
487 273
488 434
488 111
488 633
488 97
488 98
488 662
488 328
489 1612
489 333
489 327
489 539
493 273
493 300
493 65
494 107
495 413
495 1079
495 581
495 96
496 528
496 190
497 393
497 249
497 943
497 3
497 82
498 337
498 64
498 652
499 750
500 117
500 250
500 845
500 471
500 70
500 69
500 735
500 7
501 405
501 952
501 121
501 1067
501 922
501 129
501 93
503 694
503 387
503 714
503 241
503 277
503 25
503 213
504 4
504 161
504 660
504 28
504 729
504 414
504 503
504 195
504 382
504 132
504 357
504 1050
504 928
504 98
504 581
505 591
506 200
506 55
506 710
506 172
506 470
506 328
506 380
506 199
507 306
507 690
507 147
507 288
508 179
508 150
508 357
511 895
514 210
514 746
514 188
514 172
514 609
514 58
514 48
514 11
514 4
515 300
517 127
518 847
518 1011
518 129
518 696
519 887
519 266
521 1022
522 173
522 23
522 510
522 100
523 435
523 181
523 407
523 533
523 1
523 9
523 954
524 291
524 265
524 568
524 69
524 221
524 483
524 467
524 132
524 39
524 823
524 528
524 514
525 1315
526 293
526 508
526 7
527 279
527 144
527 283
527 96
527 647
527 496
528 239
529 321
529 873
529 328
530 88
530 328
530 191
530 607
531 990
532 1016
532 300
532 12
532 619
532 588
532 295
532 302
532 70
532 203
533 313
533 1142
533 684
533 333
533 676
533 294
533 28
534 619
534 742
535 213
535 792
535 604
535 60
535 1166
535 962
536 213
536 95
536 204
536 174
537 919
537 431
537 475
537 56
537 203
537 302
537 527
538 195
538 174
538 188
538 187
539 286
539 956
540 250
540 455
540 276
540 293
540 117
541 258
541 50
541 924
541 90
542 1059
542 418
543 200
543 102
543 1194
543 936
545 684
545 95
545 742
545 31
546 436
546 5
546 717
546 7
546 898
547 313
547 328
548 443
548 203
548 882
548 751
548 762
548 255
548 117
548 1025
549 181
551 144
551 291
551 193
551 684
551 636
551 332
551 448
551 183
551 168
551 779
551 202
551 215
552 1014
553 132
553 98
553 191
554 692
554 209
555 248
555 269
555 89
555 318
557 298
558 286
559 199
561 492
561 176
562 174
562 98
562 88
563 181
566 511
566 83
566 411
566 166
566 378
567 607
567 59
567 479
568 509
568 134
569 1197
569 124
569 291
573 275
573 69
573 523
573 258
574 316
577 191
577 64
577 161
577 63
577 96
577 100
577 22
577 684
578 313
579 66
580 294
582 1215
584 423
585 1005
586 939
586 806
586 181
587 262
587 304
588 553
588 354
588 588
588 50
589 895
590 19
590 150
591 382
591 740
591 191
592 900
592 248
592 23
592 134
592 847
592 482
592 854
592 282
592 742
592 298
592 479
592 150
592 1073
592 971
592 589
593 50
593 162
593 241
593 286
593 173
593 143
593 71
594 100
595 475
595 111
597 50
597 235
598 308
600 22
600 399
600 82
601 201
602 257
602 9
603 313
603 22
604 7
604 448
605 223
605 153
605 275
605 408
606 215
606 11
606 939
606 98
606 48
606 660
606 713
606 50
606 806
606 202
607 137
607 483
608 673
610 568
610 133
610 28
610 318
610 313
611 300
611 307
611 268
613 258
615 1065
615 1192
615 48
615 197
615 521
615 475
615 26
616 1313
618 506
618 28
618 88
618 1039
619 684
619 188
619 79
619 117
620 740
620 969
621 249
621 4
621 53
621 117
621 879
621 432
622 298
622 50
622 434
623 216
623 659
624 14
624 305
624 293
625 188
625 428
625 169
627 541
627 1194
627 199
627 649
627 735
628 332
628 938
629 202
629 435
629 504
629 69
629 23
629 416
630 126
630 1023
630 118
630 222
632 201
632 470
632 191
635 327
635 262
639 511
639 487
640 566
640 210
641 1039
641 511
641 209
642 465
642 1469
642 21
642 485
642 1152
642 51
643 172
645 488
647 73
647 255
647 568
648 384
648 98
648 576
648 825
648 72
648 111
649 15
649 24
649 471
649 257
649 50
650 153
650 427
650 181
650 222
650 118
650 143
650 132
650 204
653 746
653 200
654 845
654 257
654 332
654 300
654 12
655 483
655 298
658 98
658 960
658 22
659 739
659 272
659 76
659 387
659 64
660 208
661 8
661 443
661 174
663 1327
663 619
663 330
663 31
663 181
664 14
664 479
664 56
664 175
664 197
664 516
665 255
665 125
665 1028
665 319
665 127
665 535
666 518
666 173
666 132
666 529
666 607
666 302
666 32
666 134
667 275
667 98
669 111
669 490
669 310
669 114
670 479
670 485
671 546
671 234
672 321
673 327
673 272
674 181
675 86
676 173
676 100
676 222
677 475
677 245
678 7
679 291
679 222
679 527
679 56
680 195
680 98
681 990
682 195
682 117
682 318
682 201
682 763
682 1074
682 215
682 7
682 1039
682 325
684 111
684 742
686 654
686 234
688 678
688 359
688 329
690 234
691 227
693 685
693 159
693 272
693 662
694 614
694 202
694 50
694 492
694 1203
694 187
694 210
694 519
695 260
695 270
695 991
697 343
697 302
697 689
697 326
698 705
698 195
699 117
699 544
700 144
700 318
701 316
701 285
703 288
705 265
705 282
705 64
706 471
707 1642
707 736
707 718
707 208
707 160
707 283
708 281
708 147
708 313
709 441
710 346
710 1101
710 185
710 172
710 286
710 265
710 496
711 340
711 213
711 8
711 959
711 432
712 63
712 739
712 734
712 622
714 3
715 298
715 655
715 216
715 11
715 1
716 185
716 134
716 11
716 479
716 143
716 504
716 387
717 591
718 546
718 284
719 620
719 223
720 995
721 735
722 118
722 696
725 258
726 832
727 248
727 208
727 211
727 246
727 161
727 163
727 96
729 362
730 294
731 1503
731 1039
734 50
734 204
735 124
736 296
737 100
737 171
738 82
738 230
738 28
738 172
738 408
738 128
739 359
739 301
741 313
741 194
742 475
744 302
746 96
746 184
746 210
747 93
747 949
747 524
747 91
747 313
747 135
747 134
747 1497
748 56
748 195
748 186
749 144
749 527
749 526
749 216
749 134
749 951
749 300
749 94
749 205
749 484
749 1041
749 135
749 15
749 194
751 738
751 434
751 394
751 494
751 588
751 99
751 144
751 100
751 213
752 748
752 904
753 98
754 477
754 293
755 269
756 111
757 173
757 403
757 250
757 895
757 257
758 288
758 331
758 902
758 53
758 1022
758 509
758 79
758 896
758 425
758 489
758 571
758 313
758 742
758 479
758 292
758 185
758 302
759 222
761 237
762 270
763 382
763 153
764 282
764 71
764 692
766 212
766 173
766 50
766 178
767 300
767 242
767 483
767 222
768 65
770 295
771 15
771 111
771 216
771 283
772 313
773 14
773 64
773 50
773 191
773 61
774 183
774 193
775 345
775 333
776 588
776 514
777 818
777 690
779 235
779 1
780 275
781 205
781 174
782 682
783 260
785 301
786 203
786 504
788 651
788 627
788 1126
790 211
790 210
790 203
790 1119
791 304
793 288
795 234
796 611
796 685
796 1041
796 282
796 271
796 606
796 95
797 50
798 258
798 265
798 274
798 283
798 1
798 805
798 1283
798 88
799 286
800 181
801 268
802 264
802 201
802 183
803 286
804 982
804 657
804 239
804 210
804 748
804 603
804 216
804 413
804 193
805 1101
805 269
805 477
805 679
805 396
805 1149
805 664
805 382
806 1
806 12
807 748
807 380
807 757
807 2
807 227
807 526
807 118
807 228
808 872
812 294
812 326
815 494
815 71
815 524
815 1
815 588
815 96
815 529
815 200
815 837
815 132
815 318
817 222
817 1
818 288
820 343
823 274
824 259
824 322
825 926
825 174
825 979
826 271
826 435
826 39
826 1219
826 403
828 1646
828 346
828 286
829 222
829 268
830 612
830 210
830 633
830 310
833 235
833 198
833 100
833 151
833 340
833 218
833 673
833 526
833 156
834 272
834 326
834 127
835 488
835 183
835 1063
836 523
836 657
837 20
837 274
838 302
838 124
838 60
838 127
840 180
840 631
840 653
840 272
840 845
843 183
843 135
844 2
845 242
846 1041
846 91
846 269
846 132
846 1118
846 612
846 1050
846 66
846 172
846 1035
846 178
846 485
846 474
846 357
846 265
846 768
846 185
847 652
847 151
847 476
848 121
848 82
848 514
850 28
850 228
850 584
851 23
851 303
851 64
851 1280
851 174
852 259
854 223
854 514
854 191
854 297
854 14
854 100
854 709
854 8
854 188
858 286
859 1061
861 275
861 937
862 61
862 174
862 79
862 265
862 919
862 143
862 651
862 215
862 483
862 121
862 742
863 288
863 361
863 346
864 568
864 125
864 511
864 596
864 443
864 195
864 401
864 805
864 423
864 223
864 483
864 197
865 169
865 847
867 9
867 295
867 22
867 56
868 50
868 136
869 1014
869 237
870 793
870 185
870 505
870 480
870 182
870 28
870 6
870 582
870 9
870 477
871 187
872 118
872 476
872 895
874 357
874 302
875 474
875 169
877 1402
877 56
877 739
877 727
878 515
878 462
879 121
879 1
880 356
880 218
880 177
880 268
880 156
880 181
880 87
881 393
881 180
881 423
881 405
881 51
881 654
881 580
881 13
882 28
882 290
882 692
882 748
882 568
882 79
882 181
882 204
882 409
882 95
882 423
883 285
883 204
883 88
883 647
883 514
883 202
884 14
885 318
885 418
885 71
885 405
886 357
886 186
886 655
886 101
886 81
886 1217
886 55
886 518
886 631
887 473
887 38
887 122
887 1028
887 432
887 1120
887 140
887 69
888 69
889 431
889 657
889 497
889 180
889 498
889 381
890 324
891 282
892 136
892 227
892 5
892 273
892 173
892 175
892 477
893 240
894 1005
894 535
894 345
894 471
894 922
894 61
894 702
894 1142
895 1
896 234
896 136
896 588
896 195
896 22
896 420
896 317
897 136
897 673
897 203
899 174
899 216
899 157
900 100
901 662
901 1620
901 932
901 1041
902 480
903 46
903 192
903 12
903 81
904 288
904 451
906 283
907 763
907 185
907 520
907 287
907 258
907 764
908 483
908 56
908 223
909 707
909 14
910 50
911 478
914 778
916 708
916 154
916 217
916 650
917 287
917 248
918 190
918 83
918 428
918 659
918 923
918 1065
919 100
919 14
919 282
919 660
919 676
922 143
923 340
923 1017
923 455
923 181
923 248
923 325
924 705
924 153
924 195
924 923
924 174
925 323
926 269
927 404
927 222
927 756
931 272
931 315
932 607
932 613
932 491
932 357
932 646
932 435
932 514
932 482
932 178
933 182
933 357
933 193
933 435
934 674
934 661
934 755
934 435
934 174
935 127
935 815
936 1241
936 1007
936 275
936 340
936 1368
936 813
936 124
936 1323
940 209
940 285
940 173
940 855
941 294
941 475
942 174
942 79
942 215
942 500
942 234
942 200
943 403
943 717
943 2
943 69
4 11
9 6
10 180
11 659
14 474
25 257
65 194
88 690
103 96
126 302
140 319
144 471
146 1294
162 121
169 133
171 292
175 133
183 227
187 83
197 526
218 269
224 196
230 168
237 485
243 778
247 50
279 1288
305 856
322 12
330 66
346 291
351 310
381 514
389 488
399 140
400 269
409 433
410 272
414 433
426 50
433 194
434 476
437 736
438 321
460 1142
468 435
478 168
479 213
494 707
495 157
507 345
510 292
515 315
525 257
545 265
547 316
549 1
564 313
573 178
577 194
579 194
580 121
583 663
591 196
603 12
616 879
617 644
653 1
656 347
677 1245
683 132
689 50
699 283
703 926
717 50
724 332
727 692
746 68
761 840
787 310
796 89
797 257
801 326
811 892
812 682
817 129
839 455
847 1137
857 116
881 176
898 324
906 100
910 56
911 163
913 216
918 704
920 347
924 701
