6
16
35
43
67
78
72
85
106
107
113
139
138
142
145
149
162
253
259
266
264
312
339
337
336
348
335
330
329
373
372
375
370
352
360
363
415
413
395
394
397
390
388
440
441
422
464
450
503
491
549
555
560
533
534
541
543
542
614
618
616
620
621
635
576
579
585
586
592
686
683
674
672
703
698
648
668
662
658
738
740
760
754
752
758
712
717
719
718
731
733
722
723
821
818
829
828
824
804
809
785
796
773
768
783
778
881
885
888
865
872
873
877
850
856
835
843
840
956
958
952
954
951
944
938
929
931
930
927
920
916
909
908
905
903
902
1018
1010
1006
997
998
984
988
982
975
972
967
964
1103
1097
1093
1089
1091
1113
1115
1110
1107
1135
1132
1126
1124
1125
1149
1148
1147
1141
1033
1037
1026
1029
1030
1048
1051
1054
1040
1042
1067
1057
1060
1081
1084
1237
1233
1244
1242
1253
1252
1269
1266
