6
16
38
40
46
54
74
110
105
112
120
138
130
145
167
165
224
243
279
278
264
309
341
336
348
329
373
358
353
355
365
360
361
412
413
401
392
399
398
396
391
444
426
468
460
453
450
503
551
547
555
553
563
575
569
541
536
611
618
616
617
620
625
635
637
579
580
581
583
587
589
592
595
686
681
675
674
700
698
695
649
644
670
665
745
743
760
761
767
765
716
719
718
708
728
729
730
722
726
727
819
829
800
802
809
787
786
793
792
774
775
773
883
885
884
890
894
869
873
876
877
878
851
849
854
856
863
834
843
955
949
947
943
938
930
926
927
921
916
917
903
1018
1020
1022
1011
1000
1005
995
984
985
979
962
961
960
965
1100
1102
1097
1089
1091
1116
1119
1118
1115
1111
1105
1135
1128
1125
1120
1121
1149
1138
1136
1030
1048
1051
1050
1052
1044
1047
1046
1067
1064
1056
1062
