17
26
36
43
52
76
78
84
80
110
107
105
119
112
122
139
158
159
149
225
253
244
279
278
259
266
264
308
312
337
351
350
349
335
330
329
373
372
369
368
371
370
358
352
366
361
363
415
400
395
387
386
390
454
453
450
557
565
562
560
575
573
572
522
533
535
534
543
536
608
609
623
627
638
577
585
586
587
687
681
680
675
701
696
697
658
749
738
737
760
761
766
757
704
708
731
722
723
726
816
818
829
805
814
808
791
785
798
797
796
795
775
772
773
770
771
768
769
782
783
780
883
882
884
886
890
892
864
868
869
878
849
848
863
862
834
837
843
840
958
953
954
948
950
944
945
947
936
932
934
926
925
921
916
914
915
908
906
905
904
903
900
1018
1022
1006
995
996
991
989
979
977
975
974
962
960
967
1093
1094
1095
1090
1118
1110
1107
1135
1132
1133
1128
1129
1124
1125
1120
1148
