1 157
1 25
1 45
1 81
1 187
1 229
1 190
1 64
1 144
2 282
4 361
5 382
5 169
5 1
6 100
6 462
6 519
6 525
6 195
6 269
7 561
7 174
7 199
7 203
7 133
7 214
7 121
7 471
7 582
7 27
7 429
7 566
7 481
7 379
8 177
8 258
8 227
9 201
10 606
10 85
10 289
10 100
10 124
10 498
10 493
10 176
10 197
11 291
11 549
11 508
11 744
11 213
11 527
11 746
12 300
13 72
13 867
13 483
13 874
13 264
13 655
13 566
13 823
13 61
13 58
13 347
13 234
13 12
13 519
13 144
14 213
14 23
14 276
15 300
15 744
15 685
16 92
16 51
16 482
16 134
16 642
18 52
18 197
18 493
18 474
18 317
18 182
18 285
18 175
18 515
19 887
19 8
21 200
21 844
21 326
21 98
22 258
22 173
22 230
22 202
22 455
22 172
23 275
23 98
23 171
23 380
24 64
25 116
25 125
25 25
25 968
25 238
25 729
25 228
25 615
26 750
26 125
28 448
28 380
29 259
29 306
29 294
30 181
31 302
31 175
32 7
32 268
32 313
33 313
34 690
37 27
37 79
38 418
38 118
38 501
38 465
38 673
38 433
38 627
39 270
41 205
41 514
42 132
42 73
42 203
42 125
43 336
43 169
43 699
43 403
43 729
43 189
43 121
43 64
43 367
44 318
44 294
44 433
44 222
44 196
44 173
44 50
45 845
45 952
46 50
47 321
48 172
48 423
48 483
49 628
49 98
50 544
50 1008
51 50
52 95
52 7
53 546
54 50
54 272
54 258
55 89
56 176
56 234
56 195
56 392
57 64
57 79
57 318
57 199
57 717
57 763
58 98
58 171
58 491
58 61
58 568
58 12
58 249
58 127
58 425
58 100
59 620
59 709
59 4
59 77
59 357
59 226
59 132
59 616
59 61
59 65
59 928
59 953
59 176
59 118
59 474
59 179
59 566
59 649
60 506
60 1124
60 79
60 166
60 479
60 393
60 493
60 237
62 699
62 380
62 475
62 100
64 132
64 95
64 181
64 684
64 475
64 79
64 111
64 179
64 160
64 154
64 496
65 435
66 181
67 405
68 127
68 275
68 288
69 79
70 83
70 143
72 58
72 568
72 471
72 28
72 528
72 135
72 79
72 526
73 518
74 313
74 328
75 111
75 477
75 410
76 182
76 6
76 531
76 175
76 851
79 311
80 58
80 886
82 519
82 191
83 356
83 1016
83 566
84 276
84 528
85 182
85 174
85 1172
85 143
85 480
85 69
85 483
85 661
87 63
87 523
87 411
87 783
88 308
88 898
89 107
89 197
90 606
90 347
90 153
90 306
90 602
90 11
90 211
90 811
90 923
91 174
91 435
91 479
91 327
91 423
92 180
92 947
92 239
92 157
92 13
92 425
92 51
94 208
94 372
94 223
94 432
94 235
94 157
94 525
94 636
94 584
94 824
94 343
94 684
94 356
94 274
95 170
95 51
95 196
95 649
95 175
95 14
95 117
97 663
97 50
97 435
97 32
99 232
99 473
101 546
104 270
106 64
106 69
107 312
109 229
109 174
109 191
109 295
109 183
109 164
109 94
109 1014
109 7
109 176
111 286
111 315
112 245
113 258
114 98
115 508
115 443
115 79
115 1008
115 302
116 289
118 185
119 568
119 451
119 181
119 762
120 9
121 428
121 1266
121 25
122 1113
123 22
123 14
123 185
123 482
125 478
125 270
125 1
128 568
128 237
128 180
128 168
128 790
128 692
128 508
130 531
130 418
130 226
130 427
130 410
130 39
130 267
130 132
130 298
130 326
130 50
130 751
131 286
134 539
136 258
136 269
137 405
137 121
138 1
138 617
138 137
138 185
141 222
141 298
142 268
143 307
144 32
144 393
144 19
144 187
144 55
145 238
145 352
145 1025
145 268
145 89
145 346
145 327
145 566
145 96
145 1011
145 79
145 447
146 262
146 1293
148 529
150 273
151 154
151 274
151 614
151 387
151 1070
151 657
151 792
151 474
151 174
151 499
151 1
152 161
152 313
152 155
152 699
152 22
152 111
154 484
157 127
157 283
158 50
158 302
158 8
158 79
158 651
158 659
158 39
159 871
160 302
160 288
160 93
160 1019
160 1223
160 135
164 9
164 825
164 323
165 651
165 174
165 419
166 323
167 8
167 96
168 819
168 291
168 744
169 301
169 211
170 984
173 331
173 329
173 305
173 303
173 327
173 319
174 244
174 1053
174 716
174 347
174 147
174 949
175 661
176 50
177 642
177 1218
178 183
178 123
178 248
178 144
178 568
178 50
178 73
178 354
178 724
178 96
178 731
179 905
180 56
182 178
182 111
183 720
184 197
184 287
184 508
184 1008
184 50
185 423
186 159
186 550
186 55
186 689
187 428
188 717
188 96
188 7
188 357
188 88
189 520
189 582
189 647
189 172
189 28
189 134
189 485
189 165
189 143
190 326
191 316
192 127
193 300
194 223
194 527
194 64
194 56
194 496
194 218
194 663
195 271
195 451
197 258
197 347
197 510
198 258
200 892
200 69
200 276
200 176
200 447
200 802
200 552
200 62
201 127
201 288
201 86
201 183
201 271
201 302
201 156
201 1245
206 346
207 435
207 269
207 508
207 1197
207 242
207 133
208 514
208 393
209 251
209 293
210 25
210 302
210 79
210 97
210 419
210 176
213 284
213 144
213 213
213 273
213 164
213 924
213 173
213 200
213 187
214 137
214 302
214 483
214 7
215 227
215 1039
215 313
216 215
216 184
216 134
217 761
219 303
220 301
221 721
222 449
222 66
222 117
222 195
222 300
222 216
222 1011
222 72
222 28
223 143
225 705
225 566
225 215
225 606
225 480
227 1007
227 1143
228 427
230 172
230 64
230 204
230 185
230 186
230 496
231 252
232 166
232 921
232 56
232 98
232 191
232 32
233 127
233 98
233 204
233 23
233 318
234 183
234 165
234 23
235 285
235 684
236 9
236 591
236 318
237 513
237 58
237 169
238 111
238 405
239 210
239 650
239 531
239 221
239 276
239 705
239 168
240 288
243 157
243 387
244 26
244 209
244 357
244 13
244 521
244 72
244 772
244 721
245 50
246 151
247 269
249 1
249 212
249 603
249 844
249 31
249 147
250 943
250 293
250 1073
250 202
250 56
250 95
253 566
253 216
253 190
253 427
253 483
254 181
254 28
254 140
254 1443
254 210
256 487
256 31
256 9
256 783
257 1010
260 270
261 892
261 294
262 709
263 496
263 127
263 486
263 498
264 194
264 702
264 25
264 184
265 258
266 313
266 275
267 157
267 69
267 780
267 470
267 202
267 128
267 188
267 732
268 173
268 483
268 479
268 655
268 525
269 1428
269 514
270 155
270 665
270 370
270 288
270 943
270 603
270 286
271 44
271 530
271 211
271 22
271 269
271 705
271 603
271 196
271 192
271 204
271 313
271 506
272 288
272 604
274 211
274 1051
275 98
275 176
275 228
276 301
276 750
276 141
276 222
276 628
276 1098
276 578
276 1170
276 732
276 588
276 558
277 111
278 315
279 465
279 238
279 469
279 407
279 109
279 224
279 169
279 363
279 841
279 269
279 578
280 499
280 544
280 7
280 1459
280 53
280 167
280 431
280 216
281 310
283 56
283 845
283 91
286 174
286 123
286 709
286 153
286 1194
286 1133
286 258
286 167
286 537
286 57
286 348
286 1504
287 11
287 257
288 286
288 182
290 176
290 419
290 22
291 79
291 820
291 384
291 214
291 234
291 144
291 53
291 290
291 780
291 403
291 249
291 212
291 1073
291 1178
291 550
291 9
291 670
291 117
291 582
291 64
292 789
292 117
292 28
292 657
293 528
293 1147
293 653
294 79
295 157
295 154
295 68
295 39
295 465
295 153
296 469
296 144
296 282
296 301
296 9
296 269
297 480
297 258
297 114
297 475
297 20
297 117
297 298
298 430
298 474
298 514
299 174
299 127
299 154
299 50
299 811
299 742
300 876
300 243
301 576
301 673
301 222
301 99
301 204
301 203
301 154
301 76
301 546
301 426
301 237
301 288
301 568
301 323
301 559
301 17
303 176
303 153
303 170
303 200
303 792
303 9
303 56
303 762
303 143
303 41
303 181
303 187
304 278
305 165
305 42
305 269
305 168
307 433
307 209
307 197
307 222
308 23
308 82
308 211
308 811
308 74
308 611
308 679
308 653
308 143
308 44
308 487
308 191
308 204
309 879
310 24
311 194
311 28
311 480
311 69
311 495
312 507
312 515
312 813
312 178
312 23
312 481
312 604
312 71
313 632
313 624
313 546
313 657
313 144
313 181
313 118
313 482
314 934
314 819
314 932
314 1210
314 125
314 155
314 9
314 282
314 1032
314 1145
315 520
315 792
315 4
315 13
315 154
315 178
316 521
316 213
316 97
316 531
318 318
318 58
318 722
318 12
320 403
320 129
320 1081
321 8
321 479
321 153
322 92
322 507
322 318
322 603
323 763
323 479
323 144
324 255
324 294
324 298
324 879
324 872
325 50
325 175
326 196
326 659
326 648
326 199
326 655
326 616
326 603
326 181
326 675
327 419
327 23
327 268
327 497
327 1007
327 1097
327 197
327 131
327 176
327 447
328 1112
328 357
328 127
330 185
330 118
330 255
330 71
330 143
330 864
330 660
331 81
331 958
331 180
332 293
332 240
332 350
332 229
332 50
332 234
332 550
332 284
333 153
334 525
334 22
334 230
334 134
334 346
334 515
334 1202
334 1137
334 481
334 582
334 902
334 257
334 58
334 179
334 98
334 969
335 271
337 1016
338 708
338 133
338 269
339 488
339 528
339 522
340 205
340 196
342 286
342 152
342 818
342 144
343 980
343 231
343 1194
343 724
343 655
343 747
343 405
343 187
343 235
343 427
343 462
343 127
343 297
344 202
344 408
344 316
345 258
345 284
345 317
345 1117
346 172
346 89
347 230
347 550
347 977
347 180
347 79
347 69
347 627
348 1028
351 990
354 154
354 60
354 297
354 186
354 57
354 10
354 181
356 307
357 455
358 114
359 286
359 117
359 273
360 187
360 269
360 936
360 170
360 197
361 47
361 70
361 12
362 332
362 245
363 55
363 11
363 408
363 172
363 169
363 65
365 1017
365 25
366 436
367 185
367 331
369 271
370 480
370 427
370 52
371 22
371 174
371 24
372 559
372 872
373 99
373 64
373 186
373 259
373 95
373 496
373 24
373 68
373 684
374 405
374 193
374 385
375 185
376 427
377 354
378 167
378 257
378 420
378 447
378 509
378 207
378 133
378 693
378 273
379 50
379 153
379 843
380 654
380 480
381 83
381 178
381 150
382 1534
382 197
382 531
383 268
383 315
383 464
383 479
385 616
385 661
385 650
385 408
385 504
385 189
385 1008
385 1252
387 8
387 182
387 203
387 127
387 381
387 1008
387 48
387 1012
388 678
388 559
389 502
389 481
389 1203
389 204
389 491
390 989
392 316
392 872
393 203
393 471
393 684
393 939
393 399
393 398
393 756
393 659
394 4
394 62
394 156
394 742
394 109
394 403
395 100
395 186
395 210
395 154
395 365
397 615
397 498
397 479
397 174
397 12
397 657
398 172
398 208
398 66
398 228
398 1126
398 429
399 364
399 566
399 98
402 111
402 257
403 291
403 288
405 47
405 1044
405 794
405 954
405 447
405 735
406 121
406 469
406 435
406 589
406 1008
406 709
407 657
407 257
407 710
407 134
409 97
409 154
409 511
409 14
409 98
409 61
412 684
413 270
414 270
415 480
415 56
416 215
416 287
416 686
416 633
416 873
416 217
416 70
416 895
416 378
416 147
416 310
416 1011
416 929
416 107
417 1016
417 774
417 518
417 1000
417 286
417 214
418 333
419 79
420 283
420 319
421 98
422 333
422 258
422 396
422 447
424 840
425 301
426 705
426 427
426 661
426 663
428 538
429 404
429 162
429 150
429 86
429 163
430 528
430 318
430 98
432 293
432 150
433 303
435 219
435 746
435 578
435 250
436 423
436 65
436 327
437 511
437 421
437 969
437 137
437 497
438 148
440 1073
442 635
444 251
445 902
447 258
447 133
447 282
447 288
448 345
449 702
449 753
450 1263
450 178
450 144
450 443
450 490
450 11
450 12
450 496
450 229
450 1435
450 749
450 478
450 521
450 499
450 322
450 347
450 476
450 663
450 606
450 495
451 336
451 300
451 322
452 136
452 609
452 659
452 171
452 275
452 513
452 48
452 45
452 483
453 144
453 496
454 204
454 1063
454 87
455 135
455 402
455 200
456 506
456 187
456 427
456 1328
456 747
456 289
456 3
456 546
457 229
457 182
457 12
457 428
457 214
457 287
457 77
457 230
457 632
457 1221
458 100
458 124
458 631
458 204
458 469
458 23
459 125
459 259
459 523
460 313
462 310
463 126
463 257
463 887
464 332
464 270
464 292
465 257
466 546
466 899
466 181
466 232
466 995
467 273
468 662
468 692
468 285
468 724
468 9
468 283
472 1119
472 443
472 477
472 257
472 472
472 64
472 227
472 405
472 549
472 370
472 29
472 101
472 132
474 179
474 490
474 111
474 173
474 221
474 511
474 601
474 692
474 64
474 22
474 467
474 171
474 121
474 50
475 50
476 186
476 202
477 846
477 553
477 90
478 65
479 483
479 153
479 500
479 282
479 183
479 640
479 304
479 510
479 602
479 211
480 302
480 100
480 661
482 748
483 274
484 94
484 98
484 82
484 176
484 141
486 124
486 302
486 1405
486 823
486 288
487 181
487 501
487 802
487 136
487 955
487 1410
487 188
487 789
488 15
488 222
488 692
488 612
488 89
488 64
488 208
488 429
489 752
489 682
490 741
490 475
490 50
491 258
491 45
493 338
493 528
493 746
493 693
493 181
494 845
495 1046
495 379
495 181
495 127
495 1119
495 174
495 1469
496 22
496 191
497 584
497 177
497 101
497 240
497 741
497 164
497 114
497 475
498 50
498 238
498 135
498 61
499 651
499 87
499 429
499 530
500 168
500 559
500 13
500 289
500 235
500 179
500 1069
501 13
501 1007
503 234
503 318
503 561
503 83
503 707
504 631
504 295
504 404
504 476
504 216
504 1004
504 77
504 292
505 95
505 588
506 58
506 399
506 755
506 607
506 222
506 204
506 576
507 751
507 750
507 343
508 528
508 188
508 154
508 1153
514 729
514 283
514 392
516 191
517 740
518 117
518 685
519 1280
521 258
521 186
521 127
522 192
523 582
523 166
523 1036
523 934
524 702
524 436
524 238
524 474
524 481
524 1093
524 530
524 32
526 272
527 511
527 203
528 204
529 260
531 323
532 118
532 155
532 1210
532 425
532 186
532 277
532 95
532 1594
532 216
532 298
532 151
532 482
532 684
532 925
532 136
533 70
533 181
533 496
533 1
533 64
533 508
533 65
533 43
534 109
534 825
535 211
535 190
536 402
536 82
536 486
536 117
536 389
537 209
537 10
537 514
537 86
537 508
538 153
538 211
539 610
540 258
540 111
540 332
541 79
541 756
542 318
542 396
542 411
543 174
543 474
543 1014
545 227
545 257
546 769
546 236
548 293
548 515
548 273
549 118
551 12
551 11
551 64
551 554
551 216
551 234
551 200
551 147
551 651
551 162
551 1267
551 62
551 229
553 589
553 607
553 199
553 50
553 524
553 482
554 70
554 275
555 111
555 50
556 427
556 127
557 289
560 89
560 181
560 847
561 199
561 652
561 200
561 173
561 185
562 435
563 172
563 210
563 566
565 213
565 639
566 137
566 1005
566 631
566 705
566 133
567 606
567 679
567 517
567 173
567 433
567 636
567 513
568 604
569 50
569 473
569 19
575 427
577 1209
577 941
577 662
577 727
577 1046
577 121
577 409
579 288
580 866
580 271
582 919
583 357
585 1488
585 60
585 1623
585 510
586 121
586 51
586 780
586 720
586 1042
588 433
588 51
588 286
588 393
588 742
590 116
591 487
591 921
591 603
591 1111
591 615
592 534
592 202
592 345
592 875
592 750
592 763
592 168
592 198
592 705
592 93
592 521
592 288
592 350
592 124
592 686
592 1011
592 197
592 50
592 178
593 174
593 200
593 77
593 402
593 98
593 26
593 126
594 221
595 864
597 477
598 323
600 684
601 496
601 419
601 241
603 250
604 234
605 526
605 15
606 692
606 99
606 472
606 156
606 1518
608 42
608 185
610 272
615 462
615 275
615 423
615 526
615 208
615 211
616 316
616 292
617 675
617 480
618 82
618 432
618 200
618 496
618 182
618 507
619 27
619 183
619 226
620 95
620 946
620 755
620 268
621 241
621 735
621 79
621 561
621 172
622 763
622 175
622 581
622 62
622 9
622 157
623 66
624 181
624 471
625 479
625 135
625 198
625 97
627 9
627 526
627 195
627 53
627 797
627 39
628 333
629 117
629 463
632 71
633 94
633 234
634 471
634 597
634 924
636 222
636 258
637 408
638 265
638 168
639 923
639 19
639 488
640 550
640 85
640 952
640 239
640 195
641 558
642 447
642 527
642 1285
642 944
642 568
642 125
642 407
642 400
642 790
643 111
643 114
643 447
643 197
643 176
643 94
644 1620
644 823
645 664
645 209
645 59
646 272
647 405
647 147
647 22
647 427
648 216
648 393
648 193
648 403
648 265
648 1050
648 252
648 22
648 184
650 483
650 1110
650 196
650 663
650 272
650 630
653 100
653 310
653 28
653 511
654 216
654 174
654 95
654 660
654 418
655 651
655 610
655 200
655 517
655 896
657 286
657 294
657 340
658 488
658 171
658 429
659 127
659 212
659 1119
659 603
659 134
659 526
659 483
660 209
660 313
661 531
661 95
661 179
661 69
661 50
661 527
661 189
662 275
663 183
663 652
663 96
663 895
664 173
664 83
664 223
664 209
665 186
665 172
665 15
665 418
665 427
665 411
665 65
666 855
666 192
666 657
666 187
666 489
666 527
666 98
666 651
667 9
667 315
667 357
668 82
669 313
669 187
669 340
669 175
669 515
669 480
669 82
669 511
669 132
670 606
671 62
671 576
672 476
672 275
674 866
675 303
675 874
676 892
677 294
677 222
677 323
678 515
679 748
679 196
679 154
679 173
680 286
682 73
682 722
682 423
682 79
682 655
683 513
683 289
684 553
684 204
684 732
686 480
689 258
691 650
691 772
692 208
692 100
693 7
693 282
693 143
694 195
694 118
694 143
694 499
694 194
694 1126
694 604
694 127
695 302
695 307
696 310
697 122
697 323
697 123
697 301
698 205
699 70
699 116
699 340
704 480
704 648
705 22
705 29
705 83
707 499
707 705
707 533
707 286
707 467
707 347
707 97
707 660
707 648
708 278
708 255
708 763
709 22
709 161
709 1188
710 180
710 174
710 340
711 421
711 427
711 704
712 399
712 83
712 790
712 623
712 181
712 72
712 584
712 762
714 50
715 174
715 288
715 4
715 172
715 50
715 268
715 470
715 588
716 318
716 724
716 293
716 265
716 1050
716 196
716 58
717 222
717 333
717 125
717 328
717 302
719 510
720 262
720 304
721 69
721 161
721 403
721 382
722 121
722 508
723 164
724 329
725 286
727 658
727 69
727 89
728 117
730 1
731 427
731 197
731 196
731 520
733 14
733 1142
733 290
734 143
734 465
735 300
735 475
736 293
737 160
737 127
737 173
737 89
737 180
738 109
738 151
738 69
738 662
738 214
738 250
738 178
738 174
740 242
741 50
741 403
742 508
742 258
745 100
745 515
745 125
747 174
747 792
747 494
747 208
747 558
748 144
748 483
748 173
748 421
748 58
749 969
749 658
749 357
749 1
749 86
751 709
751 209
752 332
753 194
754 276
755 245
755 304
756 155
756 30
757 24
757 679
757 82
758 482
758 895
758 12
758 481
758 153
758 421
758 218
758 685
760 365
762 421
762 173
763 1129
763 135
763 209
763 507
764 496
764 70
764 28
764 289
766 179
766 496
766 414
767 1068
768 288
769 111
770 929
771 237
773 170
773 92
773 175
774 241
774 50
776 91
776 523
776 135
776 483
778 616
778 11
779 275
780 172
781 204
781 403
782 298
782 895
784 323
785 294
785 12
786 89
786 471
787 326
787 348
788 326
788 241
788 132
788 22
788 754
788 89
789 1008
790 7
790 685
790 584
793 1
793 844
794 109
794 238
795 169
796 342
796 1049
796 66
796 333
796 274
796 151
796 77
796 588
796 699
796 121
798 143
798 418
798 705
800 292
800 223
801 300
804 742
804 252
804 227
804 498
804 174
804 1
804 50
804 988
804 226
805 678
805 447
805 827
805 519
805 648
805 922
806 56
806 131
807 222
807 313
807 684
807 554
808 264
810 294
810 902
814 98
815 65
815 528
815 190
815 357
815 631
815 181
815 114
816 313
817 7
819 346
819 182
821 71
823 187
823 173
823 1067
823 239
823 102
823 191
823 732
823 183
823 517
823 503
825 291
825 294
826 181
826 1240
826 748
826 294
828 316
829 475
830 568
830 550
830 402
831 1
831 317
831 181
833 12
833 182
835 216
835 612
835 127
835 393
837 111
838 258
838 114
838 1
840 430
840 7
840 647
840 303
840 501
840 971
840 216
840 132
840 197
840 529
840 503
842 313
843 690
845 269
846 488
846 71
846 87
846 187
846 483
846 526
846 570
846 200
847 1086
848 423
848 1118
848 153
848 164
848 196
849 298
850 566
850 490
851 826
851 483
851 12
851 544
851 336
851 825
851 291
853 678
854 483
854 124
856 286
857 259
859 846
860 312
860 690
860 262
861 1009
861 70
862 24
862 7
862 505
862 187
862 423
863 328
864 466
864 174
864 53
864 15
864 684
864 151
864 25
864 317
864 24
865 302
867 250
867 96
867 524
867 496
868 408
868 135
869 276
869 116
870 425
870 177
870 475
870 657
870 428
870 496
870 647
870 367
871 526
872 121
872 1047
874 137
875 131
876 286
877 70
877 202
878 498
878 57
878 512
878 15
880 728
880 65
880 232
880 619
880 258
880 461
880 746
880 96
880 527
880 111
880 770
881 546
881 227
881 205
881 95
881 447
881 257
882 180
882 7
882 176
883 1118
883 273
883 805
883 882
883 553
884 9
884 462
885 70
885 476
886 67
886 87
886 184
886 693
886 544
886 129
887 151
887 254
887 465
887 109
887 294
889 129
889 12
889 124
889 741
889 182
890 520
890 1149
890 23
890 185
890 1039
891 126
892 663
892 118
892 194
892 423
893 286
893 172
893 531
894 923
894 279
894 221
894 245
894 276
894 690
894 237
896 8
896 97
896 79
896 1
896 216
896 190
896 597
896 705
897 429
897 1028
897 926
897 436
897 925
898 272
899 463
899 209
899 98
899 64
901 476
901 568
901 1120
901 451
902 191
902 1
903 210
903 528
903 1009
903 655
906 740
906 221
906 287
907 278
907 281
907 1167
907 147
907 284
907 596
907 924
907 313
909 339
910 405
911 588
911 174
911 204
911 435
912 1041
912 482
913 228
913 200
913 408
913 741
913 169
913 655
916 88
916 1010
916 172
916 137
916 462
918 855
918 381
918 16
918 382
918 170
919 272
919 28
919 1086
919 218
919 58
920 340
921 392
921 121
921 815
922 89
922 257
922 71
922 153
922 431
923 829
923 257
923 322
923 50
924 496
924 228
924 427
924 1
927 417
927 195
927 421
927 1047
928 276
928 269
929 429
929 205
930 709
930 300
931 312
932 285
932 14
932 657
932 647
932 708
932 745
932 506
932 521
932 1411
932 430
932 185
933 654
934 650
934 705
934 302
934 229
934 83
934 419
936 547
936 268
936 244
936 845
937 303
937 93
937 515
938 50
938 866
938 343
938 823
939 993
940 56
940 316
942 193
943 732
943 426
943 76
1 204
1 191
1 182
1 267
1 253
1 185
1 256
1 192
1 123
1 33
1 154
1 18
2 269
4 260
5 89
5 422
5 434
5 227
5 239
5 396
6 495
6 98
6 304
6 494
7 356
7 265
7 637
7 683
7 659
7 64
7 488
7 653
7 226
7 507
7 393
7 450
7 403
7 423
7 223
8 56
8 568
8 241
10 179
10 709
10 527
11 733
11 312
11 356
12 402
12 82
12 242
13 100
13 292
13 662
13 509
13 50
13 226
13 473
13 806
13 313
13 477
13 71
13 272
13 342
13 13
13 118
13 444
13 736
13 832
14 663
14 473
14 923
14 175
14 56
16 629
16 410
16 98
16 197
16 87
16 151
16 655
16 11
16 237
18 509
18 435
18 8
18 716
18 524
18 965
18 527
18 193
18 516
20 323
20 678
21 127
21 558
21 9
22 80
22 692
22 17
22 840
22 50
23 7
23 427
23 961
24 258
24 318
24 92
25 239
25 23
26 9
26 276
27 370
28 222
28 223
29 269
29 1019
31 611
32 50
32 181
33 751
33 329
34 332
34 310
34 292
37 161
37 22
38 1033
38 423
38 67
38 1036
38 70
38 161
38 82
39 352
39 315
39 302
41 486
42 280
42 172
42 941
42 591
42 216
42 95
42 98
43 354
43 98
43 294
43 124
43 516
43 531
44 660
44 123
44 214
44 176
44 64
44 144
44 15
48 191
48 98
49 208
49 151
49 56
49 386
49 116
49 42
52 111
53 96
54 742
54 181
56 298
56 403
56 161
56 79
56 96
56 31
56 232
57 258
57 471
57 245
57 304
57 281
58 923
58 603
58 246
58 109
58 955
59 81
59 610
59 277
59 134
59 514
59 197
59 385
59 135
59 559
59 562
59 825
59 100
59 188
59 608
59 321
60 511
60 482
60 385
60 405
60 204
60 608
60 659
60 194
61 328
62 511
62 210
62 117
62 875
63 137
63 277
64 588
64 69
64 48
64 1133
65 655
65 778
66 294
67 1095
67 25
68 237
68 117
69 7
69 246
70 300
70 152
70 128
70 82
71 346
72 182
72 382
72 770
72 241
72 1147
72 479
72 77
72 628
73 7
73 156
73 64
74 331
74 100
75 121
75 301
75 864
76 135
77 518
79 763
80 466
81 276
82 99
82 496
83 338
83 393
83 64
84 222
84 1033
84 95
84 282
85 136
85 523
85 660
85 234
85 191
85 124
85 465
87 152
87 111
88 261
89 7
90 162
90 218
90 855
90 954
90 65
90 223
90 1195
90 837
90 1196
90 170
90 972
90 135
90 17
90 613
91 210
92 176
92 9
92 117
92 12
92 631
92 500
92 707
94 49
94 959
94 302
94 1012
94 447
94 215
94 58
94 939
94 248
94 421
94 1007
94 715
94 806
94 470
95 404
95 48
95 683
95 1221
95 399
95 507
95 496
95 83
95 257
96 98
99 369
99 173
99 829
99 11
100 900
103 126
103 487
104 289
104 285
104 50
104 1012
105 288
106 59
106 660
107 340
108 290
109 568
109 111
109 50
109 1028
109 100
110 569
110 566
110 88
111 242
111 340
112 754
112 303
114 197
115 240
115 628
116 127
117 421
117 164
117 1012
117 172
118 135
118 324
118 675
118 132
119 271
119 235
119 546
119 213
119 300
119 121
119 1101
121 1194
122 1044
122 187
123 462
123 197
123 847
124 166
125 95
125 158
125 290
125 945
126 884
127 271
128 367
128 423
128 507
130 597
130 392
130 366
130 272
130 305
130 143
130 246
130 354
130 111
130 589
130 123
130 534
133 750
133 258
135 642
136 204
137 222
137 243
137 1028
137 172
137 385
138 483
138 45
138 211
139 286
140 321
141 294
141 742
141 100
142 333
144 216
144 632
144 98
144 1142
144 125
144 56
144 880
144 411
144 318
144 173
144 197
144 165
144 294
145 159
145 879
145 98
145 117
145 64
145 12
145 752
145 597
145 302
146 311
147 292
147 258
148 70
148 116
150 276
151 213
151 58
151 275
151 132
151 420
151 512
151 162
151 44
151 494
152 80
152 780
154 172
156 100
156 480
157 100
158 293
158 209
158 325
158 168
158 163
158 686
158 576
158 10
158 56
158 177
159 918
159 1221
159 298
159 125
159 272
160 182
162 1019
162 79
162 298
162 943
163 56
163 258
164 685
164 458
164 100
164 258
165 202
166 347
167 1304
167 99
168 866
169 331
169 172
171 887
172 220
173 328
173 268
174 117
174 402
174 371
174 63
174 40
174 272
175 31
176 1012
176 750
177 23
177 175
177 288
177 333
178 51
178 143
178 435
178 157
178 98
178 809
178 735
178 510
178 173
179 914
180 431
184 514
184 642
184 286
184 582
184 1396
184 89
184 182
184 116
184 176
184 210
184 65
184 124
184 707
184 478
185 199
185 50
185 480
185 86
186 300
187 65
187 186
188 474
188 483
188 356
189 197
189 489
189 175
189 204
189 20
190 7
191 315
192 340
192 1160
193 177
193 1078
193 739
194 51
195 591
196 238
197 294
197 79
197 176
198 137
198 526
198 154
198 96
198 183
200 429
200 140
200 265
200 91
200 423
200 11
200 373
200 99
200 94
201 587
201 556
201 213
201 318
201 11
201 655
201 642
203 815
205 315
206 258
207 609
207 211
207 529
207 754
209 16
210 204
210 300
210 15
210 708
210 501
210 70
210 160
212 286
213 64
213 238
213 274
213 154
213 127
213 132
213 170
213 193
213 841
213 603
214 92
214 253
214 462
214 64
215 172
215 234
215 183
215 208
216 7
216 508
216 789
216 238
217 231
217 300
217 233
218 55
219 114
220 300
221 568
222 135
222 22
222 1042
222 689
222 521
222 739
222 228
222 147
222 202
222 173
222 239
222 431
223 1016
224 392
224 193
224 51
225 427
226 180
226 9
226 69
226 408
226 480
226 12
227 411
227 319
228 690
230 304
230 98
230 405
230 69
231 15
233 216
233 633
233 614
234 224
234 495
234 404
234 134
234 191
234 1169
234 1221
234 99
234 1449
234 234
235 193
235 70
235 303
235 1021
235 522
236 520
236 56
237 134
237 211
239 603
239 647
239 1098
239 433
239 488
239 162
243 660
244 1017
244 52
244 9
244 114
244 246
244 1074
244 559
244 66
247 58
247 64
248 156
249 634
249 186
249 13
249 100
250 988
250 496
250 1
250 151
250 418
250 129
250 475
251 281
251 288
251 427
251 300
252 475
253 490
253 132
253 655
253 22
253 96
253 15
253 173
255 147
256 977
256 51
256 243
256 225
256 785
256 288
256 460
256 106
256 1289
256 1109
256 742
256 761
258 313
258 300
259 748
261 259
261 288
262 191
262 179
262 582
262 1220
262 655
263 272
263 97
263 134
263 435
263 646
263 622
263 602
263 316
263 194
263 163
264 173
264 430
264 1118
264 443
264 47
265 328
265 748
266 14
267 53
267 28
267 141
268 404
268 324
268 61
268 4
268 205
269 285
269 657
269 52
269 64
269 527
269 521
269 961
269 856
269 268
270 200
270 558
271 729
271 566
271 238
271 371
271 496
271 663
271 423
271 275
272 183
273 268
273 305
274 276
274 208
275 199
275 28
275 523
275 294
275 222
276 854
276 915
276 411
276 217
276 902
276 346
276 747
276 501
276 942
276 566
276 417
276 347
276 71
276 204
277 9
277 15
279 1093
279 68
279 491
279 117
279 382
279 60
279 105
279 659
279 660
279 429
280 663
280 156
280 566
280 527
280 925
282 343
283 109
284 258
285 269
286 451
286 924
286 101
286 746
286 588
286 196
286 91
286 155
287 340
287 56
287 117
288 258
288 202
288 346
288 276
290 118
290 69
291 404
291 200
291 285
291 1017
291 246
291 741
292 419
292 180
292 844
292 1039
292 492
292 174
292 226
292 100
293 496
293 89
293 462
293 168
293 497
293 272
293 164
293 298
293 198
294 1007
294 298
294 301
294 151
294 340
294 181
295 729
295 204
295 60
295 1039
295 496
295 403
296 181
296 313
296 237
296 114
297 307
297 275
297 22
297 86
297 97
298 523
298 604
299 746
299 955
299 478
299 606
299 408
299 204
299 345
299 86
299 515
299 588
299 509
299 311
299 10
299 498
299 134
300 322
301 219
303 209
303 479
303 137
303 302
303 506
303 134
303 235
303 185
304 298
305 286
305 638
305 285
306 269
306 319
307 527
307 83
307 24
307 1411
308 504
308 480
308 1421
308 428
308 7
308 11
308 423
308 506
308 127
308 463
308 509
308 152
308 475
311 431
311 387
311 348
311 89
311 724
311 630
311 521
311 88
311 213
312 1172
312 89
312 653
312 511
312 269
312 208
312 1203
312 275
313 114
313 225
313 385
313 436
313 625
314 22
314 41
314 66
314 699
314 220
314 94
314 28
315 428
315 327
316 716
316 14
317 245
318 340
318 481
319 333
320 291
320 568
320 431
320 385
320 164
320 148
320 869
320 161
321 19
321 61
321 45
322 258
323 467
323 180
323 50
323 651
324 475
324 285
325 434
325 430
325 1203
326 445
326 318
327 156
327 48
327 288
327 246
327 1075
327 715
327 1098
327 340
327 99
327 92
327 133
327 10
328 750
328 423
328 318
328 56
328 531
328 655
328 569
328 520
329 276
329 515
330 692
330 208
330 99
330 729
330 468
330 418
330 479
331 7
331 32
332 562
332 411
332 451
332 294
332 237
332 693
333 98
334 303
334 887
334 42
334 223
334 316
334 425
334 11
336 173
336 216
336 475
337 392
337 371
337 121
338 174
338 382
338 604
338 792
338 525
338 427
339 32
339 516
339 91
339 404
339 478
339 167
339 511
339 23
339 89
339 180
339 86
339 603
339 200
342 251
342 175
342 216
342 482
342 1128
342 699
343 81
343 708
343 72
343 496
343 147
343 499
344 955
344 208
344 1014
344 568
344 298
345 65
345 724
345 416
345 91
345 305
345 191
345 223
345 313
346 175
346 241
346 64
346 684
347 227
347 410
347 163
347 435
347 222
348 1061
350 195
350 1
350 286
351 311
352 746
352 216
352 183
352 176
354 694
354 344
354 652
354 509
355 1392
355 286
356 1294
357 742
357 10
357 275
357 283
360 511
360 651
360 25
360 654
360 308
361 531
361 100
361 129
361 466
361 276
363 173
363 405
363 511
363 789
363 496
363 372
363 195
365 151
367 406
368 379
370 659
370 443
370 183
371 183
372 448
372 595
372 327
372 326
372 288
373 225
373 213
373 735
373 633
373 645
373 514
374 282
374 872
374 279
374 95
374 182
374 56
375 356
376 197
376 707
376 14
377 316
378 276
378 582
378 234
378 132
378 596
378 79
378 87
378 806
379 286
379 654
379 100
379 729
379 443
379 8
379 28
379 135
379 200
379 151
379 736
379 530
379 433
379 705
379 69
379 157
380 1
381 1115
382 511
383 200
383 321
383 484
383 425
383 517
385 32
385 811
385 1159
385 474
385 160
385 197
385 89
385 961
385 47
385 132
385 430
385 693
387 580
387 854
387 205
387 101
387 227
388 328
388 117
388 258
389 302
389 474
389 132
389 509
390 124
391 174
391 60
391 603
391 22
391 507
392 515
392 127
392 615
393 291
393 415
393 237
393 41
393 62
394 554
394 117
395 750
395 215
396 274
397 273
397 313
397 8
398 95
398 435
398 205
399 393
399 295
399 97
401 204
401 651
401 638
401 318
401 537
401 566
401 483
402 234
402 12
402 1101
405 185
405 5
405 1554
405 99
405 215
406 942
406 56
406 483
406 505
406 23
406 605
406 39
406 825
406 136
406 115
406 154
406 48
406 357
407 238
407 418
407 357
407 228
407 258
408 310
408 1296
408 324
409 303
409 100
409 127
409 89
409 647
410 269
411 655
412 427
412 23
413 276
415 748
416 915
416 966
416 443
416 284
416 732
416 720
416 510
416 526
416 71
416 172
416 154
416 346
416 248
417 465
417 385
417 95
417 176
420 750
421 302
422 273
422 1007
423 340
423 292
424 15
424 427
425 895
425 474
425 340
425 273
425 316
426 481
426 98
426 99
426 491
426 318
427 258
427 989
428 242
428 894
428 1313
428 294
429 55
429 484
429 64
429 265
429 249
429 219
429 845
429 168
429 23
429 427
429 184
429 202
430 129
430 514
430 152
430 297
432 117
432 313
433 137
434 1197
435 211
435 68
435 203
435 190
435 721
435 566
435 1069
435 405
435 710
435 1
435 786
436 928
436 746
436 216
436 845
436 762
436 125
437 381
437 404
437 143
437 77
437 496
437 478
437 153
437 748
437 443
438 50
439 7
439 591
439 290
439 257
439 268
440 886
442 403
442 172
442 144
442 695
443 327
447 132
447 22
447 153
448 884
450 202
450 492
450 226
450 1220
450 504
450 228
450 519
450 1401
450 292
450 474
450 622
450 660
450 654
450 221
450 204
451 260
451 874
451 327
451 270
452 27
452 465
452 213
453 50
453 963
454 100
454 474
455 77
455 435
455 191
455 100
455 428
455 1
456 523
456 1267
456 13
457 755
457 70
457 366
457 448
457 155
457 133
457 154
457 425
457 59
457 47
457 451
457 210
457 732
457 582
457 1039
458 1261
458 83
458 9
458 750
458 152
458 956
458 307
458 430
458 129
459 252
459 815
459 696
459 742
460 14
460 242
461 9
462 873
463 19
463 15
463 311
464 603
464 269
465 98
466 182
467 257
468 137
468 135
468 95
469 306
469 215
469 855
470 1134
470 50
470 125
471 225
472 234
472 229
472 367
472 230
472 672
472 378
472 67
472 56
472 633
472 255
472 91
473 137
473 303
474 13
474 1045
474 519
474 42
474 486
474 707
474 172
474 97
474 48
474 485
474 657
474 792
474 528
474 199
474 435
474 96
474 293
474 498
474 924
474 237
478 26
478 367
478 150
478 1101
479 96
479 408
479 173
479 176
479 95
480 272
480 169
481 427
482 313
483 515
484 385
484 216
484 222
484 204
484 143
484 419
484 50
484 699
486 301
486 111
487 222
487 31
487 404
487 128
488 234
488 754
488 127
488 328
488 491
489 330
490 9
491 900
492 100
492 1098
493 61
493 274
493 182
493 89
493 191
493 118
494 199
494 107
495 234
495 511
495 240
495 470
495 739
495 478
495 451
495 1157
497 393
497 239
497 22
497 652
497 118
497 1240
497 42
498 448
499 98
499 193
499 690
499 207
500 464
500 223
500 762
500 300
500 358
500 216
500 69
500 381
500 61
501 276
501 411
501 129
503 176
503 181
503 8
503 659
503 168
503 233
503 98
504 385
504 729
504 735
504 939
504 503
504 506
504 121
504 245
504 51
504 1050
504 409
505 724
505 468
505 591
505 117
505 584
506 641
506 173
506 418
506 69
506 71
506 230
506 1046
506 516
506 68
506 196
506 566
506 47
507 690
507 288
508 191
508 209
508 23
508 357
509 271
510 300
512 1459
512 318
512 183
513 210
514 380
514 176
514 609
514 558
514 186
514 175
514 778
514 432
515 900
516 204
516 582
518 717
518 129
518 1
518 222
518 628
519 887
519 1293
519 336
521 1022
522 543
522 23
523 863
523 3
524 187
524 265
524 546
524 578
524 506
525 1315
525 685
526 315
526 100
527 144
527 657
527 496
528 258
528 427
530 191
530 527
531 329
532 339
532 218
532 833
532 491
532 168
532 824
532 750
532 520
532 419
532 228
532 148
532 495
533 603
533 187
533 205
533 96
533 504
533 281
534 129
534 823
534 1199
534 1047
535 1039
535 212
535 923
535 686
535 813
535 482
535 186
536 493
536 8
536 98
536 511
536 584
536 432
536 423
536 139
536 431
536 191
537 262
537 238
537 466
537 647
537 135
537 199
537 956
537 14
537 513
538 100
539 163
540 1011
540 294
540 181
541 993
541 258
541 432
542 187
542 208
542 367
543 147
543 165
544 346
545 69
545 524
545 742
545 944
546 569
546 145
546 413
548 281
548 248
549 866
550 275
551 735
551 98
551 128
551 941
551 825
551 258
551 710
551 762
551 355
551 742
551 975
552 300
552 294
552 126
553 1124
553 213
553 506
553 178
553 603
554 684
555 89
559 652
559 514
560 302
560 50
561 428
561 617
561 131
561 661
562 190
563 781
563 220
565 923
566 210
566 727
566 684
567 811
567 23
567 650
568 475
568 213
568 224
568 269
568 303
569 151
569 321
570 302
571 964
571 124
573 127
574 258
574 100
576 1
577 217
577 651
577 161
577 71
577 318
577 31
577 732
577 216
578 313
579 88
581 813
582 240
582 222
584 50
585 652
585 212
586 174
586 806
586 31
586 17
587 895
587 1625
588 395
588 278
588 721
588 155
588 692
589 259
590 475
590 287
590 137
591 286
592 28
592 847
592 518
592 283
592 7
592 742
592 13
592 1184
592 971
592 276
593 88
593 125
593 286
593 204
593 568
593 71
595 994
595 181
595 111
597 15
600 53
600 183
600 947
601 131
601 508
601 318
601 107
602 257
602 259
603 173
603 89
604 448
604 164
605 462
605 223
605 333
605 252
606 172
606 48
606 127
606 660
606 161
606 179
606 1
606 284
606 326
607 213
607 483
608 61
608 133
608 607
608 283
608 69
610 51
610 582
610 489
610 427
610 606
613 1
613 176
614 255
614 294
615 22
615 792
615 303
616 269
616 302
617 74
617 582
618 427
619 298
619 684
619 176
619 174
619 22
620 560
620 404
620 63
620 565
620 28
620 50
621 625
621 117
621 432
621 271
622 173
622 190
622 89
622 181
622 228
623 216
624 258
624 262
626 923
627 651
627 300
627 273
627 184
627 92
627 51
627 528
628 305
628 938
629 271
629 127
629 111
629 194
630 237
630 7
630 117
630 118
631 886
634 276
634 272
634 744
634 410
637 291
637 15
637 742
638 523
639 275
639 526
639 514
639 83
640 126
640 313
640 47
640 941
640 55
641 59
641 513
641 484
642 148
642 237
642 542
642 50
642 794
642 409
642 364
642 588
642 15
642 210
642 783
642 815
642 742
643 144
643 408
643 404
643 189
643 671
643 186
643 153
643 39
644 328
645 963
645 286
645 47
645 174
645 30
645 70
645 212
647 134
647 222
648 432
648 145
648 505
648 550
648 576
648 67
648 563
648 176
649 24
649 147
650 480
653 291
653 179
654 204
654 69
654 408
654 144
654 468
654 313
655 270
655 1585
655 346
655 262
655 447
655 547
655 50
655 913
655 1631
656 303
657 117
658 127
658 276
658 1101
658 9
659 604
659 387
659 431
659 524
659 502
660 747
660 315
660 135
660 191
660 181
660 154
661 8
661 313
661 515
662 10
663 333
663 64
664 792
664 484
664 770
664 504
665 9
665 238
665 127
665 183
665 216
666 792
666 660
669 462
669 111
669 310
670 485
671 241
671 685
671 96
672 1028
674 181
675 1007
675 650
676 174
676 168
676 538
677 678
678 147
679 484
679 42
679 527
679 483
680 269
680 24
681 690
682 1019
682 54
682 772
682 1
682 48
682 393
682 317
682 173
683 321
684 111
684 98
684 202
684 252
684 15
684 742
688 1234
689 475
690 1
691 178
691 98
692 328
693 12
693 632
694 135
694 72
694 665
694 511
694 202
694 654
694 492
696 234
696 285
697 276
698 132
699 100
699 324
699 1011
701 124
704 486
705 385
705 597
705 118
706 117
707 1628
707 703
707 251
707 631
707 865
707 507
707 1281
709 182
709 68
710 23
710 510
710 357
710 234
711 403
711 778
711 269
711 154
711 313
711 272
711 98
711 191
711 155
711 315
712 417
712 392
712 202
712 451
713 269
714 3
714 748
715 206
715 480
715 98
715 179
716 478
716 381
716 83
716 199
716 99
716 283
716 203
716 514
716 143
716 515
716 614
716 723
717 291
717 7
717 274
717 100
719 402
719 660
720 995
720 887
721 127
721 990
722 748
724 269
725 181
725 245
727 195
727 294
727 201
727 982
727 27
727 246
728 508
729 272
729 689
730 246
730 258
731 486
731 694
732 245
732 288
732 873
734 50
734 419
735 285
735 813
737 192
737 258
738 81
738 82
738 172
739 195
739 56
741 172
741 48
743 879
745 96
745 492
746 228
747 64
747 608
747 486
747 1134
747 153
747 108
747 182
747 39
747 135
747 189
747 517
747 485
748 64
748 182
748 258
749 498
749 628
749 435
749 202
749 199
749 195
749 291
749 47
749 209
749 686
749 215
749 135
749 227
751 179
751 559
751 70
751 367
751 755
751 737
752 748
752 348
752 904
753 71
756 143
757 117
758 567
758 69
758 172
758 212
758 566
758 173
758 311
758 435
758 273
758 170
758 204
758 302
760 125
761 148
761 295
762 475
763 418
763 357
763 60
763 174
764 866
764 89
764 939
764 946
764 275
764 99
766 519
766 357
766 484
767 1
767 724
768 332
770 301
770 275
771 216
771 134
772 313
773 98
773 318
773 109
774 178
774 177
775 272
775 887
776 127
776 511
776 95
776 603
776 607
777 288
778 239
779 1028
779 447
779 471
780 187
780 22
782 332
784 260
785 183
786 28
786 405
786 97
786 50
786 82
787 311
787 748
787 329
787 300
787 258
788 651
788 614
788 662
788 520
789 1012
790 181
790 949
790 203
791 322
793 148
794 116
794 275
794 127
794 100
795 184
795 81
795 208
795 919
796 202
796 603
796 144
796 300
796 367
796 385
796 1039
796 155
796 809
796 1041
796 265
796 173
798 265
798 274
798 815
798 21
800 257
802 176
802 201
802 183
802 748
804 328
804 192
804 196
804 670
804 216
804 97
804 240
805 17
805 102
805 238
805 153
805 396
805 443
805 343
805 32
805 173
806 210
806 90
807 132
807 757
807 427
807 465
807 2
807 831
807 431
807 63
807 739
807 968
810 333
812 294
813 270
816 1025
816 294
817 124
817 273
819 1537
821 1084
821 427
823 88
823 762
823 215
823 26
823 684
823 125
823 77
824 268
825 106
825 125
825 25
825 363
826 578
826 174
826 343
826 313
826 1219
828 19
828 198
828 269
828 340
830 79
830 310
831 713
831 905
831 144
832 471
833 185
833 357
833 474
833 931
833 325
833 653
835 1045
835 660
835 650
835 193
835 325
836 659
838 718
838 302
838 128
838 82
838 127
839 117
840 137
840 414
840 526
840 180
840 653
840 91
841 754
841 689
842 303
843 250
843 443
844 207
846 518
846 141
846 59
846 739
846 702
846 697
846 1050
846 642
846 183
846 228
846 197
846 98
846 523
846 233
847 652
847 372
847 151
848 650
848 603
848 134
848 484
848 179
848 197
848 357
848 135
848 133
848 88
848 204
849 568
850 419
850 318
851 71
851 299
851 303
851 273
851 1016
851 339
854 713
854 79
854 83
854 423
854 56
854 191
854 357
854 8
854 188
857 14
857 898
859 763
859 276
859 313
860 514
862 81
862 211
862 79
862 132
862 257
862 544
862 462
862 183
863 313
864 218
864 88
864 966
864 195
864 1016
864 7
864 191
864 265
864 48
864 22
864 163
865 100
867 23
867 156
867 181
867 295
867 318
868 61
868 234
868 480
868 317
868 240
868 651
868 136
869 253
870 58
870 1073
870 514
870 357
870 95
870 216
870 481
870 288
870 513
870 9
871 326
871 187
874 285
874 182
875 96
875 357
875 921
875 171
875 514
875 179
875 176
875 501
876 604
876 174
877 258
877 159
877 241
877 702
878 191
878 584
878 50
879 255
880 435
880 117
880 1210
880 318
880 298
880 127
881 483
881 423
881 222
881 79
882 28
882 746
882 227
882 420
883 399
883 479
883 210
883 10
883 1021
883 919
883 1592
883 153
884 198
885 588
886 663
886 1048
887 84
887 257
887 1028
887 411
887 125
888 69
889 497
889 265
889 168
889 659
889 82
889 3
890 654
890 195
890 172
892 357
892 227
892 484
892 684
892 274
892 222
892 378
892 76
892 184
892 480
892 300
892 144
892 1269
892 134
892 238
893 410
893 161
894 287
894 479
894 339
894 20
894 471
894 272
894 248
894 702
894 1073
894 960
894 1142
894 1251
895 301
895 1
895 283
896 134
896 228
896 143
896 496
896 273
896 692
896 127
897 97
899 740
899 483
899 214
899 8
899 157
899 258
900 618
900 318
901 1620
901 405
901 73
902 172
903 50
903 179
904 288
904 111
907 288
907 88
907 118
907 506
907 117
907 173
907 713
908 558
908 488
908 204
910 183
910 845
911 186
911 625
911 419
911 1060
912 173
912 517
913 9
913 57
916 919
916 960
916 42
916 1009
916 28
916 217
916 286
916 211
916 474
916 168
917 285
918 143
918 498
918 923
918 487
919 100
919 283
919 14
919 201
919 16
919 22
921 72
921 143
921 96
922 1
923 334
923 248
924 129
924 196
924 632
924 200
924 1400
925 323
925 288
926 286
927 91
927 411
927 393
927 71
927 866
927 426
928 1007
930 113
931 275
931 313
932 191
932 528
932 195
932 70
932 488
932 606
932 1126
932 480
932 210
932 183
932 434
933 12
933 523
933 69
933 180
934 462
934 451
934 153
934 131
934 435
934 228
934 163
934 507
935 286
935 237
935 742
935 117
936 358
936 756
936 1375
936 125
937 295
938 7
939 275
939 222
939 471
939 597
939 1190
939 118
940 259
940 204
940 174
941 1
941 258
942 414
943 943
943 54
943 195
943 172
943 721
15 302
17 126
18 116
19 435
28 184
49 324
66 508
72 195
73 318
75 273
85 509
96 238
97 482
98 435
105 258
112 328
114 135
143 271
145 200
159 245
162 121
164 121
187 83
199 116
203 50
229 896
234 519
250 111
258 272
261 125
271 70
285 194
295 1115
309 258
314 535
315 55
326 393
354 929
370 238
404 269
412 70
422 201
427 302
450 792
460 1142
462 100
463 50
466 302
475 381
476 201
482 311
484 746
497 559
500 729
502 307
530 178
531 300
533 651
538 183
539 962
545 265
558 269
574 883
597 151
600 518
601 109
605 286
621 1016
638 161
642 1185
654 210
660 272
682 366
687 319
690 523
699 283
710 79
716 193
721 755
773 780
774 205
775 286
798 239
807 68
817 129
828 327
831 250
832 307
835 708
841 307
851 879
854 275
868 646
871 147
875 258
877 61
905 742
909 165
913 216
919 200
920 347
924 701
935 284
942 511
