34
43
102
106
105
115
113
122
139
158
145
149
220
254
253
263
266
341
339
350
349
345
334
335
372
375
374
369
379
359
364
401
395
394
384
390
389
440
441
444
417
460
459
557
562
561
575
573
570
534
541
543
542
537
608
613
617
620
626
625
624
580
583
584
585
587
590
592
601
600
607
686
672
695
760
761
767
753
716
711
728
731
734
723
823
819
824
826
807
811
787
785
797
793
775
773
783
880
883
882
895
894
864
868
871
872
873
875
877
850
849
848
853
835
839
836
842
843
958
944
945
942
938
929
925
918
906
903
1017
1006
996
984
990
991
970
968
972
960
967
964
1099
1093
1089
1118
1112
1115
1114
1109
1104
1133
1126
1150
1143
1138
1034
1036
1026
1049
1053
1055
1040
1044
1046
1058
1059
1056
1057
1063
1086
1084
1079
1078
1077
1217
1219
1218
1229
1228
1225
1244
1245
1240
1243
1249
1269
1267
1278
1154
1157
