1 184
1 55
1 216
1 25
1 109
1 81
1 100
1 270
1 91
1 174
1 194
1 178
1 12
2 127
2 13
2 282
4 327
4 303
5 169
5 211
5 186
5 208
6 32
6 509
6 493
6 100
6 462
6 525
6 306
6 302
6 511
6 136
6 517
6 435
6 507
6 186
7 558
7 92
7 238
7 418
7 497
7 632
7 557
7 416
7 679
7 433
7 680
7 190
7 101
8 227
10 489
10 414
10 340
10 161
10 498
10 706
10 357
10 511
11 28
11 508
11 56
11 194
11 203
11 237
12 174
12 480
13 224
13 317
13 152
13 61
13 654
13 270
13 28
13 199
13 305
13 435
13 692
13 792
13 472
13 809
13 186
14 151
15 257
16 92
16 216
16 318
16 602
16 208
16 51
17 151
18 283
18 699
18 496
18 170
18 474
18 416
18 14
18 238
18 13
18 269
18 221
18 208
20 496
20 588
21 854
21 262
22 792
22 435
22 455
23 98
23 95
23 283
23 55
23 222
23 181
23 516
23 710
23 216
24 729
24 178
25 568
25 121
25 125
25 176
25 357
26 125
26 181
27 298
28 800
30 319
30 7
30 313
30 294
30 892
31 811
32 276
33 292
34 1024
34 899
36 288
38 118
38 627
38 153
39 270
42 215
42 939
42 999
42 181
42 496
42 82
42 125
43 969
43 133
43 298
43 496
43 237
43 405
44 172
44 175
44 228
44 190
44 211
44 520
45 127
46 100
47 327
48 661
48 427
48 357
49 628
49 428
50 9
52 107
52 527
52 498
53 15
53 257
56 7
56 692
56 1
56 195
56 432
56 200
56 230
56 447
56 69
57 477
57 295
58 268
58 25
58 773
58 645
59 77
59 357
59 462
59 109
59 61
59 15
59 490
59 190
59 431
59 741
59 111
59 715
59 211
59 1111
59 845
60 96
60 745
60 656
60 1122
60 641
60 490
60 272
61 300
62 180
62 380
62 89
62 712
62 856
62 174
64 87
64 132
64 173
64 423
64 385
65 25
65 514
65 427
65 135
66 741
68 288
69 124
70 24
70 265
70 482
71 475
72 591
72 106
72 1148
73 12
74 294
75 108
75 111
75 151
76 93
76 293
77 195
78 93
79 19
81 3
81 42
81 273
82 169
83 66
83 932
83 215
83 1016
83 566
84 64
85 1172
85 474
85 28
85 99
85 642
85 213
85 709
85 172
85 492
86 269
87 871
87 684
87 56
87 274
87 87
87 692
88 308
89 107
89 25
89 213
89 121
89 702
89 197
90 606
90 313
90 423
90 531
90 96
90 306
90 174
90 651
90 692
90 526
90 507
90 14
90 64
90 644
90 464
90 811
90 1202
90 402
90 70
91 333
91 31
91 127
91 182
91 662
91 601
92 729
92 179
92 582
92 100
92 258
92 209
92 518
92 282
92 183
92 431
92 160
93 1
94 208
94 467
94 727
94 235
94 61
94 191
94 111
94 997
94 399
94 154
95 463
95 71
95 28
95 692
95 143
95 420
95 233
95 462
96 190
97 430
99 475
99 315
99 79
99 1119
99 789
101 257
104 269
106 1115
109 451
109 94
109 173
109 179
109 172
109 7
109 156
109 588
109 365
110 684
110 651
111 304
112 307
112 1106
112 339
113 326
114 172
114 98
115 8
115 9
116 11
117 151
117 257
117 298
117 210
118 210
118 800
118 175
118 558
119 597
119 689
119 168
119 286
119 628
119 25
119 209
121 156
121 100
122 464
122 239
123 98
123 23
123 319
125 289
125 209
126 344
128 181
128 736
128 186
128 433
128 790
128 949
128 425
130 3
130 746
130 257
130 568
130 625
130 132
130 161
130 298
130 772
130 67
130 316
130 939
130 71
130 751
131 536
132 127
133 749
135 581
135 23
136 747
138 742
141 1023
141 472
142 7
144 176
144 527
144 191
144 514
144 655
144 55
144 180
145 650
145 270
145 751
146 269
147 313
148 408
148 169
148 168
149 340
150 324
150 319
151 28
151 265
151 411
151 160
151 301
151 971
151 9
151 163
151 408
151 1298
151 111
151 134
151 805
151 429
151 88
151 193
151 435
151 277
151 638
151 835
152 775
152 866
152 364
154 187
156 58
157 407
157 147
158 22
158 4
158 79
158 228
158 137
159 595
159 1013
160 209
160 11
160 770
161 69
162 11
164 9
164 281
164 471
165 91
167 673
168 294
168 274
168 273
169 705
169 258
170 292
173 289
173 305
174 140
174 210
174 724
174 553
174 949
174 50
174 248
174 1028
174 160
174 333
175 183
176 347
176 258
177 50
177 92
178 274
178 1004
178 1101
178 578
178 228
178 283
178 209
178 317
178 55
179 258
179 905
179 895
180 56
180 111
180 939
180 423
183 230
183 380
184 647
184 506
184 1086
184 531
186 1253
186 159
187 736
187 179
188 148
188 64
188 7
188 56
188 79
189 647
189 268
189 10
189 317
189 517
189 50
189 792
191 345
192 284
193 25
193 627
193 750
193 155
193 393
194 657
194 566
194 770
195 651
197 258
197 177
197 435
198 651
198 215
200 121
200 22
200 69
200 679
200 179
201 325
201 1135
201 233
201 33
201 1128
201 1131
201 212
203 628
204 262
207 4
207 435
207 871
207 23
207 42
207 520
207 428
207 14
207 205
208 662
209 293
209 181
210 655
210 210
210 404
210 420
210 181
210 692
210 174
210 969
210 132
210 419
211 528
211 526
212 735
213 234
213 11
213 121
214 705
214 509
214 127
214 408
215 443
215 313
215 228
215 176
215 50
216 184
216 122
217 82
217 403
218 762
218 42
220 294
220 269
221 181
221 178
221 721
221 174
221 33
221 184
222 218
222 196
222 204
222 88
222 1220
222 288
222 636
222 527
223 255
224 403
224 660
224 77
224 582
224 282
224 526
225 1203
226 89
229 882
230 498
230 8
230 70
230 357
230 627
230 378
231 121
232 64
232 170
233 135
233 234
233 313
233 121
233 193
234 152
234 4
234 427
234 663
234 705
235 923
235 87
235 285
235 52
236 148
237 199
239 56
239 478
239 531
239 736
239 65
239 484
240 286
243 514
244 20
244 109
244 241
244 651
244 1041
244 527
246 567
246 198
249 686
249 92
249 483
249 195
249 79
249 50
249 169
249 327
250 196
250 223
250 404
250 271
251 22
251 248
252 14
252 268
253 50
254 234
254 222
254 204
254 82
256 7
256 794
256 783
256 181
259 179
260 333
262 238
262 486
263 419
264 234
264 1070
264 447
264 12
264 1103
264 475
267 265
267 238
267 100
267 198
268 173
268 582
268 475
268 95
268 231
269 410
269 315
269 1361
269 708
269 124
269 9
269 127
270 1471
270 79
270 671
270 943
270 219
270 739
270 251
270 286
270 226
271 660
271 479
271 393
271 963
271 210
271 705
271 192
271 174
271 506
271 494
271 170
274 748
275 432
276 182
276 230
276 496
276 109
276 128
276 1170
276 403
276 443
276 249
278 294
278 752
278 269
279 1030
279 1498
279 431
279 240
279 33
279 89
279 189
279 364
280 588
280 324
280 416
280 220
280 167
283 91
284 347
285 100
286 475
286 22
286 781
286 423
286 732
286 1060
286 40
286 640
287 461
287 100
287 121
288 69
290 274
290 88
290 402
291 1078
291 31
291 212
291 785
291 117
291 195
291 154
291 174
291 1188
292 408
292 9
292 2
292 331
292 607
293 124
293 127
293 425
293 157
294 1012
294 515
295 157
295 158
295 190
295 511
295 181
295 705
295 95
295 191
296 268
296 221
296 14
296 144
296 19
296 56
296 222
297 12
297 515
297 582
297 135
297 508
297 185
297 137
297 208
297 117
297 474
297 750
298 318
298 79
298 482
298 211
299 168
299 715
299 127
299 710
299 702
301 864
301 269
301 203
301 47
301 357
301 201
301 403
303 387
303 258
303 152
303 143
303 195
303 64
305 528
305 408
305 258
305 187
305 690
307 189
307 428
308 853
308 92
308 1
308 679
308 502
308 746
308 4
308 1197
310 181
310 14
310 536
311 121
311 199
311 566
311 215
311 527
311 501
311 1119
311 69
311 227
311 942
311 465
311 750
312 509
312 612
312 191
312 631
312 8
312 481
312 69
312 505
312 610
312 1
313 624
313 127
313 177
313 176
313 183
313 89
313 1210
313 234
313 489
313 604
314 820
314 742
314 739
314 1276
314 1063
314 655
314 1145
315 269
315 302
316 292
316 9
316 286
316 1039
317 264
317 299
318 134
318 631
318 318
318 275
318 158
318 66
320 241
320 232
320 129
320 627
320 248
322 32
322 272
323 479
323 762
324 323
324 307
324 123
325 505
326 199
326 568
326 603
327 313
327 129
327 268
327 811
327 949
327 1097
327 204
327 1103
327 127
328 316
328 258
328 328
328 272
329 100
329 12
330 185
330 603
330 318
330 694
330 151
330 866
330 28
331 811
332 1
332 54
332 385
332 258
332 1016
332 271
333 435
334 387
334 191
334 1525
334 221
334 174
334 498
334 272
334 82
334 582
334 1163
334 168
336 294
336 90
338 213
339 702
339 160
339 1240
339 436
339 506
339 427
339 589
339 527
339 1113
339 175
339 496
339 663
339 693
339 97
339 508
340 588
342 92
342 114
342 476
342 8
342 818
342 237
343 252
343 655
343 1039
343 238
343 498
343 150
343 1
343 28
343 536
344 8
344 98
344 367
345 215
345 846
345 126
345 50
345 150
345 318
345 742
345 221
346 195
346 520
346 133
347 257
347 280
347 423
347 655
347 97
347 288
347 627
348 411
348 100
348 7
348 831
348 934
348 245
350 530
350 179
350 190
350 654
350 324
350 1039
350 657
351 984
351 313
351 332
352 50
354 1119
354 124
354 610
354 904
354 251
354 190
355 358
355 872
355 306
356 307
357 744
357 1277
360 237
360 955
360 28
361 502
361 156
362 300
362 332
363 578
363 55
363 179
363 685
363 448
363 172
363 710
365 285
365 150
366 201
366 56
366 185
366 184
366 436
367 561
370 493
370 607
370 57
371 186
371 176
371 423
371 663
372 164
373 2
373 12
373 553
373 465
373 1119
373 648
373 24
373 190
373 946
373 485
373 269
374 234
374 458
374 144
374 96
374 216
377 168
378 1134
378 62
378 715
378 729
378 300
378 277
378 500
378 133
379 526
379 707
379 82
379 23
379 227
379 414
379 528
380 71
380 190
380 732
381 304
381 931
381 151
382 177
382 197
383 514
385 954
385 408
385 1353
385 529
385 514
387 182
387 89
387 92
387 24
387 718
387 190
387 381
387 526
387 515
387 201
388 300
388 298
388 313
388 333
388 559
389 151
389 494
389 283
389 1098
389 179
389 191
390 302
391 963
391 59
391 427
391 530
391 357
392 312
392 482
392 181
392 59
393 316
393 310
393 173
393 210
393 684
393 686
393 747
393 392
393 241
394 288
394 91
394 109
395 154
396 282
397 221
397 615
397 498
397 479
397 288
398 172
398 495
398 87
398 79
398 735
398 602
399 235
399 196
399 566
400 304
401 356
401 328
401 462
402 257
402 42
402 96
403 685
403 276
403 127
405 429
405 181
405 467
405 73
405 954
406 285
406 633
406 211
406 699
406 634
406 624
406 1109
406 129
406 508
406 608
407 214
407 70
407 250
407 8
407 173
407 7
407 514
407 89
407 202
407 235
408 315
409 209
409 318
409 30
409 475
409 529
411 4
412 182
412 195
413 283
416 182
416 77
416 924
416 354
416 216
416 918
416 66
416 90
416 31
416 750
416 300
416 402
416 15
416 51
416 498
416 427
417 3
417 147
417 201
417 15
417 183
417 202
417 190
417 188
417 638
417 537
417 484
417 559
420 283
420 513
420 100
420 484
421 12
424 25
424 323
425 96
425 854
426 519
426 603
426 23
426 1020
427 938
428 312
428 892
429 511
429 83
429 479
429 42
429 1203
429 238
429 101
429 93
429 435
429 293
429 531
430 165
430 656
432 15
434 477
434 288
435 246
435 637
435 89
435 208
435 578
435 12
435 191
436 742
437 511
437 181
437 124
437 746
437 512
437 180
438 9
438 257
439 405
440 312
445 28
447 300
447 174
447 642
447 206
449 702
449 475
449 59
450 274
450 208
450 63
450 176
450 607
450 83
450 111
450 749
450 609
450 528
450 478
450 211
450 499
450 1
450 94
450 479
450 1153
450 812
450 510
450 716
450 606
450 232
450 199
452 79
452 659
452 69
452 472
452 443
452 64
452 483
453 184
453 651
453 25
454 487
454 161
454 121
455 135
455 694
455 942
455 747
456 864
456 172
456 410
456 214
456 196
456 483
456 53
456 1010
456 1019
456 23
456 92
457 372
457 182
457 588
457 230
457 554
457 629
457 655
457 134
458 13
458 631
458 169
458 531
458 96
458 238
458 48
459 15
459 50
459 98
459 172
461 347
463 1284
464 705
464 264
464 294
465 8
465 136
465 513
465 169
466 292
466 328
466 117
467 327
468 157
468 4
468 222
468 357
468 209
468 50
468 9
469 582
469 173
469 134
469 152
469 194
469 238
470 1067
472 1058
472 866
472 475
472 751
472 3
472 417
472 90
472 1228
472 419
472 125
472 541
474 286
474 215
474 178
474 313
474 207
474 614
474 161
474 317
474 66
474 633
474 143
474 31
474 171
474 183
474 258
477 846
477 111
478 124
479 58
479 265
479 436
479 474
479 22
479 234
479 274
480 89
481 322
482 127
482 298
483 274
484 778
484 233
484 87
485 341
486 1405
486 269
486 297
486 1011
487 24
487 96
487 99
487 392
487 1209
488 15
488 515
488 205
488 228
488 239
488 429
489 748
489 322
489 682
489 302
489 885
490 455
491 236
491 475
492 193
492 205
493 50
494 50
494 194
495 211
495 1046
495 214
495 742
495 590
495 144
495 472
495 418
496 246
497 70
497 268
497 153
497 164
497 12
498 293
500 1326
500 639
500 235
501 369
501 628
501 222
501 1097
502 342
503 1475
503 423
503 482
503 237
504 38
504 208
504 1277
504 199
504 282
504 447
504 404
504 223
504 196
504 699
504 755
504 117
504 53
504 307
504 100
505 140
505 471
506 228
506 161
506 210
506 177
506 693
506 174
506 295
506 402
507 826
507 300
507 222
512 198
513 323
514 651
514 135
514 154
514 68
514 7
516 212
517 181
518 405
518 742
518 284
518 919
519 909
519 874
519 349
519 313
519 1612
520 269
520 283
521 721
521 222
521 168
522 523
523 430
523 408
524 519
524 76
524 604
524 573
524 182
524 558
524 965
524 1421
524 704
524 173
524 1166
524 32
526 288
526 1
526 936
526 408
527 56
527 192
527 1149
528 204
528 213
528 194
531 1316
532 498
532 500
532 216
532 330
532 538
532 815
533 70
533 222
533 177
533 193
533 318
533 65
533 303
534 148
534 273
534 291
534 717
534 21
535 518
535 499
535 479
535 197
535 1136
535 277
535 433
535 558
535 97
536 69
536 153
537 715
537 10
537 318
537 345
537 490
537 213
538 12
541 781
541 73
542 69
542 318
542 56
542 509
542 432
543 174
543 192
543 735
543 89
543 114
543 566
543 591
544 286
545 205
545 172
545 551
546 185
546 322
546 977
548 1244
548 250
548 595
550 877
550 1620
550 323
551 276
551 58
551 559
551 284
551 71
551 135
551 76
551 42
551 318
551 475
551 33
551 447
551 180
552 222
553 131
553 646
553 641
553 589
553 505
554 172
554 531
554 228
555 168
556 48
556 288
557 176
557 166
557 12
557 508
558 20
559 188
559 515
560 478
560 1021
560 1019
560 319
560 483
560 197
561 47
561 199
561 157
561 710
561 154
561 1009
561 276
561 1131
561 7
562 550
562 501
564 472
564 117
564 258
566 165
566 207
567 248
567 483
567 480
567 496
568 606
568 100
568 242
568 30
568 1286
569 126
569 19
573 492
573 162
574 302
575 427
577 941
577 826
577 174
577 436
577 181
577 313
577 125
577 50
579 333
579 100
580 148
580 123
580 289
581 922
581 50
582 268
583 265
585 1535
585 1623
585 275
586 121
586 356
587 316
588 71
588 286
588 1078
588 597
588 815
588 79
588 21
591 856
591 393
592 346
592 534
592 1134
592 257
592 763
592 657
592 127
592 198
592 201
592 69
592 273
592 223
592 192
592 347
592 319
593 1016
593 69
594 242
594 127
597 225
597 328
598 22
598 349
598 292
599 220
599 546
600 651
600 450
600 515
601 431
601 208
601 9
603 210
606 176
606 99
606 125
606 234
606 180
606 31
606 288
606 421
606 530
608 490
608 505
609 15
609 304
609 408
610 203
613 279
613 607
614 9
615 427
615 178
615 527
615 423
615 211
616 292
616 289
617 1019
617 668
618 79
618 12
618 190
618 98
618 121
618 183
618 501
618 144
618 597
618 176
618 596
619 82
619 161
619 550
620 140
620 423
620 118
621 107
621 748
621 751
621 33
621 385
621 405
622 176
622 588
622 380
624 690
624 316
624 273
624 248
624 475
624 405
625 515
625 97
626 268
627 318
627 271
627 100
627 157
629 292
629 210
629 655
632 215
632 510
632 98
632 96
632 81
633 234
634 248
634 515
636 25
638 550
639 174
639 212
640 428
640 150
640 461
640 92
640 315
640 173
640 66
640 239
640 184
641 89
642 748
642 527
642 944
642 1473
642 56
642 932
642 1036
642 208
642 541
642 1030
642 790
642 386
643 508
643 1
643 474
643 42
643 72
643 168
644 748
645 185
645 135
645 22
647 742
647 72
647 77
647 22
648 393
648 484
648 193
648 202
648 554
648 50
648 483
648 810
649 252
650 520
650 216
650 133
650 530
650 511
650 663
650 630
653 50
653 474
653 523
653 357
654 11
654 239
654 95
654 56
655 302
655 1107
658 171
659 212
659 514
659 616
659 157
659 526
659 419
659 73
660 652
660 1050
660 313
661 165
661 144
661 527
662 1342
663 1245
663 815
664 805
664 194
665 357
665 185
665 286
665 65
666 506
666 81
666 661
666 945
666 56
666 483
667 124
668 993
668 288
669 647
670 945
670 96
672 275
676 313
677 237
679 748
679 70
679 83
682 651
682 284
682 190
682 1012
683 305
683 133
684 100
684 365
686 317
687 313
688 879
689 150
690 435
690 194
690 94
690 8
692 300
693 258
693 488
693 56
694 97
694 157
694 118
694 429
694 606
694 31
694 517
695 882
696 310
697 886
697 596
697 1
698 176
698 127
699 70
699 98
699 258
699 118
700 48
700 181
701 237
701 272
703 1012
703 50
704 173
705 71
705 225
706 410
707 162
707 93
707 732
707 10
707 1251
708 148
708 274
708 763
709 833
709 56
709 576
709 22
709 192
710 180
710 50
711 421
711 22
711 419
711 48
711 218
711 65
711 202
711 496
711 277
711 306
711 378
711 451
711 1115
711 89
711 676
712 1053
712 781
712 699
712 731
714 258
715 426
715 249
715 28
715 204
715 713
715 735
715 193
716 131
716 491
716 451
716 88
716 153
716 1050
717 117
717 995
718 689
719 69
720 896
721 197
721 51
721 684
722 124
722 845
722 130
723 169
725 328
727 408
727 259
727 510
727 176
727 451
727 748
728 25
728 282
728 237
731 197
731 216
732 243
734 143
734 604
734 465
734 121
734 99
734 498
735 300
735 333
738 318
738 252
738 603
738 181
738 1
738 174
739 96
739 216
739 132
741 204
741 357
741 196
741 288
741 70
742 124
746 226
747 478
747 7
747 82
747 959
747 705
747 305
747 70
747 558
747 210
747 303
748 22
748 181
748 97
749 185
749 420
749 742
749 603
749 636
749 357
749 1
749 98
749 393
749 87
749 659
750 269
751 82
751 28
751 538
751 21
752 271
752 331
752 882
752 272
752 900
753 50
753 510
753 304
753 294
754 127
755 879
756 147
757 1
757 24
757 96
757 144
757 1073
757 64
758 174
758 117
758 285
758 151
758 319
758 199
758 177
758 887
758 780
758 865
763 609
763 168
763 50
763 475
763 198
764 77
764 597
764 289
764 284
764 100
765 137
765 127
765 286
765 1009
766 52
766 428
766 496
768 255
770 7
770 282
771 237
771 181
771 28
771 172
771 1129
771 114
773 198
773 187
773 547
773 189
773 13
773 1555
773 92
773 196
774 219
774 530
774 528
776 679
776 135
776 134
776 635
778 168
780 50
780 357
781 187
781 100
781 204
782 245
782 250
784 332
784 327
785 168
786 71
786 100
786 588
786 186
787 259
788 22
788 445
788 51
788 519
788 963
788 176
790 232
790 584
790 151
790 268
790 117
792 544
792 1197
794 514
794 269
794 257
796 216
796 371
796 125
796 222
796 389
796 8
796 578
796 869
798 687
798 828
798 1517
798 692
798 748
798 705
799 499
800 121
801 271
802 260
803 269
803 538
804 366
804 1056
804 259
804 231
804 254
804 185
804 265
804 925
804 235
804 323
805 735
805 827
805 91
805 831
805 147
805 631
806 483
806 100
806 174
806 318
806 234
807 705
807 578
807 222
807 528
807 101
807 177
807 399
807 117
807 1050
808 333
810 338
810 326
812 881
813 271
815 9
815 172
815 153
816 690
816 300
817 327
817 328
818 258
819 744
821 993
821 151
821 484
821 845
822 169
823 13
823 154
823 195
823 173
823 90
823 204
823 151
823 404
825 472
825 100
825 294
825 237
826 71
826 586
826 4
826 62
826 294
826 177
828 116
830 651
830 22
830 202
830 50
831 22
831 100
833 168
833 206
833 1187
833 657
833 135
834 269
834 762
834 237
834 148
836 507
838 405
838 286
838 705
840 208
840 7
840 611
840 405
840 168
840 661
840 465
840 512
840 191
840 428
840 8
841 333
841 313
843 636
845 310
845 909
845 286
845 269
846 659
846 28
846 173
846 780
846 1286
846 648
846 526
846 674
846 610
846 792
846 202
847 71
847 740
847 568
848 512
848 523
848 732
848 1101
848 421
849 207
850 490
850 208
851 160
851 340
851 147
851 144
851 31
851 363
851 333
854 132
854 382
854 173
854 93
854 168
856 690
858 9
859 25
860 508
860 300
860 517
862 168
862 98
862 633
862 24
862 406
862 1093
862 59
862 210
862 789
862 271
862 187
862 202
863 690
863 258
863 307
863 294
863 328
863 316
863 324
864 91
864 736
864 404
864 200
864 161
864 356
864 201
864 317
864 210
864 70
865 455
867 286
867 207
867 210
868 455
868 181
870 17
870 425
870 462
870 124
870 654
870 697
870 179
870 154
870 100
870 92
870 208
870 655
870 469
871 202
871 182
871 226
871 195
872 756
872 313
872 975
872 117
873 313
874 127
875 421
875 1073
875 302
876 318
876 435
878 88
878 732
878 98
878 318
879 237
879 111
880 761
880 179
880 239
880 182
880 746
880 902
880 176
880 603
881 49
881 1217
881 205
881 143
881 188
881 392
881 191
881 187
881 257
882 526
882 7
882 117
882 185
883 1118
883 603
883 1019
883 805
883 487
883 135
883 900
883 847
883 39
883 856
883 512
883 151
884 509
884 212
885 169
886 168
886 483
886 1467
886 693
887 1496
887 56
887 181
887 559
887 91
887 760
889 980
889 469
889 1022
889 250
889 186
890 97
891 471
891 313
891 591
891 740
892 117
892 845
892 265
892 496
893 531
894 1379
894 1048
894 250
894 1080
894 221
894 536
894 245
894 32
894 331
894 346
894 57
894 961
894 937
894 582
894 1592
896 230
896 182
896 765
896 48
896 210
896 24
896 275
896 88
897 238
897 228
897 208
897 77
897 186
897 926
897 679
899 282
899 694
899 95
899 423
899 172
901 94
901 71
901 211
901 523
901 423
901 161
902 50
902 1
903 234
903 1009
903 56
904 781
904 402
904 97
906 129
906 321
906 124
906 273
907 333
907 198
908 631
909 86
910 414
910 1012
911 709
911 204
911 435
912 501
912 1041
913 302
913 195
916 318
916 4
916 1
916 82
916 30
916 135
916 203
916 250
916 91
916 52
916 192
916 721
916 173
918 1101
919 118
919 277
919 300
919 58
921 392
922 1110
922 172
923 237
923 294
923 333
923 125
923 762
924 28
924 313
924 82
924 205
924 50
925 332
927 121
927 288
927 1089
927 1047
929 135
931 255
932 14
932 654
932 1456
932 511
932 632
932 7
932 1121
932 100
932 1035
932 1449
932 493
933 177
933 195
933 654
933 470
934 191
934 96
934 202
934 193
936 927
936 1009
936 324
936 249
937 14
937 515
938 222
938 288
938 298
939 274
939 405
940 170
940 313
940 657
942 318
942 435
942 1204
943 174
943 739
943 92
1 50
1 23
1 9
1 175
1 129
1 258
1 223
1 154
2 316
2 297
2 272
3 328
3 331
3 347
4 301
5 422
5 194
5 172
6 272
6 478
6 515
6 209
6 174
6 501
6 81
7 618
7 573
7 53
7 69
7 31
7 488
7 584
7 643
7 420
7 519
7 136
8 56
8 79
8 510
9 691
10 93
10 155
10 273
10 497
10 285
10 656
10 710
10 129
10 99
10 479
11 580
11 736
11 356
11 750
12 684
12 402
12 754
13 691
13 606
13 239
13 430
13 473
13 498
13 400
13 847
13 154
13 517
14 32
14 13
14 173
16 143
16 498
16 233
16 7
16 200
16 692
16 168
16 31
17 475
18 319
18 286
18 736
18 631
18 154
18 483
18 612
18 604
20 252
21 53
21 671
21 9
21 244
21 324
22 648
23 19
23 91
23 50
24 8
24 662
25 173
25 141
25 275
28 28
28 258
28 223
28 185
30 321
30 255
33 328
33 333
34 310
37 127
38 326
38 1033
38 678
38 88
39 319
39 315
40 268
41 174
41 1
42 925
42 2
42 357
42 222
42 866
43 625
43 9
43 97
43 568
43 191
43 315
43 216
43 393
44 214
44 81
44 274
45 50
45 15
46 1062
48 528
49 518
49 175
50 268
52 126
52 275
54 676
54 7
54 288
55 50
56 405
56 94
56 44
56 201
57 181
57 7
57 304
58 176
58 255
58 222
58 408
58 203
58 955
59 96
59 323
59 1021
59 30
59 200
59 149
59 10
59 69
59 181
59 559
59 427
59 672
59 1119
60 89
60 60
60 211
60 95
60 1060
62 1130
62 135
62 4
63 276
63 813
64 425
64 265
64 1
64 527
65 185
65 202
67 240
68 1028
69 1143
69 246
70 79
70 300
70 152
70 8
70 222
70 172
70 186
70 48
72 241
72 684
72 197
72 476
73 129
74 326
75 696
76 172
76 324
77 518
78 301
78 880
79 906
79 582
79 813
79 763
81 726
82 100
82 514
82 367
82 134
82 199
82 99
83 82
83 1
83 591
84 258
84 265
84 318
85 56
85 208
85 1131
85 378
85 708
85 234
85 318
85 507
87 229
87 318
87 1190
87 172
87 230
87 780
87 55
87 177
87 510
87 88
87 127
87 132
89 475
90 498
90 30
90 10
90 1048
90 241
90 474
90 427
90 303
90 156
90 632
90 523
90 223
90 690
90 485
90 242
90 604
91 183
91 210
91 230
91 205
91 79
92 96
92 159
92 175
92 528
93 476
94 736
94 200
94 49
94 203
94 22
94 190
94 402
94 813
94 133
94 425
94 257
94 70
94 210
94 465
94 690
95 102
95 433
95 209
95 520
95 65
96 479
96 174
96 182
96 8
97 202
97 23
98 517
98 211
99 402
99 210
99 64
99 50
99 204
99 181
101 742
101 866
102 449
103 126
103 471
104 1115
105 268
106 162
106 703
109 237
109 735
109 71
110 69
111 333
112 286
113 333
113 979
113 246
114 176
114 197
115 192
115 174
115 642
115 117
116 900
116 221
117 597
117 164
117 172
118 172
118 654
119 1202
119 455
119 86
119 288
119 506
120 25
121 292
122 1074
122 519
123 143
123 182
123 285
123 479
124 11
125 455
125 401
125 69
125 294
125 8
127 62
127 901
128 603
128 588
128 317
128 451
130 84
130 748
130 271
130 449
130 64
130 496
130 332
130 527
130 894
130 315
130 77
130 800
130 1136
131 297
132 251
134 751
135 744
136 744
136 124
137 680
137 597
137 210
138 222
138 211
139 307
140 302
141 106
143 326
144 24
144 48
144 125
144 326
144 15
144 285
144 66
144 1286
144 190
144 294
145 100
145 688
145 50
147 304
147 340
148 172
149 313
150 235
151 966
151 549
151 204
151 489
151 222
151 443
151 845
151 81
153 182
153 568
154 185
156 157
157 1051
157 117
157 274
157 290
158 403
158 652
158 502
159 276
160 1012
160 455
160 182
160 671
162 79
162 298
164 125
164 458
164 984
168 258
168 845
168 100
171 302
173 258
174 1035
174 937
174 708
174 722
174 197
177 174
177 153
177 1067
177 156
178 268
178 655
178 684
178 433
178 22
178 423
179 538
180 733
180 222
182 191
183 202
184 514
184 132
184 582
184 488
184 1396
184 496
184 423
184 836
184 631
184 210
185 9
186 385
188 568
188 628
188 98
189 275
189 378
189 132
189 198
189 487
189 197
189 133
189 630
189 498
189 150
190 245
192 257
193 673
193 739
194 655
194 431
194 192
194 467
194 474
195 328
195 127
197 245
197 316
197 183
197 79
197 174
197 210
197 313
198 181
198 193
198 447
198 132
198 531
199 268
200 95
200 183
200 597
200 9
200 11
201 237
201 191
201 346
201 1398
201 405
201 200
203 276
207 531
207 211
207 64
207 514
207 393
207 468
208 208
208 197
208 430
209 321
210 484
210 58
210 657
210 735
210 257
212 515
213 182
213 229
214 114
214 512
214 8
214 482
214 132
214 166
215 98
215 181
215 191
215 186
215 208
216 172
216 1067
216 531
216 156
216 237
216 174
216 144
216 282
216 652
216 1101
217 210
217 231
218 657
218 466
218 154
219 906
219 855
221 1012
222 168
222 282
222 101
222 214
222 230
222 276
222 100
222 655
222 521
222 537
222 50
223 155
224 326
224 402
224 699
225 604
227 324
230 196
231 846
231 181
231 15
232 419
232 194
232 423
232 690
232 483
233 276
233 660
233 257
233 1194
233 603
234 224
234 525
234 654
234 423
234 367
234 99
234 513
234 520
234 501
234 494
234 100
234 1121
235 192
235 213
235 344
235 22
236 127
236 435
236 223
237 357
237 185
237 211
238 300
239 654
239 671
239 1204
239 1070
239 528
239 421
239 836
239 432
239 91
240 242
241 307
242 306
242 294
243 435
243 509
244 790
244 162
244 553
244 697
246 470
246 288
246 444
248 249
248 11
248 515
249 242
249 198
249 479
249 12
249 237
249 64
249 124
249 1073
249 467
250 1137
250 260
250 588
250 338
250 91
250 50
251 45
251 121
251 427
252 100
253 8
253 203
253 487
253 699
253 742
254 132
254 416
254 498
256 472
256 460
256 385
256 405
256 742
256 274
257 313
260 682
260 334
261 1025
262 421
262 69
262 845
262 923
263 97
263 134
263 662
263 316
263 196
263 483
264 430
264 709
264 19
265 748
267 715
267 684
267 28
267 24
267 65
267 943
267 169
267 654
268 189
268 227
268 31
268 484
268 42
269 1005
269 151
269 56
269 659
269 432
269 425
270 183
270 672
270 50
270 1007
270 747
270 176
270 558
270 283
271 13
271 692
271 505
271 199
271 28
271 234
271 493
271 203
271 605
271 173
272 211
272 187
272 50
273 347
273 321
273 305
274 164
276 854
276 196
276 710
276 915
276 226
276 318
276 192
276 203
276 25
276 916
276 303
276 288
276 501
276 658
276 347
276 1482
279 395
279 410
279 166
279 147
279 687
279 105
279 1209
279 257
280 159
280 322
280 1401
280 699
280 1041
280 925
280 476
282 269
283 412
283 1114
284 340
285 150
286 1051
286 83
286 277
286 73
286 800
286 301
286 433
286 738
286 173
287 237
288 100
288 202
288 64
288 12
291 401
291 54
291 385
291 1042
291 455
291 200
291 1277
291 8
291 747
291 416
291 22
292 282
293 496
293 492
293 168
293 482
293 199
294 100
294 298
294 295
295 88
295 174
295 951
295 485
295 735
295 378
295 1039
295 843
295 25
295 497
295 172
296 1073
296 961
296 483
296 137
296 198
296 179
297 175
298 199
298 477
298 511
298 1142
299 508
299 516
299 747
299 641
299 165
299 81
299 311
299 10
299 212
299 114
299 134
301 230
301 443
301 831
303 582
303 186
303 257
303 276
303 1218
303 357
303 979
303 741
305 286
305 923
305 486
305 98
305 863
305 1101
305 189
305 70
306 269
307 91
307 257
307 21
307 56
307 1411
308 213
308 410
308 770
308 648
308 420
308 1147
308 475
308 200
308 56
308 319
311 229
311 178
311 941
311 570
311 72
311 724
311 392
311 794
311 213
312 705
312 493
312 601
312 179
312 618
312 863
312 615
312 97
312 526
313 655
313 175
313 132
313 96
313 969
314 66
314 11
314 591
314 496
314 28
314 692
314 993
314 812
314 949
314 88
315 180
315 286
315 185
315 137
316 100
316 64
317 288
318 174
318 531
318 255
318 605
318 628
320 188
320 174
320 827
320 164
320 751
320 100
320 849
320 161
321 186
321 190
321 170
321 45
322 157
322 521
323 246
323 215
323 151
324 286
324 328
324 14
324 273
325 502
325 179
325 655
325 647
325 1203
325 514
326 526
326 233
326 211
326 483
327 533
327 1218
327 603
327 237
327 433
327 1075
327 718
327 1
328 241
328 117
328 726
328 234
328 566
328 331
328 237
328 65
328 172
328 275
328 689
328 510
328 73
328 474
328 435
329 423
330 50
330 418
330 479
331 7
331 64
331 694
331 306
332 369
332 456
332 255
332 82
333 127
334 558
334 258
334 403
334 222
334 430
334 124
334 1133
334 316
334 1048
334 675
334 135
334 238
336 186
336 56
336 26
336 475
336 168
337 230
338 174
338 488
338 792
338 516
339 639
339 511
339 7
339 23
339 650
339 327
339 211
339 53
339 483
339 176
339 200
340 526
340 486
342 149
342 655
342 12
342 408
342 129
342 663
342 9
342 423
343 475
343 53
343 81
343 153
343 435
343 275
343 715
343 963
343 189
343 223
343 116
343 474
343 702
343 471
343 583
344 972
344 87
344 83
344 357
344 50
344 86
344 694
345 378
345 980
345 762
345 315
345 405
345 13
345 451
346 265
346 394
346 233
346 546
346 4
346 64
346 151
346 572
347 85
348 147
351 311
351 538
352 98
353 331
354 168
354 478
354 292
354 922
354 483
354 83
354 238
354 1511
354 558
354 1007
355 310
357 334
357 245
358 639
360 286
360 205
360 181
360 521
360 423
361 531
361 166
361 466
361 527
361 692
362 312
363 1010
363 224
363 173
363 859
363 552
363 1012
363 1495
363 12
368 100
369 268
370 603
370 12
370 107
370 183
371 627
372 286
372 23
373 22
373 566
373 778
373 150
373 420
373 191
373 404
373 1110
373 169
374 735
374 27
374 526
374 159
374 97
374 637
374 412
375 443
376 514
376 707
378 162
378 22
378 588
378 272
378 164
378 686
378 660
378 703
378 144
378 204
378 591
379 286
379 96
379 265
379 200
379 504
379 529
379 197
380 50
381 135
381 742
381 529
382 334
383 480
383 316
385 474
385 429
385 47
385 945
385 489
385 433
385 528
385 192
387 1187
387 83
387 357
387 188
388 53
389 59
389 504
389 736
389 474
389 509
389 845
389 1204
389 497
389 709
389 558
389 1147
391 127
391 174
391 48
391 603
391 334
392 58
392 268
392 488
392 129
392 511
393 842
393 259
393 237
393 79
393 332
393 825
393 317
393 87
393 51
393 497
394 380
394 773
394 423
394 117
394 411
394 222
395 64
395 97
395 924
396 471
396 118
397 56
397 474
397 484
397 199
397 853
398 95
398 97
398 610
398 88
398 82
399 772
399 24
399 203
399 549
399 241
399 1137
401 88
401 198
401 435
401 83
402 471
402 480
403 925
403 235
403 1
403 118
404 310
405 127
405 195
405 1041
405 288
405 238
405 658
406 134
406 64
406 318
406 8
406 641
406 639
406 645
407 72
407 655
407 162
407 201
407 729
409 479
409 199
409 530
409 733
409 134
409 127
409 608
410 313
411 568
412 172
412 431
413 50
415 483
416 291
416 213
416 500
416 815
416 8
416 220
416 332
416 385
416 506
416 184
416 1119
416 295
416 230
416 252
416 748
416 154
416 476
416 124
417 1047
417 151
417 1086
417 465
417 154
417 248
418 895
420 475
420 86
421 174
422 93
422 126
422 475
422 181
422 98
423 689
423 344
423 15
424 304
425 943
425 79
425 316
425 269
426 483
426 100
427 300
428 242
428 879
429 195
429 1101
429 298
429 249
429 25
429 475
429 318
429 1039
429 164
429 427
429 85
429 184
429 232
430 297
432 628
432 258
434 225
435 68
435 182
435 732
435 451
435 45
435 179
435 152
435 115
435 173
435 185
435 710
435 268
435 10
436 347
436 660
436 204
436 11
436 507
436 23
437 56
437 1211
437 1036
437 237
437 173
437 1063
437 8
437 499
437 211
437 614
437 152
438 237
441 342
442 154
442 943
442 98
447 31
447 1315
447 22
448 319
448 292
448 884
450 92
450 181
450 54
450 3
450 504
450 557
450 64
450 642
450 488
450 514
450 566
450 386
450 1401
450 170
450 292
450 431
450 174
451 332
451 327
451 270
452 1204
452 199
452 156
452 161
452 185
453 202
453 50
453 475
453 273
453 272
453 7
454 237
454 77
455 98
455 269
455 77
455 1167
455 126
455 270
455 97
456 708
456 955
456 125
456 1008
456 168
457 98
457 70
457 304
457 222
457 228
457 9
457 202
457 59
457 276
457 980
457 417
457 7
457 237
457 959
458 126
458 83
458 283
458 187
458 86
458 178
459 322
459 1
460 312
461 304
462 11
462 682
463 250
464 482
464 12
464 299
465 408
466 273
466 385
467 288
468 772
468 127
468 182
468 507
468 195
468 8
468 116
469 484
469 520
470 742
470 284
471 82
471 1
471 8
471 878
472 930
472 658
472 1074
472 546
472 250
472 362
472 578
472 222
472 255
472 69
473 293
474 98
474 1045
474 496
474 486
474 735
474 172
474 203
474 97
474 506
474 99
474 88
476 168
477 722
477 49
478 393
478 367
478 1101
478 216
478 98
479 405
479 357
480 603
480 654
480 183
481 88
483 109
484 550
484 197
484 554
484 471
485 313
486 248
486 935
486 532
486 100
486 111
487 222
487 97
487 300
487 378
487 191
487 117
487 172
487 66
487 28
487 298
487 128
488 31
488 133
488 127
488 79
488 491
489 270
489 351
492 291
493 56
493 182
493 89
493 191
494 300
495 504
495 11
495 77
495 478
496 42
496 133
496 721
496 98
497 724
497 68
497 258
497 156
497 62
498 89
498 464
499 511
499 127
499 463
499 474
499 56
499 207
500 89
500 479
500 135
500 70
500 421
500 69
501 324
501 122
501 288
502 682
503 137
503 306
503 8
503 558
503 1194
503 285
503 10
503 496
503 19
504 660
504 939
504 676
504 125
504 612
504 215
504 200
504 288
504 40
504 1050
504 154
505 82
506 494
506 168
506 181
506 699
506 520
506 28
506 95
506 195
506 425
508 191
509 705
509 302
511 271
511 294
512 56
513 50
514 191
514 527
514 747
514 48
514 778
515 307
515 271
516 194
516 582
517 1177
518 717
518 129
518 475
520 25
520 690
521 246
522 543
522 180
523 863
523 629
523 638
523 1009
523 211
524 928
524 126
524 265
524 69
524 546
524 311
524 707
524 506
524 193
524 514
525 685
526 315
526 100
527 640
527 498
527 671
527 709
527 647
528 657
529 1038
529 323
530 328
530 70
531 329
532 633
532 284
532 300
532 1428
532 164
532 447
532 197
532 295
532 485
532 1039
532 205
532 203
533 297
533 603
533 328
533 258
533 127
533 949
533 126
533 282
534 7
534 756
534 333
535 632
535 284
535 87
535 7
535 137
536 213
536 386
536 79
536 98
536 432
536 603
537 207
537 699
537 89
537 185
537 180
537 1085
537 479
537 527
538 216
538 11
538 275
539 382
539 956
540 455
541 204
541 459
541 511
541 946
541 420
542 172
542 1098
543 170
543 529
545 68
545 222
545 199
545 413
545 95
545 578
545 233
545 218
546 413
546 346
546 234
548 298
548 603
548 751
551 238
551 1039
551 1135
551 15
551 334
551 92
551 72
551 596
551 17
551 183
551 117
551 7
551 26
551 943
553 478
553 191
553 655
553 99
554 230
554 118
554 79
554 117
554 98
555 252
556 513
556 134
556 64
557 292
557 165
558 124
559 318
559 519
559 182
559 199
560 12
561 615
561 443
561 91
562 174
562 1039
563 118
564 118
564 121
565 971
565 83
567 387
567 1131
567 176
567 298
567 490
567 514
567 608
567 23
568 224
569 291
572 300
573 275
573 480
573 134
573 192
574 754
575 318
576 1
576 825
577 1042
577 427
577 98
577 216
577 22
579 98
579 169
579 709
581 1353
585 165
585 1149
586 926
586 820
587 914
588 402
588 471
588 395
588 164
588 234
588 684
588 721
588 8
588 421
589 304
591 204
591 956
591 100
592 1623
592 313
592 157
592 320
592 173
592 410
592 23
592 179
592 847
592 936
592 271
592 22
592 221
592 1010
592 357
592 276
593 223
593 204
594 14
595 546
595 268
596 286
596 295
598 308
599 756
599 1278
599 888
599 284
600 177
600 399
600 511
600 230
600 174
601 181
601 87
601 191
601 230
601 132
601 201
601 504
601 154
601 479
601 763
603 89
603 1240
604 7
605 153
605 98
605 949
606 56
606 88
606 195
606 93
606 508
607 847
607 56
607 475
608 735
608 133
608 427
608 1124
608 607
608 483
610 216
610 133
610 505
610 1
611 307
611 344
612 147
613 50
614 100
615 509
616 313
616 355
616 349
616 1313
617 320
617 357
617 582
617 175
617 573
618 66
618 265
619 566
619 118
620 98
620 246
620 740
621 780
621 257
621 790
621 423
622 4
622 433
622 117
622 109
622 228
622 214
624 293
625 50
625 23
627 523
627 735
628 242
629 651
629 174
629 195
629 69
629 132
629 111
630 121
631 315
632 184
632 12
632 51
632 385
632 194
633 939
633 195
634 628
634 282
634 591
635 302
637 181
637 742
638 22
638 181
638 186
638 117
639 98
639 178
639 194
641 432
641 484
642 138
642 245
642 186
642 470
642 585
642 383
642 22
642 210
642 496
642 1239
643 246
643 1012
643 67
643 603
643 404
643 189
643 715
643 268
643 519
643 780
644 871
644 117
644 328
645 956
645 506
647 73
648 145
648 929
648 174
648 505
648 479
648 96
648 825
648 172
650 552
651 269
653 684
653 521
653 188
653 328
654 237
654 196
654 385
654 291
654 678
654 28
654 144
654 284
654 153
654 468
655 607
655 183
655 1131
655 313
655 739
655 143
655 483
655 844
658 273
658 276
659 183
659 210
659 568
660 173
660 172
660 50
660 603
661 647
661 496
661 118
661 210
663 762
663 544
663 975
663 588
664 642
664 479
664 71
664 172
664 228
664 132
664 611
665 9
665 762
665 56
666 494
666 956
666 269
666 200
666 206
667 223
668 752
669 603
670 417
671 546
672 874
674 742
674 181
676 259
676 169
677 742
677 101
677 475
679 56
680 195
680 257
680 9
680 294
682 202
682 67
682 98
682 774
682 468
682 431
682 250
682 1039
682 720
683 62
684 70
686 50
686 214
686 234
686 197
688 288
688 898
688 1234
690 546
690 127
691 50
693 218
693 939
693 185
694 135
694 72
694 121
694 89
694 196
694 202
694 178
694 584
694 432
695 260
697 150
697 473
697 689
697 50
698 648
698 210
698 131
698 132
699 100
699 324
699 268
699 246
699 544
699 323
701 303
703 222
705 385
705 95
705 282
705 196
706 1
707 703
707 425
707 953
707 527
708 284
708 471
709 1059
709 508
709 568
710 277
710 603
711 317
711 622
711 286
711 744
711 181
711 162
711 58
711 655
712 949
712 366
712 1220
715 181
716 483
716 210
716 498
716 601
716 499
716 443
716 143
716 387
716 95
717 150
717 476
717 245
717 685
717 299
717 343
718 15
721 739
721 284
721 1119
721 735
724 288
726 294
727 809
727 246
727 42
728 116
730 15
731 202
733 276
733 273
738 144
738 95
738 189
739 195
739 318
741 131
744 479
744 127
744 483
745 427
745 64
746 117
747 28
747 93
747 178
747 313
747 945
747 408
747 423
747 109
747 111
747 48
748 195
748 180
748 328
749 144
749 233
749 322
749 136
749 73
751 738
751 181
752 344
752 288
752 307
753 527
753 242
754 1016
755 286
755 880
756 183
756 588
757 202
757 71
757 809
758 124
758 922
758 385
758 1022
758 271
758 79
758 715
759 281
763 173
763 224
764 527
764 595
764 864
766 602
766 521
767 524
768 282
768 1
768 14
770 301
770 15
770 937
770 258
770 546
771 50
771 993
771 768
771 91
772 271
772 272
772 304
773 127
773 1252
773 50
773 154
774 526
774 193
775 269
776 177
776 95
777 223
778 200
779 21
780 199
780 187
780 339
780 313
781 97
782 292
782 748
782 1662
784 877
784 344
784 260
786 187
786 125
786 230
786 692
786 222
787 748
787 307
787 749
788 218
788 357
788 482
788 79
788 423
788 662
788 199
788 729
789 93
790 436
790 550
790 284
792 1015
794 224
794 557
795 184
796 732
796 391
796 403
796 419
796 478
796 173
796 4
796 705
796 291
796 487
796 568
796 326
798 403
798 168
798 690
798 805
798 259
798 768
798 191
798 405
799 1063
800 742
800 237
802 326
802 7
802 879
803 340
803 321
804 184
804 195
804 211
804 153
804 128
804 1016
804 69
804 168
804 215
804 603
804 646
804 204
804 739
805 100
805 428
805 79
805 176
805 401
805 396
805 12
805 1008
805 382
806 705
806 421
806 408
806 179
806 1012
806 484
807 193
807 546
807 602
807 511
808 340
809 286
809 300
812 678
812 326
815 71
815 193
815 98
815 96
815 713
815 529
816 1025
817 288
819 1537
821 98
821 459
823 478
823 721
823 174
823 708
823 111
824 259
825 7
825 176
825 619
825 1034
825 930
826 271
826 174
826 624
826 233
828 270
828 269
828 903
828 286
829 100
829 313
830 588
830 313
830 310
831 12
833 1070
833 474
833 151
833 673
834 150
834 544
834 245
834 307
835 285
835 1278
835 193
835 325
836 258
837 328
837 274
838 191
838 204
838 111
838 181
838 257
840 609
840 506
840 367
840 45
840 1065
841 272
843 250
844 207
844 257
844 55
844 172
845 242
846 396
846 141
846 2
846 463
846 66
846 650
846 381
846 172
846 497
846 215
847 168
847 172
848 484
848 566
848 490
848 176
848 151
848 204
850 173
850 202
851 22
851 121
851 473
851 1016
851 875
851 172
852 841
852 50
853 302
853 1025
854 50
854 64
854 200
854 151
854 604
855 462
857 14
857 321
859 535
860 202
861 531
862 520
862 10
862 147
862 472
862 544
862 651
862 483
862 82
863 313
863 1243
864 222
864 755
864 121
864 729
864 136
864 265
864 286
864 223
864 546
864 559
865 919
865 7
867 289
867 12
867 31
867 651
867 650
868 127
868 317
868 240
868 640
869 249
870 79
870 90
870 188
870 182
870 265
870 479
870 772
870 172
870 56
870 197
870 673
871 301
871 79
872 237
872 895
874 150
874 182
875 64
875 333
875 173
875 176
875 181
875 461
876 511
876 294
877 1402
877 371
877 56
877 274
877 271
877 748
878 19
879 866
880 71
880 238
880 147
880 1157
880 732
881 106
881 135
881 615
881 222
881 523
881 530
881 134
882 932
882 205
882 405
882 95
883 387
883 1021
883 1171
883 490
883 60
883 8
883 1012
883 7
884 116
884 921
884 179
884 198
885 405
886 100
886 819
886 265
886 174
886 50
886 1217
886 209
887 845
887 768
887 122
887 1413
888 792
889 657
889 1153
889 659
889 32
889 82
889 211
889 3
890 89
890 179
890 340
891 742
892 7
892 273
892 159
892 188
892 172
892 216
892 500
892 1269
892 797
892 482
893 69
894 754
894 19
894 248
894 863
894 591
895 283
896 134
896 478
896 144
896 183
896 22
897 660
897 1531
897 151
897 470
897 222
897 172
898 288
899 218
899 96
899 275
899 66
899 470
899 237
899 83
901 28
901 378
901 391
901 172
901 181
902 144
902 306
902 480
903 282
903 1101
903 13
903 651
903 192
903 642
903 89
903 509
903 333
904 111
905 150
905 508
907 225
907 934
907 19
907 620
908 183
909 292
910 222
911 625
911 203
912 602
913 183
913 475
916 919
916 83
916 238
916 183
916 484
916 527
918 143
918 1266
918 659
918 856
919 813
919 660
919 125
919 715
921 202
921 181
922 143
922 83
922 290
923 831
924 100
924 923
924 9
926 272
927 155
927 404
928 127
928 8
929 479
929 483
929 195
931 316
931 286
931 275
932 134
932 611
932 429
932 1
933 193
933 69
933 435
933 87
934 462
934 660
934 481
934 605
935 125
935 815
936 111
936 1199
936 281
936 16
936 287
937 295
938 225
938 275
939 280
940 66
940 651
940 173
940 204
942 50
942 124
942 423
942 303
942 705
943 928
943 79
943 42
943 195
5 455
8 144
35 333
45 13
91 612
92 248
119 1052
127 50
137 89
146 1294
184 382
189 639
201 461
224 196
227 127
230 168
252 129
268 172
269 1148
276 96
279 1288
285 194
296 32
297 455
305 856
308 184
327 856
328 549
340 172
341 299
349 619
352 172
354 929
401 724
403 181
429 275
431 303
441 338
455 31
471 465
486 1202
495 157
498 127
526 147
533 651
544 313
545 265
556 482
566 7
567 209
575 194
576 204
577 194
579 194
598 313
634 294
635 333
648 684
650 385
661 204
683 132
689 50
692 1
694 357
697 287
701 311
784 303
785 1
790 231
792 471
808 748
818 313
821 213
837 285
841 307
846 133
864 127
868 646
900 205
922 228
924 701
926 302
933 7
