1 84
1 198
1 268
1 64
1 178
1 106
1 65
3 344
3 346
5 222
5 173
6 274
6 509
6 9
6 135
6 527
6 23
6 197
6 166
7 558
7 663
7 134
7 632
7 471
7 10
7 582
7 429
7 679
7 207
7 192
7 382
7 204
8 228
8 82
9 242
10 558
10 505
10 493
10 701
10 486
11 699
11 508
11 229
11 203
11 111
12 735
13 72
13 211
13 655
13 896
13 88
13 686
13 319
13 789
13 168
13 124
13 347
14 269
14 222
14 519
14 210
14 922
15 15
16 178
16 39
16 240
16 144
16 942
16 693
16 502
16 939
17 1
18 856
18 137
18 496
18 498
18 142
18 100
18 175
18 131
18 65
18 1
18 287
18 22
18 132
21 7
21 844
21 298
22 118
22 168
22 222
22 204
22 173
22 128
22 568
23 275
23 385
23 856
23 528
24 763
24 100
25 479
26 751
26 126
26 515
28 164
28 573
29 306
29 286
29 12
30 172
33 343
33 258
34 324
36 339
37 27
37 176
38 112
38 71
38 392
41 153
42 781
42 136
42 102
42 282
42 181
42 125
43 336
43 298
43 705
43 660
43 237
43 143
43 966
43 648
43 866
43 588
43 257
44 380
44 175
44 195
45 764
45 952
48 483
49 53
49 12
49 789
51 136
54 118
54 258
56 193
56 692
56 447
56 219
58 511
58 171
58 156
58 645
59 185
59 447
59 382
59 443
59 755
59 1101
59 28
59 65
59 972
59 39
59 1093
59 764
59 432
59 649
59 845
60 604
60 445
60 484
60 729
60 529
62 69
62 651
62 125
62 171
62 258
62 528
62 856
63 1009
64 196
64 141
64 81
64 496
65 64
65 216
69 124
70 183
70 181
71 462
72 591
72 134
72 196
72 527
72 654
72 642
73 518
73 154
74 690
75 137
75 405
76 286
76 93
77 238
77 523
79 222
80 58
80 303
80 79
81 147
82 484
82 318
83 63
83 623
83 932
83 191
83 717
84 225
84 286
84 12
84 591
85 182
85 451
85 86
85 642
85 955
85 499
85 199
85 192
85 154
85 443
85 482
87 209
87 48
87 783
87 66
89 181
89 100
89 277
89 240
89 197
90 480
90 656
90 98
90 750
90 193
90 501
90 20
90 836
90 811
90 603
91 192
91 527
91 181
92 708
92 273
92 238
92 747
92 628
92 428
92 144
92 663
92 5
92 963
92 955
92 218
94 208
94 173
94 176
94 68
94 235
94 685
95 199
95 142
95 202
95 175
95 144
95 77
95 117
95 356
96 673
97 168
98 514
98 116
99 751
99 651
99 1047
99 7
99 174
99 742
101 117
102 50
102 202
102 319
103 56
103 301
105 324
105 272
106 313
106 584
109 451
109 356
109 56
109 295
109 69
109 179
109 156
110 77
112 879
113 595
115 847
116 1142
116 285
116 806
117 886
118 413
119 204
119 323
120 744
120 924
121 1
123 14
123 165
123 9
124 226
125 511
125 143
126 1175
128 191
128 736
128 86
128 478
128 433
128 210
128 28
129 286
129 269
130 1277
130 93
130 532
130 1220
130 313
130 239
130 158
130 333
130 132
130 946
130 229
130 195
130 117
131 127
132 922
134 539
135 183
136 283
137 79
137 55
138 15
139 744
141 281
141 472
141 291
141 619
143 328
143 322
144 293
144 212
144 1197
144 129
144 187
144 180
145 195
145 31
145 650
145 164
145 816
145 1073
145 123
145 763
145 89
145 470
145 209
145 282
146 315
148 169
149 286
150 628
150 93
150 319
151 972
151 486
151 173
151 480
151 301
151 782
151 505
151 659
151 163
151 629
151 79
151 66
151 939
151 186
151 735
151 435
151 499
152 280
152 1028
152 8
152 364
154 357
157 150
157 283
158 182
158 745
158 709
158 275
159 866
160 288
160 462
160 11
160 79
160 1
160 484
160 475
163 318
163 272
164 934
165 91
167 1147
167 1125
167 8
167 86
167 1126
169 705
171 270
173 331
173 301
173 334
173 690
174 1282
174 347
174 332
174 315
174 12
174 50
174 699
174 471
176 948
177 195
178 230
178 241
178 1101
178 83
178 124
179 340
179 272
180 56
180 318
180 961
182 172
183 216
183 274
183 222
184 473
184 181
184 95
184 529
184 602
184 196
184 40
184 192
185 703
185 286
186 1253
186 159
187 197
188 164
188 88
189 135
189 196
189 459
189 520
189 172
189 501
190 310
192 813
193 553
193 218
194 223
194 124
195 134
197 289
197 665
197 311
198 651
198 429
199 408
199 285
200 431
200 771
200 125
200 234
200 135
200 892
200 286
200 582
200 465
200 176
200 173
200 402
200 313
201 50
201 334
201 98
201 479
201 47
201 216
201 435
202 516
203 117
203 879
203 628
206 346
207 317
207 746
207 302
207 179
207 242
210 234
210 79
210 97
210 692
210 88
210 465
210 96
211 528
212 268
213 100
213 157
213 121
213 55
213 56
214 20
214 173
214 324
214 408
215 157
215 523
216 466
216 3
216 202
216 81
217 195
217 79
218 514
218 659
220 305
221 318
221 178
221 144
221 508
221 467
222 66
222 223
222 174
222 248
222 268
222 53
222 685
222 164
223 298
223 470
224 318
224 313
224 468
224 582
225 22
226 14
226 109
227 287
227 137
228 427
230 97
230 627
230 280
230 432
230 185
232 32
233 70
233 204
233 192
234 170
234 603
234 1463
234 923
234 502
234 675
234 313
234 1186
234 606
234 197
236 222
236 427
236 148
236 304
236 203
237 423
237 183
239 527
239 210
239 855
239 531
239 137
239 242
239 605
239 317
244 171
244 276
244 724
244 707
244 135
244 95
244 237
244 154
244 475
244 197
244 566
244 1057
245 300
246 260
246 840
246 567
246 50
246 568
246 198
246 185
247 28
249 462
249 483
249 235
249 98
249 844
249 147
250 943
250 55
250 116
250 98
250 175
250 100
251 202
252 268
252 410
253 97
254 143
254 181
254 234
254 230
254 140
254 69
254 210
255 682
256 12
256 188
256 322
257 381
257 1008
258 326
259 210
259 750
261 322
262 423
262 631
262 65
262 238
263 86
263 31
263 498
263 82
264 382
264 26
264 655
264 525
264 671
264 123
264 1074
265 117
265 258
266 508
266 268
267 1240
267 180
267 1035
267 710
267 655
267 189
267 100
268 357
268 228
269 959
269 515
269 211
269 640
269 498
269 396
270 703
270 79
270 722
270 319
270 739
271 197
271 169
271 651
271 482
272 98
272 205
272 42
273 311
274 744
274 1060
274 685
275 98
276 11
276 151
276 169
276 273
276 1218
276 943
276 72
276 22
276 844
276 33
276 117
276 603
276 168
276 139
277 282
277 284
278 347
278 525
278 269
278 515
279 372
279 73
279 1034
279 709
279 751
279 128
280 102
280 161
280 416
280 384
280 98
280 95
280 1221
280 402
280 1066
280 216
281 304
282 288
283 435
283 1079
283 659
283 95
284 887
284 344
285 538
286 393
286 709
286 1280
286 175
286 168
286 275
287 710
287 222
287 246
287 121
288 887
288 300
288 632
288 182
289 455
289 117
290 161
290 82
290 210
290 257
290 732
290 588
291 250
291 214
291 262
291 156
291 1012
291 28
291 420
291 568
291 558
292 58
292 190
292 195
293 568
293 479
293 297
293 55
293 445
293 23
293 582
293 1333
293 653
294 1012
294 246
295 420
295 69
295 235
295 68
295 56
295 1133
295 561
295 39
296 48
296 272
296 286
296 685
296 923
296 750
296 284
297 12
297 480
297 90
297 357
297 475
297 20
297 25
298 432
298 265
298 333
298 211
299 168
299 607
299 318
299 174
299 23
299 127
299 479
299 1073
299 965
299 510
301 197
301 496
301 204
301 98
301 218
301 47
301 702
301 73
301 1012
301 451
301 403
303 956
303 170
303 631
303 385
303 1073
303 333
303 268
303 418
303 215
303 501
305 528
305 1018
305 127
305 529
305 431
305 14
305 50
305 690
306 744
307 99
307 483
308 712
308 558
308 1019
308 211
308 965
308 203
308 285
308 174
308 85
308 425
308 95
308 583
308 143
308 825
308 487
308 568
309 331
309 879
311 194
311 127
311 43
311 135
311 735
311 480
311 215
311 511
311 69
311 942
312 1451
312 57
312 1299
312 8
312 1039
312 519
312 505
312 495
313 404
313 203
314 78
314 12
314 1139
314 105
314 1297
314 410
314 815
314 791
314 1518
314 578
314 237
314 501
314 327
314 1032
314 1145
315 523
315 13
316 483
316 651
316 1039
318 138
318 194
318 275
320 22
320 241
320 89
320 248
321 519
321 132
321 462
322 603
322 272
323 1012
324 508
324 873
324 260
325 186
325 152
326 520
326 655
326 94
327 22
327 1101
327 634
327 960
327 234
327 219
328 192
328 77
328 521
328 71
328 328
329 272
329 12
330 286
330 603
330 69
330 88
330 422
330 210
330 660
330 238
330 235
331 59
331 868
332 678
332 127
332 258
332 96
332 405
332 5
332 728
334 961
334 129
334 272
334 1163
334 1524
336 1118
336 1048
337 1016
339 82
339 427
339 642
339 213
339 47
339 286
339 525
339 480
340 946
342 1007
342 191
342 320
342 8
342 237
343 521
343 778
343 231
343 144
343 655
343 423
343 367
343 258
343 211
343 154
343 203
343 132
343 10
344 433
344 191
344 202
344 190
344 496
344 119
345 433
345 402
345 258
345 479
345 196
346 172
346 802
346 77
346 127
347 268
347 69
347 763
347 172
348 123
349 20
349 475
350 429
350 176
350 98
351 984
351 289
351 990
352 50
352 156
352 568
354 497
354 811
354 962
354 19
354 47
354 659
354 57
354 533
356 313
357 270
357 220
357 455
357 597
358 8
359 181
360 257
360 134
360 165
360 297
361 286
361 654
362 333
362 245
363 591
363 770
363 792
363 825
363 1019
364 286
366 443
366 56
367 443
367 665
372 443
372 672
372 561
373 99
373 393
373 114
373 727
373 658
373 625
373 196
374 237
374 568
374 135
374 288
374 385
374 1033
374 31
374 880
378 98
378 173
378 436
378 482
378 420
378 447
378 100
378 286
378 83
378 175
379 710
379 622
379 566
379 526
379 707
379 1113
379 238
379 528
380 151
380 190
380 465
380 845
381 212
381 151
381 228
382 59
383 9
383 604
383 464
383 302
384 286
385 427
385 1097
385 654
385 235
385 657
385 656
386 1016
387 10
387 187
387 547
387 320
387 156
387 201
388 200
388 313
388 559
388 845
388 1
389 507
389 514
389 518
389 506
390 304
390 328
391 59
391 177
391 427
391 182
392 513
392 492
392 181
392 272
393 480
393 596
393 463
393 161
393 227
393 684
393 95
393 710
393 22
393 27
393 578
393 118
393 328
394 739
394 218
394 257
394 22
394 123
394 393
395 258
395 174
396 1
397 109
397 178
397 172
398 211
398 87
398 79
398 588
398 196
399 53
399 302
399 924
399 11
401 194
402 19
402 255
403 477
403 471
403 515
404 22
405 4
405 356
406 443
406 32
406 183
406 97
406 191
406 1109
406 715
406 127
406 430
406 432
406 57
407 214
407 184
407 217
408 242
409 1558
409 478
409 1070
409 1020
409 659
411 4
412 175
414 302
416 44
416 56
416 298
416 354
416 313
416 1540
416 918
416 763
416 219
416 58
416 281
416 173
416 300
416 97
416 304
416 15
417 131
417 17
417 825
417 506
417 326
417 127
417 451
418 288
420 603
420 190
420 127
421 98
421 427
422 258
423 245
423 750
424 100
425 271
425 301
425 429
425 307
428 538
428 334
428 269
428 347
429 204
429 710
429 602
429 194
429 11
429 98
429 207
429 967
430 98
432 255
432 249
433 748
435 226
435 24
435 187
435 588
435 520
435 1016
436 1053
436 974
436 367
436 392
437 511
437 436
437 124
437 447
437 162
437 249
437 482
437 657
437 501
440 324
440 361
440 242
442 635
442 628
445 28
445 1129
447 294
447 135
447 276
447 435
447 760
447 206
447 237
449 286
449 9
449 936
450 702
450 302
450 10
450 144
450 176
450 969
450 11
450 428
450 203
450 56
450 707
450 521
450 218
450 1152
450 94
450 507
450 168
450 155
450 736
450 467
450 356
450 696
451 335
451 984
452 488
452 318
452 509
452 531
452 492
452 269
453 100
453 423
453 168
453 693
455 258
455 549
455 942
456 211
456 172
456 474
456 127
456 22
457 229
457 175
457 357
457 428
457 1
457 219
457 232
457 640
457 121
457 531
457 655
458 143
458 189
459 172
463 16
464 257
465 114
465 127
466 195
466 260
467 1016
467 127
468 357
468 724
468 209
468 22
468 173
468 170
469 641
469 65
470 150
470 475
470 305
472 443
472 62
472 472
472 64
472 825
472 227
472 475
472 739
472 90
472 890
472 566
472 401
472 215
472 217
472 1053
472 597
472 403
474 69
474 286
474 175
474 427
474 56
474 529
474 207
474 523
474 628
474 484
474 135
474 481
474 282
474 507
474 649
474 121
476 73
476 648
476 393
476 186
476 4
477 36
478 843
478 451
478 427
478 79
478 178
478 137
479 200
479 182
479 89
479 489
479 879
479 483
479 153
479 732
479 474
479 421
479 651
479 211
479 1039
479 121
480 12
480 462
481 596
484 161
484 111
484 98
484 82
486 25
486 1405
486 7
486 221
487 92
487 96
487 216
487 50
487 99
487 748
487 1209
487 11
487 789
488 205
489 1293
489 347
489 316
489 358
490 741
491 19
492 193
492 511
492 56
493 183
493 257
493 693
493 186
494 194
495 54
495 145
495 423
496 532
496 774
496 181
497 111
497 177
497 408
497 268
497 172
497 741
497 550
497 746
498 50
498 23
499 328
499 887
499 87
500 59
500 1326
500 30
500 134
500 60
502 338
502 313
502 288
503 185
503 197
503 443
503 1317
503 318
503 488
503 100
503 509
504 208
504 969
504 628
504 404
504 212
504 197
504 1090
504 514
504 1421
505 95
505 328
505 99
506 478
506 73
506 194
506 89
506 447
506 836
507 121
508 200
508 188
509 288
510 678
510 326
511 260
511 1527
512 191
512 198
512 50
513 258
514 135
514 87
514 474
514 682
514 431
514 7
516 515
516 628
517 748
517 300
518 25
519 1591
519 1434
519 1280
519 351
521 33
521 268
522 179
522 492
522 523
523 189
523 72
523 575
523 301
523 67
523 163
524 301
524 712
524 604
524 709
524 484
524 670
524 646
524 118
524 92
525 300
526 272
526 285
527 511
528 181
528 83
532 8
532 655
532 425
532 914
532 44
532 917
532 453
532 508
532 679
532 834
533 177
533 747
533 117
533 300
533 54
533 161
534 148
534 117
534 595
534 455
534 288
534 1
535 209
535 953
535 16
535 921
535 628
535 179
535 178
535 638
535 9
535 709
536 614
536 486
536 148
536 1
536 62
536 385
537 58
537 514
537 7
537 168
537 508
537 718
537 661
538 496
538 318
539 661
539 303
539 19
540 1048
541 173
541 143
541 474
541 142
541 1084
541 234
542 496
542 479
542 191
542 763
542 432
543 9
543 183
543 96
543 576
543 480
544 300
546 109
546 769
548 1244
548 1014
548 1051
548 316
548 300
548 307
550 222
551 11
551 924
551 64
551 802
551 1169
551 284
551 88
551 200
551 135
551 272
551 318
551 121
551 33
553 524
554 11
554 191
554 204
554 275
554 132
555 328
555 489
555 748
556 268
557 198
557 750
557 337
558 744
558 508
560 134
560 1014
561 503
561 46
561 98
561 276
561 425
561 238
561 11
561 664
562 582
564 472
564 344
566 582
566 165
566 20
566 1005
566 170
567 223
567 299
567 482
567 134
567 197
567 175
567 271
567 246
567 9
568 641
568 185
569 236
569 473
570 286
571 462
573 661
574 1313
574 245
574 289
574 300
574 344
575 427
577 665
577 174
577 399
578 1016
579 333
579 111
579 1
580 871
580 343
582 246
583 83
583 530
583 209
583 175
585 14
586 210
587 271
587 313
587 305
587 316
587 937
588 71
588 315
588 265
588 697
588 645
588 559
588 83
589 689
590 124
590 744
591 393
591 487
591 4
591 13
592 47
592 443
592 189
592 657
592 127
592 527
592 129
592 255
592 295
592 1016
592 382
592 246
592 347
593 174
593 131
593 739
593 58
593 117
593 140
594 127
595 1059
595 1010
595 410
597 127
599 1095
601 173
601 91
601 168
601 208
602 294
603 429
603 100
604 100
605 100
606 176
606 228
606 99
606 472
606 619
606 747
606 313
606 844
607 30
608 753
608 98
608 25
608 1063
608 288
608 131
608 487
608 56
608 549
608 187
609 125
610 527
610 162
611 305
611 882
612 1060
613 64
613 194
613 272
613 1315
613 603
614 235
615 526
615 262
615 180
616 289
618 318
618 98
618 200
618 404
618 234
618 44
618 56
619 183
619 187
620 140
620 82
621 7
622 427
622 451
622 363
622 86
622 169
624 471
624 980
624 321
625 4
625 91
625 480
625 197
627 22
627 182
627 9
627 510
627 792
627 157
627 191
629 238
629 317
629 162
629 268
630 255
630 595
632 356
632 168
632 485
632 82
632 419
634 129
634 340
636 106
637 338
638 183
638 96
638 175
639 1194
639 462
639 212
640 209
640 684
640 382
640 195
640 180
641 89
641 23
641 969
641 242
642 294
642 1078
642 166
642 926
642 411
643 516
643 163
643 99
643 132
643 216
643 474
643 447
643 129
644 322
644 330
645 435
645 640
645 191
645 1159
647 748
647 197
648 431
648 399
648 1
648 178
648 123
648 144
650 520
650 483
650 164
650 172
652 96
653 492
653 22
653 79
653 210
653 157
653 310
654 568
654 223
654 117
654 215
654 56
654 128
654 143
655 1418
655 528
655 517
655 1107
658 488
658 117
658 603
658 518
659 136
659 66
659 178
659 655
660 196
660 432
661 1
661 86
661 433
663 475
663 187
663 895
664 64
664 654
664 223
665 473
666 855
666 236
666 209
666 255
666 709
666 1021
666 56
666 498
666 517
666 318
667 427
667 86
668 340
668 288
669 248
669 480
669 82
669 192
669 205
670 195
670 8
670 228
671 385
671 210
674 125
675 750
676 482
677 222
677 151
679 28
679 83
680 50
682 654
682 181
683 289
683 327
684 100
686 318
686 205
688 349
689 300
689 257
689 222
690 223
690 435
690 232
690 174
692 1132
693 488
694 211
694 526
694 132
694 705
694 429
694 239
694 527
694 659
696 178
697 277
697 123
697 121
698 173
698 434
698 176
698 485
698 194
698 172
701 286
701 304
703 50
704 432
704 210
704 269
704 429
705 111
705 1043
705 257
705 121
705 82
707 318
707 162
707 1109
707 427
707 100
708 304
708 151
709 187
709 64
709 849
709 203
709 125
709 183
709 232
710 182
711 421
711 95
711 22
711 588
711 704
711 10
711 91
711 134
712 781
712 660
712 421
712 465
712 378
712 731
714 50
715 471
715 955
715 12
716 318
716 215
716 660
716 205
716 82
716 724
716 293
716 549
717 111
717 333
717 147
717 302
718 257
720 902
720 333
721 172
721 204
721 216
721 28
722 471
722 237
725 328
726 1059
727 191
727 28
728 322
730 7
731 427
731 237
731 97
732 243
734 143
734 121
734 591
736 1388
737 187
738 153
738 208
738 318
738 385
738 603
740 269
741 196
741 83
741 70
741 403
745 124
746 157
746 186
746 79
746 1
747 315
747 501
747 265
747 481
747 174
747 204
747 416
747 478
747 82
747 475
747 596
747 461
747 98
748 515
748 114
748 181
748 187
748 603
748 4
749 68
749 402
749 210
749 746
749 211
749 174
749 550
749 280
749 178
749 655
749 659
749 1016
749 1136
751 87
751 272
751 1011
751 204
751 79
751 28
752 683
753 484
753 272
754 937
754 282
755 304
757 198
757 176
757 183
758 512
758 184
758 502
758 1142
758 526
758 657
758 171
758 480
758 224
758 192
758 547
762 421
763 100
763 16
763 209
763 507
764 673
764 7
764 121
764 143
766 89
768 313
773 1097
773 639
773 357
773 1555
773 181
774 241
774 530
776 134
778 550
782 313
782 300
783 343
783 299
783 346
783 750
784 327
786 177
786 89
786 237
787 326
788 326
790 273
790 401
790 7
790 174
790 116
791 300
791 302
792 15
794 473
796 38
796 176
796 1042
796 511
796 274
796 781
796 222
796 318
796 191
796 185
798 323
798 110
798 746
798 709
799 1545
800 275
801 354
801 333
802 194
802 670
802 681
802 444
803 887
804 742
804 82
804 218
804 310
804 205
804 651
804 566
804 172
804 233
804 50
804 235
804 322
805 422
805 806
805 135
805 525
805 352
806 483
806 180
806 318
806 186
807 451
807 578
807 102
807 168
807 298
807 1050
809 299
810 243
810 286
810 678
812 873
813 310
814 219
815 65
815 86
815 57
815 528
815 99
815 239
815 919
815 613
815 230
819 744
819 286
821 435
821 151
821 71
822 169
823 195
823 1067
823 475
823 90
825 685
825 273
825 866
825 237
826 336
826 182
828 512
829 515
829 475
830 211
830 22
830 89
830 451
830 205
833 12
833 127
833 521
833 195
834 744
834 151
835 685
835 609
835 162
835 313
835 591
836 880
836 318
837 111
837 13
838 174
838 286
840 884
840 7
840 152
840 357
840 511
840 216
841 331
841 316
842 306
842 268
843 141
843 636
843 831
845 310
846 470
846 738
846 135
846 173
846 417
846 1473
846 22
846 76
846 479
846 728
846 494
846 200
846 478
847 144
848 50
848 479
848 512
848 423
848 451
848 238
848 265
848 196
848 419
849 15
850 50
851 355
851 544
851 824
851 204
851 79
852 257
854 664
854 127
854 168
857 19
857 275
857 283
858 333
861 584
862 1011
862 979
862 181
862 195
862 89
862 117
862 413
862 59
862 434
863 1431
863 307
863 268
863 305
863 324
864 470
864 194
864 202
864 399
864 100
864 200
864 356
864 357
864 232
865 268
865 744
867 286
867 496
868 173
868 1
868 132
868 854
868 427
868 179
869 411
869 275
869 116
870 83
870 657
870 1098
870 558
870 789
870 367
870 276
871 121
875 523
875 50
875 480
875 496
878 170
878 659
878 275
879 222
880 1222
880 258
880 307
880 1016
880 100
880 92
880 316
881 546
881 642
881 143
881 511
881 282
881 95
881 174
882 393
882 230
882 471
882 168
882 378
882 143
883 65
883 694
883 517
883 273
883 302
883 1448
883 16
883 96
883 956
883 283
885 432
885 161
885 949
886 1
886 824
886 12
886 762
886 1010
886 129
887 118
887 115
887 56
887 8
887 755
887 111
887 578
887 410
887 95
887 172
887 204
887 318
887 368
888 631
889 150
890 479
890 632
890 208
890 168
890 313
890 185
890 157
891 286
891 471
891 531
892 49
892 117
892 612
892 636
892 131
892 321
892 732
892 497
892 89
893 117
894 1379
894 462
894 344
894 923
894 292
894 83
894 536
894 190
894 847
896 168
896 24
896 96
896 88
897 588
897 201
897 186
897 143
897 141
897 288
898 302
899 282
899 176
899 694
899 194
899 168
899 283
901 94
901 988
901 210
901 1120
903 820
903 56
903 91
904 781
904 739
904 747
905 458
907 869
907 1051
908 28
909 116
911 588
912 423
912 419
913 56
913 228
913 203
913 50
913 750
916 88
916 583
916 196
916 223
916 1010
916 1005
916 30
916 1335
916 509
916 1011
916 959
916 91
916 721
916 462
917 276
918 16
919 382
919 70
919 1086
919 126
919 117
919 313
921 259
921 15
921 274
921 400
921 66
922 151
922 68
922 431
923 829
923 276
923 866
923 825
923 294
923 333
923 762
924 96
924 482
924 1
927 257
927 403
927 11
927 138
927 552
927 288
927 928
927 367
928 268
929 135
930 281
931 459
931 312
931 125
931 750
931 181
932 632
932 566
932 647
932 811
932 1121
932 414
933 474
934 134
934 223
934 811
934 83
934 69
934 963
934 212
934 419
935 546
936 547
936 818
936 476
936 127
936 324
937 275
938 288
938 508
939 127
939 15
939 409
940 170
940 213
940 269
940 709
940 315
940 258
940 7
941 993
941 298
942 659
942 661
942 496
942 261
942 969
942 31
943 184
943 672
943 196
1 162
1 251
1 23
1 82
1 107
1 28
1 210
1 59
1 96
1 151
2 306
4 294
4 354
4 288
5 89
5 436
5 233
5 428
5 174
5 24
6 318
6 534
6 495
6 98
6 491
6 185
7 179
7 465
7 307
7 163
7 217
7 22
7 194
7 649
7 286
7 444
7 608
7 401
7 527
7 660
9 479
9 691
10 59
10 611
10 245
10 178
10 9
10 602
11 196
11 173
11 737
12 15
12 753
12 127
13 302
13 917
13 100
13 137
13 491
13 732
13 847
13 739
13 814
13 187
14 524
14 211
14 56
15 308
15 866
15 310
16 629
16 100
16 197
16 87
16 202
16 194
16 9
16 294
16 70
16 237
17 137
18 319
18 509
18 8
18 286
18 463
18 404
18 9
18 516
18 631
18 805
18 180
18 154
18 487
18 519
18 512
19 258
21 558
21 9
22 651
22 227
22 154
22 174
22 712
22 550
23 133
23 83
23 588
23 408
23 59
23 405
23 427
24 200
24 237
24 173
26 127
27 370
28 209
30 164
31 262
31 875
33 328
34 245
37 96
37 385
38 678
38 384
38 28
41 188
41 173
42 196
42 183
42 785
42 28
42 228
43 4
43 49
43 25
43 732
43 71
43 301
43 12
44 240
44 185
44 198
44 209
44 307
44 22
44 200
44 1058
45 111
45 1
46 332
48 194
49 346
49 116
49 1077
49 588
50 288
52 1085
53 96
56 98
56 181
56 31
56 778
57 7
57 222
58 1012
58 433
58 223
58 1101
58 191
58 584
58 1097
59 1021
59 30
59 210
59 199
59 277
59 479
59 489
59 425
59 98
59 679
59 672
59 23
59 1074
59 50
60 474
60 496
60 161
60 327
60 519
60 229
60 173
60 136
60 174
60 64
62 199
62 222
62 1074
62 181
62 190
62 176
62 509
62 81
62 216
63 408
63 262
64 919
64 69
64 367
64 403
64 135
64 237
64 12
64 527
64 70
65 378
65 121
65 125
69 508
69 12
69 56
70 751
70 423
70 222
70 82
70 88
71 98
71 357
72 182
72 241
72 197
72 127
72 233
73 657
73 285
73 475
74 326
74 307
76 61
76 514
79 906
79 269
79 303
79 582
80 215
81 475
81 726
82 64
82 181
82 480
82 168
82 170
83 117
83 768
83 660
84 117
85 168
85 606
85 211
85 136
85 414
85 319
85 133
85 715
85 83
85 659
85 357
85 507
86 888
86 683
86 258
87 38
87 502
87 732
87 629
87 80
87 204
88 286
89 235
89 269
90 303
90 154
90 1192
90 79
90 515
90 97
90 170
90 521
90 966
92 124
92 164
92 411
92 961
92 228
92 171
92 172
92 433
94 4
94 750
94 642
94 589
94 537
94 174
94 86
94 923
94 248
94 52
94 510
94 469
95 683
95 181
95 747
95 219
95 1
96 234
96 87
96 265
96 8
97 96
97 183
99 273
99 369
99 173
99 471
100 344
101 405
102 307
102 195
102 447
103 181
108 137
108 718
109 294
109 866
109 223
110 94
112 888
112 286
113 508
114 659
114 197
115 13
115 952
115 174
115 462
116 221
116 519
117 249
117 109
118 844
118 421
119 271
119 511
119 1101
121 292
122 715
122 215
122 699
123 242
125 710
125 401
125 69
125 283
125 732
125 168
128 204
128 340
130 44
130 236
130 692
130 469
130 272
130 31
130 739
130 305
130 200
130 354
130 261
130 496
130 820
131 9
135 77
136 286
136 223
137 680
137 183
138 513
139 676
141 323
141 825
141 284
144 326
144 411
144 100
144 647
144 461
144 316
145 42
145 1245
145 222
145 185
145 572
147 898
148 209
148 1149
148 151
150 235
150 458
150 127
151 371
151 699
151 660
151 427
151 93
151 603
151 707
151 194
151 663
151 462
151 497
151 189
151 114
151 69
151 227
151 300
151 83
151 423
152 660
152 274
152 234
153 64
154 172
156 480
158 195
158 11
158 798
158 238
158 568
158 20
158 562
158 172
159 111
159 258
159 476
159 685
160 693
160 293
162 628
162 1011
162 1047
164 252
164 307
164 248
165 127
167 435
167 606
167 486
169 127
171 313
171 887
173 245
174 1262
174 268
174 1035
174 1086
174 40
174 458
174 155
176 475
176 111
177 1067
177 963
177 302
178 1
178 161
178 176
178 204
178 16
178 271
178 184
178 304
178 82
178 1035
178 28
178 100
178 367
178 1197
178 735
178 431
178 739
178 22
178 219
178 174
179 313
179 916
181 596
181 282
184 642
184 699
184 694
184 262
184 1167
184 707
185 528
186 203
186 31
187 191
187 300
188 468
188 204
188 176
189 511
189 197
189 632
190 222
191 340
192 100
192 1160
193 693
193 755
193 269
193 1078
194 28
194 144
194 197
194 588
194 199
195 47
195 127
195 55
197 272
197 344
198 1245
198 198
200 210
200 578
200 449
200 169
200 674
200 420
200 215
200 98
201 42
201 196
201 855
201 197
201 469
201 655
201 405
202 258
204 318
206 896
206 313
207 98
207 509
207 216
207 660
207 1283
207 1242
208 186
208 430
209 127
209 766
210 134
211 423
212 515
212 423
213 24
213 132
213 182
213 483
213 97
214 185
214 253
214 182
214 213
214 479
214 64
215 181
215 434
215 186
216 172
216 100
216 763
216 1161
216 221
217 300
217 684
217 665
218 466
218 1073
219 132
219 855
220 306
221 298
221 215
221 385
221 173
221 218
222 101
222 246
222 1042
222 230
222 48
222 537
222 366
222 735
222 271
224 326
224 239
224 97
225 237
225 418
226 179
227 116
229 340
230 142
230 181
232 165
233 194
233 660
233 509
233 654
233 1194
233 197
233 357
233 588
234 525
234 634
234 479
234 507
234 1449
234 199
234 513
234 1397
234 100
234 1121
235 197
235 193
235 237
235 1451
235 194
236 191
236 419
236 289
237 185
237 100
239 272
239 745
239 493
239 483
240 895
243 194
243 317
244 9
244 1098
244 180
244 294
244 31
244 559
246 172
249 55
249 216
249 1011
249 318
249 478
249 22
249 58
250 191
250 12
252 100
253 203
253 465
253 699
254 174
254 97
254 164
254 118
255 597
255 271
256 472
256 381
256 741
256 595
256 460
256 89
256 778
256 808
256 815
256 86
256 1109
256 566
257 57
257 582
257 61
258 313
258 332
259 959
259 200
259 172
262 421
262 7
263 662
263 423
263 79
264 288
264 478
264 559
264 230
264 433
265 288
265 294
267 143
267 403
267 168
267 174
268 474
268 195
268 527
268 50
268 116
269 475
269 23
269 131
269 136
269 647
269 509
269 661
269 1020
270 928
270 747
270 98
270 716
270 447
270 475
271 238
271 198
271 732
271 510
271 132
271 461
271 205
271 520
271 194
271 137
271 234
272 12
272 69
273 690
273 902
274 275
274 181
274 220
274 258
274 628
275 181
276 219
276 270
276 636
276 227
276 203
276 176
276 24
276 183
276 269
276 447
276 147
277 628
278 173
279 971
279 652
279 871
279 395
279 862
279 710
279 373
279 399
279 833
279 514
279 1209
279 1028
279 660
280 942
280 66
280 780
280 265
280 663
280 156
280 1168
280 1401
280 117
280 925
282 269
283 412
283 211
284 903
285 150
285 222
286 42
286 55
286 73
286 235
286 883
286 288
286 211
286 224
287 1
287 64
288 258
288 268
288 64
288 15
289 685
290 69
290 141
291 421
291 48
291 475
291 56
291 356
291 8
291 1059
291 396
291 825
291 223
291 164
291 96
292 525
292 631
292 265
292 320
292 24
292 488
292 483
293 496
293 216
293 164
294 539
294 151
294 269
295 99
295 385
295 1459
295 229
295 642
295 747
295 318
295 89
295 965
295 137
296 181
296 1007
296 238
296 515
296 950
297 154
297 222
297 223
297 175
297 183
298 208
298 204
298 549
299 753
299 165
299 251
299 151
300 1094
301 412
301 176
301 831
301 401
301 271
301 42
301 187
303 430
303 262
303 875
303 209
303 186
303 408
303 257
303 276
303 44
303 147
303 202
303 124
303 739
303 81
303 168
303 673
303 235
303 773
303 502
303 451
305 251
305 183
305 660
305 134
305 462
307 81
307 135
307 527
308 490
308 213
308 288
308 96
308 195
308 410
308 427
308 127
308 613
308 742
308 649
310 275
310 1142
311 387
311 755
311 468
311 393
311 101
311 132
311 125
311 83
311 521
311 204
312 543
312 1298
312 432
312 1167
312 180
312 615
312 684
312 213
313 385
313 603
313 550
314 132
314 11
314 685
314 812
314 68
314 29
314 1218
314 946
315 98
315 513
315 475
315 327
316 357
316 14
318 179
318 385
318 187
318 143
318 70
318 605
319 333
320 177
320 233
320 96
320 156
321 531
321 607
321 611
321 60
321 170
322 653
322 508
322 182
323 273
323 50
324 340
324 763
325 655
325 197
325 498
326 8
326 445
326 837
326 485
326 525
326 523
327 70
327 195
327 237
327 433
327 144
327 718
327 645
327 494
328 9
328 1313
328 117
328 582
328 100
328 1483
328 729
328 70
328 614
328 64
328 56
328 69
328 180
328 82
329 333
330 393
330 419
330 72
330 67
330 202
330 216
330 403
331 682
332 323
332 218
332 64
332 833
332 73
332 11
333 88
334 709
334 8
334 10
334 127
334 521
334 1008
334 652
334 462
334 11
334 171
334 99
334 175
336 216
338 654
338 488
338 607
338 513
338 100
339 503
339 269
339 100
339 661
339 654
339 241
339 228
339 479
339 56
339 447
339 132
339 131
340 423
340 526
340 417
340 480
340 969
341 887
341 292
342 499
342 149
342 558
342 1128
343 435
343 277
343 229
343 702
343 196
344 89
344 285
344 275
344 1014
344 196
344 248
344 172
344 306
344 228
344 302
345 470
345 200
345 234
345 762
345 117
346 2
346 550
346 879
346 1217
347 410
347 385
348 25
349 544
350 603
352 195
354 270
354 1039
354 958
354 1194
354 509
354 191
354 558
357 977
357 742
358 1266
360 1039
360 223
360 474
360 181
360 166
360 471
361 525
361 166
361 949
363 380
363 91
363 173
363 137
363 455
363 774
363 747
363 174
367 184
367 774
367 164
370 603
370 257
370 423
371 237
371 180
371 357
372 674
372 581
372 635
372 292
373 209
373 459
373 949
373 709
373 241
373 427
374 443
374 815
374 552
374 1194
374 450
374 192
375 302
375 603
375 176
376 197
376 707
378 1
378 183
378 896
378 531
378 252
378 95
378 591
379 174
379 194
379 186
379 577
379 427
379 524
379 529
379 576
379 157
380 709
380 1113
380 443
380 183
380 22
381 89
381 99
383 484
383 639
383 285
383 58
384 302
384 316
385 1071
385 175
385 173
385 56
385 945
385 1066
385 528
386 222
387 508
387 1537
387 209
387 854
387 583
387 789
387 174
387 58
387 250
387 99
387 28
387 93
387 845
388 895
389 347
389 197
389 209
389 657
389 479
389 954
389 499
389 65
389 836
389 584
390 713
390 990
391 591
391 498
391 168
391 286
391 460
392 134
392 199
392 657
392 511
393 415
393 79
393 72
393 470
393 172
393 378
393 497
393 1179
394 118
394 651
394 559
395 97
395 318
397 134
397 135
397 100
398 183
399 301
400 301
401 1009
401 162
401 651
402 479
402 151
402 168
402 137
403 111
403 1
405 208
405 85
406 499
406 172
406 519
406 115
406 501
406 772
406 235
406 150
407 209
407 177
407 659
407 603
407 218
408 294
409 1099
409 9
409 489
409 664
409 175
409 1073
409 1537
409 995
411 9
411 265
412 939
412 186
412 96
412 288
412 174
412 427
413 236
414 895
414 324
415 258
416 915
416 339
416 729
416 297
416 807
416 326
416 176
416 479
416 496
416 357
416 385
416 64
416 538
416 418
416 506
416 196
416 746
416 121
416 22
416 684
416 96
416 87
416 827
417 186
417 179
417 483
417 1086
417 238
417 223
417 248
419 69
420 690
421 164
421 234
422 477
422 184
423 292
423 100
423 286
425 195
425 200
425 316
425 250
425 269
426 205
426 659
426 524
426 511
426 136
426 178
426 191
427 989
429 4
429 195
429 157
429 209
429 663
429 403
429 185
430 124
430 127
430 56
433 50
433 246
435 206
435 188
435 203
435 919
435 157
435 4
435 173
435 185
436 347
436 425
436 381
436 73
436 226
437 1148
437 23
437 1161
438 269
439 237
439 268
440 462
440 258
442 234
442 98
443 271
444 269
444 275
447 211
447 31
448 270
448 303
448 319
448 305
449 248
450 258
450 215
450 245
450 686
450 226
450 164
450 611
450 228
450 519
450 488
450 386
450 399
450 489
450 378
450 301
450 87
450 151
450 807
450 221
451 243
452 22
452 286
452 528
452 498
452 183
452 825
452 684
453 69
453 763
453 475
453 157
453 188
454 279
454 97
454 258
455 662
455 591
455 100
455 286
455 939
456 582
456 14
456 1134
456 943
456 480
456 508
457 405
457 252
457 1210
457 89
457 50
457 57
457 143
457 423
457 664
457 980
457 79
457 237
457 132
457 258
457 636
457 190
457 527
458 1261
458 99
458 273
458 203
458 152
459 286
460 273
461 313
461 285
462 328
462 300
463 740
463 473
463 250
464 293
464 12
465 478
466 96
466 908
466 518
467 109
467 124
467 150
467 1226
467 269
468 1134
468 258
469 484
469 495
470 284
471 1
471 393
471 878
472 294
472 193
472 473
472 183
472 392
472 1035
472 22
472 177
472 121
472 603
472 56
472 567
472 69
473 275
474 42
474 244
474 86
474 848
474 491
474 478
474 315
474 210
474 276
475 315
475 902
476 655
477 815
477 280
478 204
478 15
478 216
478 98
479 187
479 111
479 176
480 166
480 603
480 169
481 181
481 427
481 500
484 88
484 248
484 419
484 560
484 392
484 655
486 544
486 111
486 1598
487 183
487 568
487 393
487 128
487 596
488 176
488 526
488 742
489 539
490 1386
490 302
491 657
492 100
492 318
493 455
493 273
493 82
493 201
493 121
494 127
494 924
494 126
495 1079
495 265
495 282
495 389
496 42
496 721
496 98
496 190
497 724
497 739
497 1
497 118
497 29
497 121
497 588
497 62
498 525
498 664
498 10
499 898
499 525
499 690
499 474
499 56
500 464
500 135
500 517
500 1009
500 1010
500 31
501 1067
501 298
501 410
501 1010
503 740
503 19
504 162
504 939
504 676
504 448
504 300
504 454
504 72
505 271
505 82
505 584
506 663
506 710
506 661
506 211
506 182
507 689
507 315
507 271
508 511
508 209
508 23
508 318
509 603
512 56
513 210
514 210
514 222
514 527
514 168
514 318
514 710
514 215
515 895
515 300
515 900
516 194
516 169
517 761
517 127
519 1293
519 266
519 879
520 25
520 898
520 315
521 1022
521 109
521 191
522 510
523 181
523 116
523 114
523 153
524 212
524 488
524 498
524 198
524 291
524 649
524 132
524 193
524 657
526 298
526 100
526 302
526 50
527 100
527 640
527 498
527 234
527 59
527 496
528 657
528 523
529 333
529 288
530 64
530 322
530 60
531 286
531 329
531 905
532 268
532 781
532 531
532 586
532 588
532 833
532 161
532 918
532 147
533 756
533 739
533 236
533 684
533 191
533 216
533 550
533 282
533 449
533 504
533 28
534 25
534 687
534 3
534 325
535 192
535 389
535 132
535 173
535 100
535 639
535 121
535 70
535 186
535 47
536 566
536 79
536 720
536 136
536 431
536 96
537 211
537 511
537 238
537 188
537 180
537 428
537 272
537 136
537 14
537 507
537 844
538 79
538 69
538 483
539 155
539 319
540 343
540 250
540 340
541 140
541 459
543 1099
543 778
543 265
543 64
543 61
543 129
544 749
545 1
545 230
545 204
545 135
545 79
545 99
545 31
546 436
546 50
546 928
548 546
548 31
550 682
551 128
551 291
551 684
551 1135
551 118
551 258
551 827
551 315
551 44
551 544
551 237
551 182
551 226
551 331
551 215
552 126
553 1124
553 191
553 605
553 1126
554 117
555 100
555 318
556 513
556 324
557 292
557 307
557 299
559 226
559 199
559 528
560 275
561 480
561 1524
561 956
561 223
561 661
561 640
562 1039
562 418
563 233
566 511
566 218
567 190
567 59
567 156
569 118
569 291
569 321
571 124
572 124
573 507
573 216
574 213
574 258
576 210
577 176
577 40
577 95
577 216
577 65
579 66
579 88
580 286
580 252
581 1375
581 813
582 1215
582 222
585 1149
585 45
586 3
586 655
586 79
587 325
587 315
588 471
588 553
588 164
588 762
589 678
590 126
590 221
591 70
591 709
591 45
592 269
592 522
592 134
592 1514
592 293
592 251
592 147
592 97
592 271
592 172
592 221
592 479
592 122
592 194
592 13
592 455
592 276
593 161
593 1119
593 747
593 223
593 204
593 143
593 172
595 346
595 475
596 328
597 289
597 250
598 748
600 241
600 11
600 22
600 79
600 227
600 435
600 947
601 410
601 671
603 449
604 7
605 619
605 223
605 191
605 133
605 949
605 523
606 173
606 194
606 1065
606 1149
606 195
606 527
606 1
606 132
606 628
608 207
608 65
608 213
608 448
608 69
610 153
611 750
611 315
611 336
614 147
615 509
615 357
615 22
615 135
617 357
617 444
618 588
618 427
618 576
618 506
618 313
618 88
618 655
619 117
620 563
620 246
620 820
620 565
620 7
620 172
621 249
621 585
621 135
621 173
622 4
622 173
622 277
622 29
622 248
622 46
622 213
622 405
622 403
624 25
624 833
624 993
624 302
625 238
625 144
625 195
625 385
626 258
626 286
627 89
627 51
627 735
628 242
629 265
629 196
629 416
630 126
630 278
630 298
632 845
632 357
632 51
633 1019
634 922
636 313
637 274
638 431
638 4
638 174
638 195
639 28
639 740
639 778
639 178
639 194
639 615
640 126
640 210
640 591
640 170
640 2
640 691
642 795
642 720
642 451
642 775
642 364
642 420
642 739
642 812
642 796
642 117
643 67
643 428
643 11
644 328
644 291
644 100
645 963
645 179
645 214
645 427
647 255
647 82
648 145
648 384
648 471
648 153
648 527
648 40
648 323
648 121
648 500
648 199
648 563
649 282
650 175
650 705
650 200
650 198
650 195
650 265
653 187
653 199
654 756
654 137
654 748
654 468
655 270
655 1645
655 155
655 133
655 187
655 739
655 483
655 904
655 1553
657 117
657 690
658 86
658 55
659 294
659 164
659 657
659 204
659 1203
660 181
660 50
661 427
661 194
662 13
662 1381
663 150
663 509
663 763
664 494
664 50
665 1
665 50
665 293
665 660
666 66
666 478
666 132
666 46
666 114
666 505
666 511
668 302
669 490
669 310
669 114
670 191
670 417
671 685
671 546
672 284
672 815
672 321
673 528
676 144
676 100
677 322
677 307
679 223
680 195
681 294
682 272
682 196
682 95
682 393
682 431
683 346
683 511
684 8
684 63
684 282
684 237
686 179
688 682
689 298
690 12
691 64
692 194
693 218
693 662
694 72
694 121
694 385
694 205
694 584
694 432
695 991
695 319
695 311
696 285
697 689
698 486
699 100
699 1009
699 544
701 316
701 297
701 315
702 751
703 993
703 845
704 633
705 222
705 797
705 566
707 1642
707 8
708 471
708 126
709 597
709 939
709 2
709 96
711 949
711 313
711 483
711 275
711 716
711 272
711 1119
711 248
711 1014
711 8
711 25
711 961
711 286
712 204
712 746
712 385
712 94
712 996
712 95
712 944
714 118
714 1028
715 655
715 239
715 1011
715 195
715 179
716 216
716 474
716 423
716 381
716 498
716 199
716 11
716 517
716 723
717 274
717 1047
717 100
718 742
718 841
718 717
719 223
720 268
721 174
721 317
721 1442
721 1119
721 735
722 476
727 211
727 294
727 511
727 250
727 153
729 748
729 333
729 354
730 50
730 258
731 64
731 705
733 1011
734 275
734 274
735 298
738 81
738 121
738 470
738 313
738 408
738 234
739 50
740 302
741 172
741 48
744 428
745 302
745 64
745 169
745 492
746 24
746 176
747 1134
747 316
747 91
747 644
747 482
747 133
747 286
747 650
748 195
748 250
748 258
749 202
749 141
749 143
749 168
749 501
749 47
749 483
749 172
750 294
751 179
751 174
751 270
752 301
752 690
755 300
756 603
756 89
757 117
758 922
758 587
758 342
758 154
758 428
758 566
758 355
758 896
758 270
758 1085
758 1098
758 576
758 1143
758 332
759 323
760 204
761 1157
761 125
761 7
763 461
763 176
763 462
763 509
763 392
764 11
764 280
764 864
764 946
764 418
764 1221
766 65
766 28
766 211
766 357
766 481
766 527
767 170
769 546
770 295
770 258
770 268
771 189
771 111
771 216
771 1
772 344
772 331
772 332
773 318
773 109
773 1252
774 644
775 300
775 305
776 511
776 5
776 192
777 652
779 50
779 596
779 222
779 471
780 22
783 301
784 302
784 344
786 210
786 222
787 307
788 203
788 589
788 482
788 661
788 28
788 300
788 684
788 1126
788 258
789 293
790 246
790 73
792 762
793 288
793 1142
793 148
793 282
794 420
794 557
795 174
795 152
796 431
796 64
796 300
796 685
796 5
796 307
796 270
797 50
797 181
798 274
798 29
798 568
798 659
799 331
801 313
802 183
804 928
804 195
804 584
804 294
804 157
804 196
804 187
804 510
805 477
805 150
805 238
805 89
805 509
805 197
805 443
805 47
806 228
807 757
807 427
807 630
807 250
807 602
807 527
807 231
807 172
807 612
807 257
807 510
808 332
808 300
809 302
809 286
810 289
810 301
811 258
811 988
813 751
816 271
816 264
816 342
818 271
821 237
821 294
821 275
821 111
821 1
821 14
821 95
822 1110
823 660
823 202
823 216
823 42
824 268
825 566
825 248
827 343
827 269
828 198
828 652
829 639
829 170
829 268
831 313
831 7
833 646
833 201
833 235
833 30
833 100
833 653
834 343
834 292
835 527
835 157
835 281
835 318
835 616
836 659
837 286
837 274
838 191
838 181
838 271
838 153
839 1
840 657
840 169
840 221
840 949
840 173
840 14
840 616
840 64
840 750
840 179
843 176
844 50
844 421
844 45
844 172
846 97
846 451
846 509
846 549
846 98
846 672
846 378
846 203
846 484
846 736
847 191
847 239
847 98
847 168
847 301
847 174
847 474
848 485
848 179
848 109
848 483
848 154
848 165
848 133
848 163
848 747
848 204
849 633
850 174
850 496
851 238
851 157
851 327
851 273
851 318
851 473
851 302
851 8
852 250
854 24
854 220
854 100
854 528
854 488
856 315
860 715
860 305
860 311
861 213
862 172
862 432
862 97
862 748
862 845
862 215
862 141
862 121
862 282
863 313
863 331
864 735
864 663
864 511
864 4
864 121
864 118
864 69
864 204
864 208
865 169
865 100
866 319
867 195
867 98
867 690
867 603
867 22
868 206
870 504
870 447
870 58
870 127
870 90
870 471
870 659
870 209
870 813
870 6
870 481
870 582
870 87
870 483
875 334
875 418
875 327
875 211
876 604
876 294
877 690
877 692
877 269
877 173
877 79
877 727
878 9
878 549
878 427
878 515
878 584
879 866
879 255
879 121
880 411
880 1210
880 423
880 318
880 689
880 287
880 301
881 526
881 133
881 630
881 23
881 89
881 222
881 134
881 79
881 192
881 11
882 210
882 380
882 199
882 173
882 409
882 196
883 72
883 210
883 1009
883 88
883 60
883 195
884 116
884 70
884 179
884 14
885 186
885 95
886 265
886 657
886 467
886 89
886 686
886 410
886 209
887 99
887 82
887 420
889 11
889 1006
889 168
889 9
889 82
889 636
890 181
891 15
892 5
892 274
892 273
892 291
892 487
892 98
892 70
892 781
892 173
892 367
893 240
894 287
894 713
894 535
894 179
894 1560
894 248
894 1009
894 863
894 60
894 1142
894 707
896 153
896 313
896 227
896 229
896 127
896 317
897 616
897 501
897 71
898 242
899 66
899 83
899 367
901 222
901 229
901 195
901 181
902 300
902 172
903 100
903 127
903 192
903 272
904 280
905 302
906 125
907 928
907 1
907 125
907 100
907 1163
907 25
907 1047
907 268
907 301
907 740
907 393
907 248
907 713
908 56
908 185
910 222
910 293
911 625
911 419
911 203
911 1039
913 143
916 154
916 213
916 58
916 46
916 527
916 474
916 425
917 246
917 268
918 1195
918 28
919 100
919 285
919 287
919 140
921 313
921 215
921 181
923 975
923 273
923 742
924 196
924 1400
924 9
924 6
927 393
927 402
927 255
927 385
929 423
929 521
930 282
931 333
931 275
932 86
932 475
932 514
932 204
932 405
932 212
932 855
933 182
933 357
933 73
933 50
934 506
934 195
934 208
934 56
934 428
934 131
934 210
934 902
934 514
934 190
935 15
936 1335
936 325
936 124
936 475
936 116
937 50
937 293
938 121
938 118
938 476
939 841
939 1190
939 283
940 173
940 1167
941 294
942 174
942 117
943 431
943 161
943 11
943 55
943 943
943 581
4 11
17 126
22 194
29 189
47 301
72 195
77 527
86 327
95 622
105 258
108 294
116 390
130 2
135 443
144 471
154 211
174 381
179 302
180 747
181 270
192 9
203 50
227 127
230 168
237 485
246 223
260 350
264 516
275 164
288 317
294 538
296 32
337 228
342 93
352 172
357 274
360 334
397 23
427 302
429 275
430 181
445 346
463 50
470 277
473 14
487 206
489 313
493 22
520 990
526 147
528 479
531 300
565 1622
568 529
575 194
581 285
610 607
630 411
638 161
649 181
675 305
683 132
689 50
696 245
717 50
733 224
735 9
753 69
765 971
774 205
781 50
796 89
806 789
815 526
828 327
849 121
856 294
861 1227
890 134
894 1658
895 50
898 324
902 95
935 284
