1 150
1 77
1 206
1 25
1 1
1 46
2 111
2 13
2 14
3 344
5 1
5 204
6 64
6 135
6 8
6 486
6 435
6 170
7 436
7 587
7 288
7 334
7 52
7 215
7 452
7 550
7 530
7 152
7 4
7 144
7 121
7 27
7 668
7 427
7 285
7 77
7 496
8 511
8 177
8 174
10 513
10 276
10 489
10 432
10 657
10 157
10 174
10 70
10 334
10 69
10 518
10 530
11 508
11 744
11 213
12 195
12 97
13 805
13 28
13 549
13 501
13 789
13 601
13 886
13 797
13 360
14 151
14 172
14 920
16 216
16 4
16 693
16 302
16 208
16 385
16 947
16 606
18 856
18 113
18 283
18 134
18 613
18 214
18 659
18 958
18 136
18 588
18 960
18 526
19 153
21 875
21 98
21 164
21 219
21 298
22 118
22 222
23 694
23 95
23 603
23 433
23 380
25 121
25 968
26 282
27 9
28 7
28 196
30 435
32 508
32 298
33 343
34 690
34 242
36 339
36 1026
38 71
38 392
38 720
38 627
38 402
39 937
40 305
42 239
42 969
42 1041
42 202
42 294
42 83
42 203
43 336
43 8
43 660
43 151
43 482
43 161
43 866
44 175
44 121
45 257
45 127
45 823
48 181
48 209
50 9
50 475
52 151
52 475
54 260
54 245
54 276
54 298
55 79
56 169
56 408
56 393
56 62
56 596
57 763
57 257
58 123
58 168
58 12
58 127
58 11
58 111
58 425
58 773
59 198
59 447
59 462
59 73
59 673
59 109
59 18
59 28
59 846
59 655
59 190
59 421
59 764
59 1065
59 265
59 12
59 219
59 823
59 3
60 47
60 604
60 79
60 423
60 665
60 650
60 502
60 144
60 592
60 427
62 512
62 91
62 47
62 125
62 153
62 82
63 508
64 191
64 463
64 8
65 50
65 651
65 392
65 211
66 741
68 127
68 275
69 288
69 79
69 258
70 230
71 100
72 591
72 215
72 135
73 81
74 13
75 13
75 685
76 7
76 182
77 153
77 183
77 134
79 19
79 100
79 515
81 210
82 318
82 8
83 69
83 356
83 77
85 286
85 663
85 382
85 923
85 642
85 499
86 1175
87 472
87 410
87 568
87 135
87 384
87 48
87 783
88 904
88 898
89 86
89 402
89 381
90 187
90 221
90 945
90 750
90 302
90 387
90 356
90 512
90 25
90 900
90 276
90 497
90 20
91 127
91 357
91 527
91 423
91 515
92 79
92 179
92 238
92 582
92 144
92 515
92 1
92 11
92 222
92 160
93 15
94 71
94 792
94 7
94 192
94 448
94 173
94 93
94 949
94 23
94 235
94 8
94 458
94 744
95 660
95 736
95 68
95 232
95 474
95 649
95 550
95 495
95 14
95 657
96 64
96 181
96 514
97 7
99 56
99 346
99 7
100 300
100 272
102 95
104 283
104 750
106 194
106 684
108 100
109 98
109 174
109 177
109 636
109 151
109 257
109 588
109 388
110 22
112 937
112 322
113 327
114 89
115 185
117 174
117 214
117 475
117 886
117 11
118 774
118 960
118 185
118 528
118 184
119 451
119 181
119 458
119 222
122 239
123 187
124 154
124 616
125 479
125 163
125 190
125 427
125 174
126 878
128 568
128 191
128 496
128 736
128 1141
128 82
130 1046
130 578
130 226
130 625
130 269
130 132
130 235
130 946
130 555
135 653
135 327
135 228
136 283
138 137
138 614
141 244
141 984
141 282
142 408
142 28
144 124
144 193
144 50
144 778
144 963
144 4
144 524
144 729
145 342
145 249
145 174
145 227
145 470
145 343
145 271
146 262
146 1293
148 408
148 71
148 1
148 993
150 50
150 319
151 160
151 529
151 463
151 629
151 202
151 429
151 178
151 1286
151 705
152 393
152 286
152 155
152 487
152 111
154 414
154 61
156 318
156 137
156 651
157 286
157 127
157 407
158 271
158 82
158 4
158 154
158 745
158 24
158 530
159 930
159 829
159 15
159 322
160 922
160 79
160 1
160 544
160 488
162 508
162 28
164 748
165 419
167 1126
167 521
170 300
171 346
173 306
173 329
173 286
173 334
173 262
174 14
174 140
174 764
174 278
174 553
174 699
174 476
174 215
175 234
175 127
175 183
176 250
176 258
177 508
177 433
177 318
177 168
177 223
178 274
178 478
178 511
178 258
178 66
179 682
180 98
180 121
180 684
180 213
182 471
183 55
184 272
184 521
184 1121
184 58
184 165
184 127
184 531
185 269
185 28
186 1253
186 159
186 939
186 684
187 214
188 13
188 173
188 88
188 11
189 174
189 582
189 134
189 137
189 10
189 1099
189 56
190 273
191 86
193 23
193 684
193 153
193 393
194 165
194 432
194 566
194 580
194 318
194 770
194 22
195 451
196 381
196 306
198 214
198 174
198 429
198 215
198 179
200 509
200 559
200 451
200 147
200 432
200 673
200 71
200 56
200 62
201 127
201 260
201 86
201 357
201 482
201 12
201 435
201 475
201 212
201 1137
202 195
204 302
207 269
207 712
210 197
210 274
210 443
210 517
210 174
210 88
212 528
213 181
213 31
214 93
214 427
214 127
215 127
215 174
215 271
215 222
215 237
216 4
216 182
216 721
216 697
217 82
217 578
220 305
221 231
221 737
221 7
221 42
221 467
221 184
222 746
222 69
222 248
222 300
222 1011
222 210
223 143
225 603
225 566
226 270
226 713
227 287
227 1068
230 143
230 162
230 51
230 680
231 50
231 289
232 173
232 921
232 655
232 44
232 523
233 304
233 97
233 70
233 23
233 313
233 121
234 836
234 209
235 463
235 524
235 520
235 496
235 701
236 692
236 506
236 148
237 169
238 111
239 498
239 923
239 137
239 705
240 898
240 288
243 8
243 221
243 387
243 732
244 193
244 216
244 42
244 237
246 227
246 173
247 272
249 302
249 249
249 69
249 258
249 317
250 340
250 943
250 127
250 55
250 480
250 71
250 95
250 1426
250 222
251 210
251 237
251 109
251 25
252 124
252 286
256 79
256 756
256 9
256 684
256 796
258 690
259 173
259 928
259 772
259 98
260 270
261 294
262 1147
262 1014
262 131
262 338
262 402
263 197
263 86
263 419
263 528
264 202
264 345
264 204
265 245
267 780
267 265
267 727
267 55
267 239
267 98
267 17
268 191
268 269
268 174
269 959
269 276
269 632
269 213
269 499
269 124
270 703
270 1119
270 1148
270 1073
270 583
271 211
271 79
271 750
271 111
271 172
272 134
272 208
274 591
274 744
274 1060
275 191
276 302
276 141
276 300
276 518
276 169
276 223
276 408
276 76
276 240
276 455
276 180
276 578
276 1
276 89
276 99
276 33
276 403
276 685
276 189
276 357
276 772
277 302
277 619
277 925
278 311
278 269
278 923
279 174
279 109
279 56
279 7
279 363
279 1039
279 1376
279 558
279 209
279 998
279 1291
280 1028
280 384
280 9
283 435
283 627
283 100
285 270
285 168
286 742
286 47
286 393
286 340
286 179
286 345
286 171
286 1091
287 208
287 108
288 544
289 24
290 809
290 732
290 588
290 193
291 402
291 469
291 715
291 820
291 1109
291 1210
291 28
291 567
291 9
291 770
291 179
291 174
292 193
292 789
292 86
292 486
292 657
292 653
293 514
293 501
293 425
293 357
293 172
293 518
294 520
294 268
294 355
295 235
295 115
295 143
295 121
295 155
295 153
296 268
296 56
296 523
297 90
297 527
297 432
297 475
298 502
298 211
299 475
299 480
299 276
299 855
299 347
299 1073
299 1103
299 1006
299 171
299 732
299 13
301 232
301 269
301 56
301 660
301 51
301 94
301 203
301 1016
301 755
301 29
301 427
303 631
303 42
303 403
303 411
303 1
303 1188
303 255
303 319
303 396
303 501
304 237
305 171
305 317
305 12
306 286
307 483
308 202
308 1065
308 45
308 385
308 122
308 1
308 550
308 609
308 1118
308 164
308 486
308 17
308 4
308 223
308 588
308 661
308 523
308 1404
311 28
311 645
311 210
311 416
311 134
311 356
311 79
311 750
312 206
312 515
312 612
312 631
312 176
312 178
312 1039
312 968
312 604
312 1
312 71
313 488
313 523
313 69
313 501
313 195
313 482
313 265
314 418
314 1053
314 9
314 378
316 213
316 22
316 83
317 355
318 100
318 257
318 509
318 275
318 423
318 12
318 133
320 22
320 625
320 123
320 1047
320 250
320 1081
320 204
320 763
320 92
321 604
321 83
321 211
321 496
321 529
321 357
321 173
321 9
322 23
323 1050
323 144
324 150
324 50
324 282
324 293
324 127
325 186
325 482
326 89
326 444
326 657
326 443
326 633
327 367
327 469
327 182
327 204
327 655
328 289
328 10
328 79
328 1136
328 291
328 521
328 684
328 344
328 328
328 211
328 601
328 405
328 157
330 231
330 427
330 136
330 575
330 210
330 28
330 193
330 277
332 77
332 240
333 483
334 246
334 494
334 429
334 1313
334 268
334 213
334 518
334 707
334 684
334 1137
334 179
334 969
334 115
337 742
338 462
338 135
339 498
339 234
339 150
339 521
339 1
339 515
339 209
339 461
339 474
340 205
342 286
342 192
343 724
343 175
343 163
343 747
343 238
343 57
343 197
343 1132
343 127
343 88
343 303
344 297
344 190
344 451
344 372
345 311
345 402
345 846
345 295
345 298
345 126
345 508
346 211
346 496
346 54
346 29
347 280
347 177
348 237
349 459
349 847
350 340
351 289
351 888
352 50
352 56
354 143
354 736
354 529
354 584
354 463
354 464
354 707
354 606
354 740
354 246
354 480
355 1233
356 313
356 748
357 126
357 222
357 147
357 455
359 472
360 10
360 170
363 222
363 393
363 179
363 770
363 102
363 223
363 518
363 550
365 340
365 272
365 288
366 413
366 56
366 164
366 637
367 217
367 665
367 100
369 166
370 135
370 170
372 637
372 559
373 136
373 161
373 238
373 210
373 24
373 68
374 125
374 742
374 96
374 121
374 1046
374 216
374 824
374 581
374 591
374 222
375 1217
375 234
376 100
378 921
378 98
378 289
378 58
378 282
378 317
378 62
378 742
378 285
378 174
378 148
378 693
379 1113
379 7
379 516
379 855
380 200
381 96
381 1098
381 509
381 647
382 290
383 124
383 302
383 478
384 328
385 900
385 185
385 661
385 408
385 657
385 46
385 285
385 896
387 96
387 179
387 53
387 127
387 1008
387 474
387 277
388 569
388 678
388 742
389 1298
389 199
389 136
389 168
389 134
390 319
390 126
391 661
391 132
391 180
391 479
392 482
392 99
392 534
392 705
392 189
393 282
393 94
393 9
393 294
393 729
393 310
393 1219
393 42
393 215
393 168
393 239
393 763
393 184
394 416
394 218
394 265
394 161
394 195
394 151
397 50
397 855
397 192
397 479
397 174
397 186
397 529
397 492
398 185
398 684
398 514
398 485
398 25
399 475
399 182
399 11
401 65
402 181
403 472
405 423
405 420
405 651
405 467
405 214
405 571
406 97
406 89
406 657
406 430
406 129
406 96
407 255
407 656
407 746
407 484
407 7
407 403
407 710
407 217
407 195
409 1021
409 133
409 1050
409 285
409 1369
409 166
409 474
411 168
411 4
411 732
412 340
412 684
412 276
413 271
413 124
416 792
416 99
416 924
416 82
416 226
416 763
416 286
416 66
416 403
416 750
416 219
416 173
416 255
416 477
416 50
416 468
416 11
416 1074
416 929
416 107
416 117
416 327
416 754
417 64
417 395
417 732
419 286
420 302
421 127
421 56
422 276
422 396
422 448
422 100
425 100
425 228
426 608
426 208
427 937
428 288
428 300
428 334
428 886
429 277
429 211
429 166
429 210
429 528
429 207
429 223
430 151
432 257
432 237
433 435
435 7
435 792
435 86
435 520
436 1053
436 974
436 693
436 65
436 1028
436 327
437 221
437 275
437 436
437 166
437 1206
437 663
437 603
437 98
437 501
437 843
438 282
440 324
440 361
440 1073
441 7
442 129
442 635
442 177
446 887
447 483
447 582
447 544
447 952
448 750
449 273
449 1195
449 127
450 748
450 307
450 1297
450 570
450 163
450 88
450 582
450 1518
450 1135
450 94
450 467
450 951
450 663
450 102
450 33
450 742
450 651
451 335
451 886
452 66
452 69
452 419
452 180
452 492
452 223
453 168
453 4
454 423
454 326
454 28
454 485
454 204
454 1063
454 317
455 50
455 568
455 9
455 197
455 402
455 257
456 959
456 763
456 324
456 1168
456 3
457 792
457 699
457 53
457 679
457 12
457 568
457 82
457 125
457 841
457 443
457 632
458 286
458 182
458 1039
458 1101
459 117
459 174
459 300
459 121
459 472
460 248
462 321
463 1284
464 300
464 748
464 16
465 481
465 845
466 174
466 315
466 333
466 1607
467 108
467 273
467 293
468 218
468 214
468 285
468 955
468 22
468 23
468 283
468 96
470 471
472 375
472 742
472 386
472 1228
472 370
472 365
472 101
472 215
474 7
474 505
474 191
474 186
474 173
474 518
474 92
474 238
474 601
474 1421
474 484
474 124
474 77
474 204
474 649
474 258
476 175
477 732
477 90
477 369
478 79
479 632
479 470
479 88
479 879
479 483
479 70
479 79
479 602
481 322
481 144
482 748
483 274
484 144
484 2
484 125
484 38
485 303
486 279
486 10
486 7
487 955
487 194
487 144
488 203
488 89
488 136
489 680
489 538
489 300
489 750
489 885
489 1613
489 358
490 109
491 273
491 475
492 511
493 546
493 50
493 98
493 186
493 59
493 435
494 194
494 845
495 64
495 378
495 163
495 423
495 98
495 448
495 1119
495 174
496 727
496 774
497 111
497 774
497 70
497 109
497 408
497 268
497 181
497 101
497 550
497 12
498 151
498 98
498 603
498 675
499 514
500 59
500 964
500 282
500 1315
501 127
502 687
503 216
503 1317
504 579
504 295
504 546
504 441
504 755
504 127
504 1084
504 65
504 77
504 100
505 140
505 73
505 471
505 98
506 89
506 210
506 479
506 611
506 423
506 604
508 168
509 50
511 333
511 1527
512 50
513 118
514 275
514 272
514 208
514 169
514 70
514 237
514 732
514 69
516 50
517 748
517 597
518 117
518 273
518 919
519 350
519 1434
519 349
520 286
521 222
522 135
523 575
523 451
523 255
524 60
524 527
524 216
524 173
524 179
524 466
524 583
525 237
527 69
527 479
527 11
527 507
528 202
528 615
529 260
529 326
530 172
530 692
531 323
532 8
532 155
532 655
532 307
532 1483
532 452
532 402
532 318
532 538
532 431
532 864
532 482
532 684
533 692
533 181
533 1173
533 724
533 65
533 663
534 282
534 21
535 209
535 1063
535 1124
535 628
535 277
535 11
535 496
535 508
535 318
536 274
536 694
536 568
537 182
537 693
537 530
537 387
537 86
537 603
539 204
539 603
539 660
540 13
540 222
542 179
542 12
542 13
543 443
543 89
543 474
543 96
543 86
544 292
545 203
545 196
545 50
545 210
545 181
545 566
546 219
546 758
547 354
548 218
548 7
548 39
548 185
549 118
550 748
550 323
550 310
551 67
551 276
551 222
551 174
551 578
551 763
551 415
551 147
551 97
553 589
553 199
553 482
553 617
554 172
554 82
554 275
555 118
555 748
556 172
557 529
557 12
558 744
559 322
561 55
561 273
561 23
561 960
561 346
562 153
562 50
562 79
563 403
563 367
564 257
565 1396
565 515
566 387
566 69
566 705
566 136
566 392
566 77
566 483
567 517
567 496
568 100
568 483
568 478
568 835
569 274
569 248
569 19
573 179
573 632
573 194
577 1
577 470
577 665
577 132
579 153
579 25
579 1
580 343
580 288
581 7
582 269
583 83
584 230
585 283
585 510
586 69
586 1218
586 76
586 254
586 161
586 33
586 288
588 71
588 941
588 154
588 699
588 739
588 645
588 83
592 1134
592 257
592 272
592 187
592 1012
592 433
592 182
592 521
592 24
592 568
592 682
592 255
592 79
592 305
593 83
593 402
593 121
595 1010
599 1014
600 684
600 651
601 210
601 141
601 258
603 11
603 216
603 172
605 135
605 64
605 79
605 9
606 176
606 507
606 82
606 180
606 211
606 393
606 421
606 620
606 100
608 98
608 288
608 42
608 603
608 79
612 1
613 607
613 603
615 462
615 216
615 423
615 262
615 631
615 518
616 272
617 179
617 607
617 675
617 480
618 713
618 190
618 692
618 71
618 44
618 117
618 924
618 596
619 27
619 121
619 281
619 550
619 187
620 1
620 121
621 3
621 241
621 82
621 79
621 763
621 419
622 79
622 64
622 231
622 175
622 431
622 249
623 66
624 696
625 176
625 515
627 7
627 697
627 22
627 205
627 177
627 64
627 435
628 361
628 1025
629 223
629 1109
629 86
630 820
632 181
632 204
633 234
634 340
634 546
634 125
635 886
636 222
636 25
637 744
637 1344
637 100
637 332
638 265
639 923
639 638
639 673
640 550
640 186
641 268
641 198
642 748
642 932
642 553
642 64
642 407
642 723
642 1030
642 386
642 1219
642 73
643 501
643 432
643 492
643 663
643 216
643 1065
643 42
643 94
643 233
643 100
644 121
644 873
644 307
645 514
645 87
646 313
646 272
647 79
648 168
648 204
648 50
648 5
648 252
648 169
649 291
650 520
650 674
650 183
650 511
652 282
653 22
653 191
653 628
653 245
653 64
653 531
654 735
654 83
654 638
654 79
654 8
654 4
654 143
655 316
655 638
655 1107
658 515
658 171
659 127
659 629
659 86
659 483
660 134
660 195
660 153
660 1050
660 432
661 357
661 95
661 69
661 498
661 97
661 50
661 272
661 183
663 134
663 313
663 127
664 654
664 705
664 302
665 1040
665 423
665 476
665 1009
666 211
666 187
666 499
666 1266
666 430
666 498
669 192
669 511
671 88
671 250
671 258
673 311
675 750
676 181
677 151
679 520
680 151
682 651
682 11
682 190
682 64
682 399
682 217
682 39
682 88
683 187
683 289
683 327
684 168
684 204
684 732
686 204
686 135
686 209
688 349
689 763
690 435
690 56
691 631
691 650
691 56
691 496
692 208
693 7
693 606
693 174
693 143
693 523
694 118
694 705
694 495
694 489
694 506
694 604
694 659
695 882
697 748
697 129
697 1067
697 298
697 307
698 512
698 173
698 307
698 709
699 308
699 10
699 475
700 48
701 289
701 127
703 100
704 661
704 648
704 603
704 735
705 62
705 755
705 393
705 932
707 705
707 473
707 692
707 248
708 50
708 1152
708 763
708 845
709 183
710 56
710 200
711 727
711 95
711 427
711 419
711 731
711 475
712 969
712 588
712 585
712 699
712 73
712 421
712 78
712 97
712 1469
714 50
715 144
715 168
715 173
715 410
715 172
715 257
716 52
716 631
716 606
717 597
717 312
718 121
718 815
718 751
719 318
719 285
719 98
720 286
720 242
721 145
722 237
723 748
724 749
725 328
727 550
727 114
727 80
727 541
727 50
728 117
728 237
728 1355
730 298
731 216
731 69
731 496
733 100
734 143
734 605
734 95
734 121
734 751
734 607
737 173
738 135
738 252
738 181
739 79
739 132
741 174
741 724
741 274
741 83
743 268
743 311
745 125
746 403
747 12
747 304
747 462
747 56
747 603
747 844
747 215
747 1098
747 71
747 475
747 959
747 510
747 97
747 208
747 285
747 192
748 483
748 300
748 181
748 135
748 421
748 86
748 633
748 514
749 210
749 414
749 434
749 293
749 280
749 636
749 1
749 393
749 429
749 271
749 50
749 431
749 232
750 328
750 306
751 172
751 272
751 204
751 487
751 25
751 96
751 194
751 209
752 331
752 882
753 50
753 427
753 272
756 1240
756 251
757 205
757 203
757 96
757 679
757 1073
758 184
758 208
758 968
758 732
758 224
758 887
759 300
760 845
762 515
763 283
763 22
764 255
764 405
764 202
765 14
766 414
767 141
767 344
767 505
771 707
772 258
773 91
774 180
774 219
774 50
775 307
776 431
776 509
778 7
780 216
780 385
780 511
782 244
782 322
783 258
785 152
785 12
786 546
786 102
786 71
786 211
786 204
788 451
788 22
788 51
788 331
788 226
788 89
788 98
789 9
790 265
790 172
790 174
790 365
790 739
790 275
791 300
791 181
791 245
794 238
794 269
794 24
794 1
795 201
795 28
795 209
795 214
796 405
796 427
796 1269
796 147
796 607
796 176
796 479
796 389
796 118
796 77
796 12
796 272
796 43
796 417
796 578
798 82
798 826
798 164
798 748
798 270
799 306
800 223
801 300
804 227
804 82
804 1056
804 63
804 651
804 254
804 172
804 233
804 180
804 183
804 322
804 25
804 526
805 806
805 168
805 475
805 473
805 525
805 537
805 425
805 147
806 654
806 496
806 1018
807 472
807 50
807 102
807 399
807 229
807 117
807 515
807 1016
808 264
810 878
811 300
811 901
813 271
815 196
815 125
815 417
815 133
815 313
815 99
815 69
817 328
819 303
819 327
819 286
821 22
821 181
823 8
823 531
823 423
823 1267
823 191
823 87
823 238
823 919
823 48
823 141
825 982
825 286
825 455
826 1240
826 127
826 385
828 512
829 1
829 192
830 510
830 399
830 205
831 100
831 237
831 326
833 628
833 179
833 177
833 1187
833 1017
833 183
834 269
834 313
835 393
838 114
838 276
838 1
840 1639
840 654
840 405
840 143
840 168
840 936
840 81
840 428
840 8
841 270
842 268
843 561
844 69
844 174
845 310
846 161
846 770
846 720
846 527
846 288
846 176
846 721
846 427
846 443
846 28
846 1168
846 581
846 526
846 22
846 530
846 404
846 241
846 212
846 127
847 77
848 97
848 480
848 805
848 655
848 708
849 406
849 588
850 385
850 153
851 272
851 234
851 742
852 151
853 333
854 42
854 924
854 632
854 483
856 286
856 322
858 515
859 25
859 476
860 690
860 302
861 382
862 111
862 271
863 316
863 882
863 324
864 13
864 134
864 496
864 178
864 102
864 239
867 250
867 172
867 657
867 748
867 511
867 191
868 150
868 382
870 693
870 258
870 959
870 203
870 96
870 496
871 121
871 210
872 354
872 111
874 654
874 137
877 202
878 659
878 98
880 1134
880 237
880 619
880 1016
880 815
880 527
880 316
880 25
880 418
881 125
881 524
881 409
881 663
881 172
881 399
881 430
881 490
881 495
882 177
882 98
882 15
882 243
882 131
882 378
883 13
883 1118
883 175
883 302
883 174
883 1019
883 20
883 922
883 39
883 168
885 79
886 483
886 813
886 288
887 1029
887 465
887 96
887 578
887 1047
887 95
887 969
887 187
888 644
888 100
889 248
889 24
889 480
889 520
889 26
889 655
889 164
889 818
889 199
889 196
890 632
890 98
890 501
890 1039
890 193
892 523
892 613
892 183
892 131
892 615
892 208
892 732
892 62
893 118
893 117
894 313
894 116
894 276
894 1
894 328
895 181
896 157
896 966
896 89
896 216
896 7
896 96
897 243
897 1033
897 633
897 77
897 523
897 416
897 405
898 315
899 282
899 423
899 496
901 988
901 35
901 174
902 50
903 693
903 210
903 763
903 820
904 216
904 1152
905 300
906 10
906 321
906 408
907 497
907 724
907 121
907 322
907 472
907 628
908 694
908 631
911 482
911 190
911 655
912 238
913 176
913 317
916 111
916 1
916 509
916 216
916 181
917 535
917 276
918 381
918 1200
918 1639
919 255
919 19
919 144
919 1278
919 259
919 58
919 303
921 15
922 418
922 91
922 258
924 228
924 172
924 7
924 433
924 205
924 71
927 552
927 1415
927 328
927 421
927 768
927 1089
927 38
929 429
930 274
931 293
931 303
931 459
931 257
932 285
932 1512
932 1149
932 506
932 705
932 523
933 474
933 144
934 663
934 316
934 229
935 846
936 13
936 927
936 1011
936 286
936 1068
936 127
936 319
936 324
936 9
939 405
940 709
940 420
941 298
942 659
942 282
942 216
942 496
942 258
943 239
943 28
943 1074
1 93
1 195
1 228
1 182
1 171
1 209
1 186
2 302
2 306
3 347
3 342
4 324
4 288
5 89
5 50
5 209
5 422
5 29
5 408
5 435
6 530
6 506
6 499
6 515
6 174
7 156
7 621
7 647
7 465
7 654
7 573
7 69
7 581
7 584
7 211
7 559
7 234
7 216
7 495
8 568
8 22
9 50
9 371
10 133
10 59
10 245
10 164
10 211
10 629
10 283
11 692
11 317
11 22
11 9
12 471
13 523
13 916
13 127
13 182
13 550
13 172
13 226
13 228
13 847
13 736
14 124
14 181
14 173
15 308
16 654
16 410
16 12
16 498
16 237
17 919
18 319
18 524
18 404
18 9
18 427
18 143
20 678
21 127
21 53
21 129
21 436
21 9
21 325
22 154
22 4
22 451
22 161
22 24
23 173
23 83
23 91
23 100
23 194
23 479
24 200
24 258
24 275
24 402
25 498
25 633
28 28
28 209
28 50
28 258
30 538
31 875
32 181
33 348
38 95
38 161
40 896
41 69
41 181
42 1047
42 371
42 1028
42 404
42 222
42 471
42 380
42 204
43 625
43 300
43 9
43 946
43 114
43 211
43 290
43 26
43 88
43 155
43 25
43 301
44 434
44 307
44 197
45 762
45 50
45 225
45 100
47 303
47 307
48 195
48 187
49 657
49 99
49 57
50 547
51 132
52 741
52 318
53 281
54 250
54 117
55 22
56 153
56 161
56 144
56 31
56 73
57 294
57 1016
57 8
57 845
58 923
58 248
58 1
58 275
58 203
58 191
59 56
59 92
59 81
59 1021
59 705
59 371
59 514
59 197
59 900
59 135
59 58
59 825
59 52
59 427
59 959
59 381
59 1048
59 23
59 569
60 228
60 98
60 230
60 135
60 603
60 582
60 489
60 608
60 160
60 430
60 212
62 1073
62 222
62 1016
62 209
62 283
62 4
62 433
63 813
63 150
64 175
64 229
64 184
64 651
64 182
64 168
64 389
64 636
64 157
65 28
65 15
66 535
69 181
69 298
70 135
70 403
70 257
70 408
70 451
70 186
70 507
71 135
72 581
72 972
72 124
72 521
72 56
72 177
72 127
72 98
73 657
73 286
73 179
73 187
73 180
74 7
75 117
75 864
76 137
76 89
76 955
77 484
78 301
79 906
79 10
79 275
79 124
80 466
81 410
81 7
81 282
82 97
82 64
82 367
82 197
82 588
82 1
82 265
83 82
83 117
84 7
84 748
84 98
84 282
84 543
85 1070
85 449
85 208
85 83
86 1176
87 229
87 732
87 55
87 1041
87 9
87 111
87 1016
87 144
87 88
87 132
87 554
88 354
89 268
90 311
90 275
90 652
90 1125
90 855
90 954
90 1197
90 385
90 1199
90 618
90 9
90 485
90 1097
90 192
91 28
91 750
91 651
91 79
92 124
92 268
92 715
92 433
93 283
94 180
94 200
94 589
94 234
94 625
94 1
94 746
94 421
94 715
94 52
94 510
94 581
94 70
95 204
95 79
95 523
95 209
95 226
95 496
95 257
96 7
96 183
97 89
97 189
97 97
99 402
99 763
99 69
99 471
99 405
101 237
102 227
104 272
105 269
106 28
108 10
109 228
109 111
109 58
109 100
110 566
110 88
110 307
112 272
112 313
112 303
112 289
113 246
113 255
114 179
115 511
115 172
115 50
115 137
116 310
116 596
117 179
117 168
117 678
118 134
118 55
119 87
119 1086
119 658
119 475
121 1194
122 737
122 70
123 276
123 143
123 462
123 242
123 479
125 710
125 66
125 8
125 756
127 271
127 901
127 288
128 64
128 69
128 173
128 136
130 62
130 347
130 90
130 469
130 305
130 294
130 200
130 346
130 249
130 1280
130 188
130 12
130 1136
131 287
131 1
132 523
135 321
137 385
138 222
138 26
138 45
138 194
141 410
142 350
142 82
142 42
144 125
144 588
144 651
144 197
144 405
145 258
145 273
145 281
145 181
145 235
145 750
145 278
145 1208
146 345
146 1022
147 898
148 663
148 89
149 346
150 268
150 127
151 170
151 813
151 50
151 707
151 487
151 1203
151 632
151 1264
151 605
152 255
152 274
152 80
152 69
153 56
154 480
154 152
154 174
156 646
156 9
157 244
158 408
158 20
158 172
159 298
159 127
160 483
160 1012
160 175
160 455
160 137
160 23
160 202
160 763
160 4
162 544
162 1011
163 258
164 125
164 597
165 202
166 347
168 1051
168 117
169 50
171 272
173 874
174 708
174 66
174 722
175 496
175 111
175 12
176 1012
176 1008
176 13
177 56
177 100
177 181
178 56
178 204
178 58
178 250
178 318
178 127
178 751
178 696
178 926
180 655
180 53
180 733
181 591
182 479
184 836
184 478
185 480
186 226
186 203
186 225
187 423
188 474
188 300
188 632
188 98
188 76
189 656
189 378
189 178
189 294
189 499
189 175
189 248
189 150
190 245
190 471
191 331
191 750
191 900
192 287
193 1168
193 580
194 52
194 4
195 276
195 591
195 1315
196 238
197 294
197 449
197 344
197 176
198 176
198 660
198 132
198 509
200 288
200 596
200 68
200 528
200 325
200 28
200 717
200 373
201 179
201 185
201 42
201 219
201 792
201 129
201 642
203 276
204 482
204 9
205 326
206 310
206 895
206 269
207 59
207 211
207 197
207 529
207 1242
208 97
208 202
209 127
209 1086
210 195
210 204
210 98
210 501
210 160
212 197
213 48
213 117
213 154
213 627
213 432
214 175
214 482
214 1017
215 185
215 183
216 237
216 174
216 144
216 673
216 1101
217 391
217 222
218 33
218 23
219 906
219 258
220 298
221 1217
221 12
221 32
221 3
221 210
221 100
221 129
221 64
221 461
222 168
222 282
222 732
222 328
222 246
222 1057
222 100
222 7
222 537
222 1
222 735
222 73
222 239
222 95
222 198
223 173
223 866
223 237
224 326
224 423
225 237
225 479
226 203
226 480
227 1008
227 19
229 311
230 969
230 742
230 276
230 71
230 420
232 1
232 483
232 582
233 806
233 269
233 478
233 828
233 357
234 31
234 745
234 1221
234 847
234 629
234 480
234 481
234 1121
235 211
235 69
235 1451
235 1021
235 1176
235 318
236 435
237 494
237 28
238 300
239 1203
239 508
239 753
239 132
243 813
243 458
243 736
243 511
244 553
244 180
244 697
244 924
244 941
244 866
246 184
246 219
246 238
246 547
246 1073
246 444
247 257
247 58
249 198
249 283
249 4
249 23
249 408
249 409
249 137
249 423
249 318
250 496
250 69
250 91
250 357
251 45
251 151
251 295
251 427
251 64
251 50
252 224
253 966
253 22
253 89
253 300
254 655
255 258
256 781
256 1
256 785
256 460
256 89
256 106
256 98
256 765
256 831
257 137
259 298
262 553
262 69
262 191
262 1220
263 143
263 443
263 602
263 515
263 378
264 14
264 514
264 367
264 185
264 168
264 443
264 47
265 328
267 153
267 293
267 484
267 410
267 12
268 144
268 527
268 182
268 96
268 42
268 188
268 176
269 537
269 923
269 131
269 659
269 697
269 522
269 509
269 1065
270 531
270 306
270 1007
270 88
270 466
270 558
270 327
270 281
271 847
271 699
271 198
271 521
271 511
272 200
272 50
273 690
274 15
275 300
275 294
275 222
276 196
276 419
276 318
276 64
276 959
276 288
276 150
276 462
276 1056
276 156
276 143
276 172
276 1482
279 61
279 397
279 1093
279 652
279 1491
279 117
279 184
279 236
279 239
279 60
279 4
279 2
279 482
279 429
279 168
280 159
280 790
280 58
280 31
280 699
280 609
282 269
283 412
283 50
284 307
284 302
286 404
286 309
286 588
286 301
286 738
286 1375
287 327
288 258
289 7
290 174
290 993
290 143
290 432
290 183
291 428
291 202
291 401
291 501
291 24
291 49
291 732
291 416
291 236
291 22
291 790
292 228
292 180
292 510
292 10
292 176
292 135
292 127
292 523
293 238
293 160
293 427
293 483
293 484
293 492
293 507
293 272
293 693
293 1286
294 100
294 288
294 301
294 535
295 404
295 174
295 47
295 416
295 1221
295 493
295 414
295 794
295 25
295 133
295 172
296 313
296 484
296 515
296 297
296 652
297 222
297 588
297 181
297 22
297 89
298 257
298 427
299 302
299 48
299 60
299 753
299 512
299 588
299 10
299 502
300 257
301 604
301 380
301 143
301 719
301 401
301 271
301 425
301 797
301 523
301 250
302 301
303 665
303 186
303 77
303 95
303 484
303 1218
303 182
303 202
303 480
303 122
303 129
303 68
303 82
303 179
305 151
305 166
305 286
305 923
305 199
305 963
305 904
305 486
305 178
305 70
305 160
307 91
307 71
308 480
308 160
308 705
308 498
308 1169
308 428
308 42
308 187
308 968
308 466
308 200
309 938
310 1142
311 178
311 218
311 117
311 310
311 238
311 468
311 724
311 392
311 493
311 483
311 132
311 76
311 380
312 530
312 945
312 195
312 850
312 1203
312 276
313 98
313 180
313 636
313 659
313 969
313 490
313 525
313 226
313 519
314 699
314 138
314 1
314 220
314 99
314 28
314 204
314 1218
314 597
315 657
315 186
315 433
316 180
316 64
317 288
318 315
318 610
318 419
318 197
318 255
320 188
320 421
320 3
320 161
320 358
321 186
321 654
321 709
321 485
322 157
322 479
322 655
322 150
323 22
323 151
324 125
325 432
325 529
325 179
326 8
326 526
326 429
326 233
326 318
326 527
326 701
326 525
326 186
327 663
327 48
327 718
328 96
328 685
328 939
328 172
328 689
328 510
329 297
330 993
331 947
331 306
331 124
331 221
332 159
332 227
332 879
332 451
332 1218
332 73
332 679
332 288
332 651
332 182
333 276
334 203
334 640
334 510
334 297
334 47
334 675
334 91
336 49
336 762
337 371
337 125
338 514
338 607
339 124
339 503
339 135
339 649
339 511
339 153
339 483
339 64
339 132
340 265
340 423
340 66
342 58
342 251
342 149
342 131
342 423
342 1128
342 699
343 134
343 631
343 963
343 186
343 9
343 583
344 83
344 174
344 137
344 1014
344 196
344 529
344 172
345 65
345 724
345 416
345 117
345 88
345 191
345 676
345 223
345 132
346 203
346 88
346 742
347 693
347 188
347 689
347 546
347 249
347 471
347 186
347 300
348 974
348 147
350 603
351 328
351 898
351 748
352 302
352 12
354 478
354 292
354 498
354 509
354 558
354 258
355 260
355 286
357 546
358 357
360 64
360 251
360 471
361 737
361 684
361 100
361 466
361 183
361 692
361 203
363 81
363 455
363 496
363 747
363 1012
364 269
364 990
367 200
367 406
367 672
369 752
369 181
371 357
372 286
372 333
372 448
373 328
373 435
373 651
373 184
373 4
373 1110
373 214
374 443
374 449
374 292
374 12
374 735
374 279
374 117
376 181
377 316
377 173
378 22
378 272
378 531
378 939
378 9
378 194
378 204
378 806
379 174
379 28
379 133
379 705
379 172
379 178
379 576
379 686
380 515
380 1101
380 587
380 170
381 742
381 1
381 459
381 640
382 1017
383 134
383 513
383 517
384 302
384 271
385 18
385 153
385 1158
385 187
385 114
385 497
385 430
385 461
386 515
387 47
387 428
387 56
387 447
388 258
389 59
389 612
389 705
389 485
389 404
390 300
390 990
391 591
391 474
392 270
392 134
392 488
392 170
393 732
393 774
393 181
393 683
393 470
393 222
393 172
393 73
393 54
394 56
394 168
394 186
394 164
394 38
394 117
394 50
395 318
395 89
395 163
395 50
395 924
396 471
396 118
397 588
397 484
397 156
397 100
398 97
398 654
398 484
399 747
399 147
399 218
399 1
400 286
401 197
401 275
401 191
402 1101
402 222
403 925
403 148
403 111
404 66
405 90
405 318
405 208
405 66
406 466
406 429
406 172
406 92
406 318
406 612
407 238
407 345
407 483
407 315
407 172
407 4
407 94
408 748
409 1099
409 516
409 195
409 664
409 211
409 127
409 210
409 89
409 493
409 214
411 655
412 186
414 313
414 346
415 322
416 185
416 168
416 297
416 692
416 699
416 211
416 735
416 526
416 765
416 64
416 293
416 184
416 628
416 746
416 295
416 447
416 154
416 603
416 144
416 98
416 28
416 83
416 248
416 607
417 179
417 498
417 81
417 515
417 238
417 154
417 89
418 895
419 174
419 223
420 855
420 251
421 516
421 129
422 50
422 671
423 340
424 15
424 304
425 195
425 334
426 1204
426 607
426 429
426 98
426 605
427 303
427 300
428 242
428 750
428 352
428 322
429 55
429 684
429 195
429 484
429 114
429 1039
429 170
429 936
429 184
429 1301
430 302
430 523
432 844
432 117
433 276
433 302
435 636
435 748
435 190
435 343
435 10
436 347
436 411
436 23
436 66
437 172
437 213
437 697
437 23
437 499
437 170
437 151
440 515
441 342
442 42
442 943
442 92
447 22
448 321
449 1194
449 276
450 90
450 7
450 1041
450 125
450 610
450 628
450 313
450 305
450 64
450 153
450 139
450 300
450 842
450 488
450 502
450 509
450 392
450 1192
450 939
450 526
450 1050
450 431
450 967
450 161
451 270
452 22
452 199
452 100
452 481
453 410
453 475
453 56
454 66
454 526
454 144
454 100
454 58
454 451
455 98
455 591
455 28
455 22
455 265
456 188
457 405
457 238
457 51
457 228
457 704
457 318
457 7
457 79
457 114
457 173
457 378
457 708
457 88
458 663
458 742
458 474
458 203
458 287
458 144
458 86
459 252
459 815
459 286
461 258
463 1377
463 301
463 268
464 603
464 879
464 479
465 478
466 273
466 210
466 908
467 302
467 7
468 204
468 1070
468 297
468 91
469 611
470 1134
470 125
471 102
472 229
472 748
472 208
472 367
472 177
472 338
472 578
472 569
472 109
472 567
472 581
472 49
473 1142
474 14
474 42
474 285
474 203
474 497
474 86
474 663
474 234
474 205
474 971
474 293
474 150
476 210
476 343
476 655
477 709
478 959
478 144
479 471
479 405
479 151
479 173
480 654
480 114
481 663
481 191
481 98
482 328
483 450
484 625
484 136
484 239
484 121
484 699
484 399
485 313
486 1
487 378
487 258
487 202
488 9
488 185
488 385
488 50
489 332
490 1128
491 100
493 300
493 318
493 201
493 115
493 597
494 199
494 427
494 204
495 1039
495 77
495 56
495 96
495 1157
496 921
496 561
497 33
497 249
497 50
497 187
497 183
497 1240
497 42
498 474
498 10
499 183
499 657
499 191
499 357
499 463
499 272
500 1385
500 569
500 762
500 300
500 514
500 462
500 409
501 1011
502 895
503 124
503 963
503 381
503 233
504 416
504 506
504 154
505 604
506 518
506 482
506 96
506 186
506 230
506 333
506 209
506 739
507 1237
507 898
508 234
511 313
512 97
512 318
512 56
513 210
513 252
514 527
514 89
514 715
514 132
514 186
514 652
514 318
514 433
515 304
518 147
518 847
518 276
518 619
519 1592
520 289
521 156
521 246
522 128
522 208
523 863
523 432
524 212
524 208
524 197
524 289
524 192
524 310
524 707
524 129
524 528
525 1315
525 596
525 332
526 591
527 425
527 285
528 239
528 58
528 203
530 237
530 476
530 60
531 905
532 1168
532 586
532 692
532 1428
532 685
532 483
532 520
532 501
532 840
532 82
532 99
532 266
533 168
533 739
533 205
533 286
533 22
533 127
533 660
533 126
533 281
534 7
534 546
534 763
534 118
534 290
535 507
535 50
535 238
535 492
535 792
535 71
535 1166
535 210
535 488
536 168
536 144
536 50
536 98
536 603
537 207
537 199
537 699
537 89
537 127
537 188
537 302
537 14
537 644
537 482
538 79
538 172
538 89
538 275
539 963
542 208
542 655
543 71
543 357
543 692
543 381
543 233
545 164
545 944
546 222
547 319
547 751
548 405
548 23
548 1025
548 331
549 50
549 288
550 328
551 735
551 1039
551 127
551 746
551 177
551 176
551 118
551 346
551 210
551 334
551 100
551 9
551 591
551 508
551 597
551 581
551 357
552 748
553 474
554 86
555 181
556 327
557 298
557 300
559 191
559 4
560 258
561 657
561 156
562 443
563 233
563 301
565 212
565 730
565 923
565 70
566 83
566 166
567 1019
567 489
567 96
568 1050
568 178
569 7
571 174
572 300
572 9
573 144
573 657
574 242
575 176
576 1
576 825
577 1042
577 64
577 176
577 58
577 5
577 732
577 215
579 168
581 9
582 100
582 7
584 109
585 165
585 863
586 926
586 1273
586 470
586 806
586 820
586 655
588 22
588 471
588 821
588 1
588 347
588 570
588 928
588 638
588 50
590 6
591 238
591 100
591 127
591 357
592 467
592 326
592 1514
592 806
592 1356
592 461
592 172
592 32
592 1022
592 730
593 283
593 216
593 173
593 70
594 100
595 1009
595 475
595 547
595 111
596 313
597 50
597 289
597 275
599 274
599 682
599 1278
599 1315
600 227
600 947
600 56
600 568
601 191
602 257
602 678
602 237
603 222
603 449
605 462
605 191
606 56
606 735
606 939
606 709
606 501
606 282
606 174
606 546
607 56
607 213
607 100
607 511
608 303
608 22
608 423
608 333
608 193
608 9
608 69
610 568
610 133
610 176
611 301
611 269
611 340
611 272
615 303
615 135
616 313
617 89
617 440
618 265
618 655
619 181
619 188
619 174
620 560
620 404
620 50
621 721
621 780
621 240
621 746
621 804
621 128
622 433
622 432
623 88
623 121
624 237
624 127
624 302
625 169
626 272
627 58
627 273
627 187
627 649
627 1267
627 228
628 338
629 135
629 651
629 435
629 127
629 509
629 416
630 288
630 11
631 313
632 684
632 423
632 133
632 451
632 385
634 458
634 258
634 744
636 760
637 181
637 936
638 172
639 526
640 81
640 210
640 751
640 53
640 354
640 226
641 865
642 542
642 181
642 173
642 462
642 249
642 1415
642 391
643 246
643 276
643 435
643 496
643 671
643 143
643 468
643 715
643 519
643 39
644 326
644 50
645 50
645 268
645 960
648 98
648 96
648 568
648 133
650 603
650 198
650 480
650 195
650 602
650 270
650 552
651 242
651 306
653 291
654 204
654 591
654 66
654 153
654 116
655 178
655 89
655 1645
655 344
655 242
655 187
655 1553
658 182
658 42
659 183
659 294
659 657
659 387
659 664
659 199
659 805
659 486
659 58
660 173
661 117
661 707
661 423
661 96
662 10
663 619
663 762
663 1047
663 31
663 741
663 316
663 333
663 181
663 508
664 174
664 603
664 319
664 525
664 514
665 483
665 924
665 293
665 216
666 647
666 4
666 654
666 480
666 310
666 467
667 192
668 272
669 12
669 181
669 111
669 482
670 199
671 553
671 685
672 127
672 874
672 815
676 193
676 751
677 101
678 50
679 56
680 257
680 14
682 246
682 195
682 201
682 763
682 215
682 128
682 188
683 340
683 127
684 98
684 756
686 26
687 749
688 309
689 475
689 117
689 109
690 1
691 692
692 25
692 411
692 412
693 117
693 195
693 697
694 183
694 1035
694 89
694 481
694 836
694 673
694 48
696 344
697 246
697 689
698 131
698 96
699 325
699 19
700 144
701 297
701 275
703 275
703 118
704 50
704 481
704 347
704 100
704 272
705 568
705 405
705 64
706 237
707 647
707 387
707 847
707 864
707 863
707 170
707 956
707 676
708 471
708 289
708 596
709 693
709 427
709 217
709 273
709 1218
709 597
709 181
709 50
709 68
710 346
710 1
710 187
710 286
710 265
710 603
711 185
711 622
711 1119
711 248
711 447
711 909
711 286
712 94
714 121
714 118
715 196
715 87
715 1016
715 81
716 423
716 603
716 70
716 708
716 178
716 23
716 479
716 419
716 470
716 490
717 7
717 237
717 471
717 472
718 15
718 591
718 546
718 284
719 79
719 223
721 527
721 423
721 228
721 735
721 153
721 455
724 288
724 333
726 310
727 195
727 172
727 70
727 205
727 483
727 271
728 678
729 322
730 748
731 478
734 202
734 419
735 285
735 813
735 124
738 144
738 175
738 202
741 69
741 172
741 79
743 879
744 156
744 307
745 96
745 64
745 12
745 646
746 82
747 28
747 268
747 181
747 178
747 23
747 443
747 390
747 418
748 408
748 748
748 79
748 813
748 7
749 142
749 85
749 216
749 485
749 195
749 203
749 1041
749 941
749 228
751 431
751 394
751 95
751 100
751 737
751 213
751 428
753 173
754 293
754 15
755 269
756 432
756 96
756 176
757 333
757 179
758 331
758 163
758 527
758 23
758 571
758 236
758 186
758 302
758 997
759 405
759 323
763 164
763 151
765 522
766 65
766 205
766 188
766 180
766 50
766 527
766 8
766 168
766 378
766 178
768 117
769 269
770 289
771 202
771 596
771 216
771 477
771 1
771 173
772 245
773 90
773 200
773 98
773 1252
774 179
774 238
775 272
775 269
775 333
776 661
776 179
776 192
776 23
776 436
777 652
777 690
777 1
779 225
779 471
780 174
780 28
782 350
782 330
783 872
783 345
784 877
786 86
786 385
786 28
786 179
787 347
787 304
788 566
788 286
788 121
788 300
788 100
788 157
788 356
788 302
788 443
788 498
788 55
789 1007
790 154
790 427
791 304
793 288
793 150
793 117
793 282
794 150
795 583
795 12
795 210
795 173
796 573
796 195
796 15
796 1228
796 187
796 4
796 356
796 606
796 932
796 127
796 487
798 181
798 1425
798 132
798 805
798 21
800 222
800 1
802 302
804 662
804 414
804 239
804 436
804 552
804 157
804 192
804 290
804 655
804 168
804 468
804 91
804 510
804 176
804 429
805 5
805 56
805 269
805 323
805 24
805 122
806 192
806 421
806 12
807 491
807 470
807 239
807 842
807 699
807 172
807 135
808 332
808 270
810 301
812 326
814 7
816 271
817 281
817 1
819 70
819 533
822 1
823 1
823 53
823 69
823 642
823 209
825 121
825 687
825 619
826 50
826 39
826 554
826 510
826 1219
826 233
828 61
828 19
828 902
828 903
828 286
829 198
829 116
830 226
830 79
830 484
830 100
832 313
833 24
833 931
833 432
833 526
833 346
834 326
834 343
835 285
835 1045
835 527
835 325
836 258
836 496
836 659
837 328
838 191
838 204
838 69
838 82
839 813
839 323
840 609
840 414
840 203
840 238
840 631
840 157
840 675
840 98
843 135
844 70
844 45
844 2
846 794
846 184
846 141
846 143
846 519
846 642
846 606
846 210
846 588
846 552
846 239
846 1451
846 715
846 52
846 265
846 736
847 50
847 474
848 134
848 638
848 199
848 121
848 71
851 303
851 685
854 12
854 855
854 423
854 191
854 197
854 528
854 475
854 9
854 188
856 307
858 689
859 475
859 313
861 213
862 526
862 174
862 79
862 748
862 143
862 257
862 121
862 282
863 1395
863 242
863 361
864 9
864 173
864 4
864 195
864 62
864 86
864 423
864 128
865 258
866 319
867 156
867 22
867 1039
868 206
868 433
868 317
868 651
869 412
869 253
870 447
870 1664
870 354
870 90
870 1073
870 188
870 302
870 480
870 461
870 95
870 216
870 317
871 271
874 150
874 514
875 64
875 42
875 179
875 923
875 501
876 174
877 690
877 371
877 241
878 286
878 582
878 402
880 218
880 470
880 684
880 202
880 881
880 172
880 1210
880 156
880 831
880 140
881 526
881 480
881 523
881 63
882 82
882 566
882 225
882 501
883 285
883 399
883 238
883 1074
883 100
883 656
884 382
885 418
885 420
886 216
886 550
886 467
886 474
886 174
886 781
886 518
886 403
887 473
887 305
887 385
887 1136
887 1035
887 252
887 378
887 1413
888 514
889 195
889 1194
889 847
889 1589
889 265
889 3
889 636
890 524
890 176
890 179
890 152
891 866
891 127
891 25
891 459
892 56
892 483
892 168
892 470
892 273
892 661
894 248
894 698
894 7
896 770
896 64
896 136
896 180
896 661
896 127
896 511
897 177
897 393
897 240
897 1531
897 451
897 121
897 211
898 319
899 724
901 196
901 391
903 156
903 302
903 479
903 369
903 181
903 179
903 520
903 211
903 272
906 125
906 9
907 471
907 185
907 42
907 506
907 1220
908 79
908 204
910 1
911 186
911 151
912 64
913 289
913 7
915 347
916 154
916 193
916 527
916 474
917 287
918 1099
918 638
918 89
918 659
918 971
918 1065
919 285
919 191
919 343
919 181
919 9
921 323
921 202
922 588
922 72
923 460
923 291
924 153
924 196
924 283
924 134
927 501
927 255
927 826
927 568
927 471
928 135
930 116
930 126
930 275
931 744
932 478
932 617
932 443
932 405
933 183
933 73
933 125
934 172
934 70
934 495
934 196
934 507
934 204
935 471
935 405
936 1163
936 1199
936 1115
938 220
938 181
938 476
938 275
939 841
939 1054
940 209
940 285
940 50
940 516
941 300
941 258
942 234
943 54
943 508
943 205
943 215
1 183
24 117
37 56
38 742
39 294
40 337
41 751
50 123
62 173
66 508
72 195
81 79
85 509
89 187
90 60
91 612
95 622
117 181
126 302
127 50
148 507
149 302
151 196
157 1302
163 98
180 747
183 227
194 519
196 428
227 127
255 185
262 949
287 276
290 692
293 134
308 184
313 211
325 193
329 655
339 1244
346 291
359 751
360 334
371 69
372 262
395 343
397 23
403 181
406 12
415 154
416 25
432 284
433 194
438 321
500 729
510 292
525 257
526 147
528 479
536 135
538 183
540 257
541 1
549 1
551 520
556 482
569 284
579 194
585 1158
600 518
601 109
621 1016
622 8
635 333
638 161
642 1185
647 604
656 347
663 56
691 182
703 926
707 900
709 578
710 79
712 210
738 91
741 673
746 68
747 1045
749 975
757 693
758 191
760 1037
778 42
781 50
806 789
837 285
843 270
844 568
851 879
869 515
873 300
889 603
894 1658
904 117
907 710
909 165
913 216
918 704
921 222
922 228
