1 163
1 1
1 14
1 91
1 198
1 61
1 169
1 66
1 235
2 14
3 321
4 271
5 169
5 423
6 274
6 137
6 169
6 481
6 124
6 528
6 275
6 89
6 498
6 466
6 496
6 173
7 436
7 624
7 648
7 613
7 550
7 498
7 646
7 153
7 238
7 79
7 461
7 121
7 39
7 546
7 483
7 655
7 615
7 501
8 338
8 511
8 228
9 615
10 509
10 85
10 657
10 610
10 157
10 498
10 203
10 488
10 134
10 334
10 127
10 712
11 277
11 125
11 428
11 258
13 290
13 152
13 805
13 709
13 270
13 624
13 482
13 199
13 319
13 124
13 811
13 178
13 497
13 204
13 865
14 655
14 517
15 458
15 283
16 234
16 705
16 144
16 942
16 302
16 195
16 418
16 160
16 482
16 199
16 946
17 100
18 492
18 357
18 134
18 137
18 498
18 174
18 317
18 142
18 70
18 423
18 179
18 515
18 131
18 287
18 211
19 310
19 211
20 588
21 201
21 123
22 89
22 732
22 238
23 463
23 603
23 211
24 178
24 223
25 176
25 169
25 357
25 1
25 186
26 282
29 1018
29 98
30 172
31 1022
32 313
33 288
34 286
34 312
37 117
37 27
37 566
37 230
37 89
38 97
38 294
38 501
38 234
38 1030
38 153
39 288
41 238
42 48
42 566
42 73
42 203
42 96
43 204
43 237
43 121
43 479
43 181
44 87
44 173
44 151
44 227
45 25
45 118
48 136
48 427
49 628
49 433
52 742
52 588
53 199
54 1016
54 258
55 79
56 7
56 234
56 114
56 483
56 554
56 195
56 946
56 588
57 833
58 511
58 171
58 168
58 12
58 8
58 127
58 300
58 195
58 483
59 185
59 739
59 654
59 61
59 79
59 180
59 190
59 715
59 523
59 91
60 47
60 79
60 70
60 423
60 56
60 222
60 493
60 178
60 1125
60 237
60 528
60 435
60 416
62 498
62 168
62 174
64 127
64 181
64 582
65 427
65 215
65 211
70 176
70 217
71 462
71 14
71 100
72 191
72 568
72 582
72 685
72 100
74 313
74 333
74 328
75 235
75 496
75 25
75 111
75 1048
76 203
76 851
77 23
77 176
78 411
79 19
80 58
82 318
82 657
82 211
82 175
82 69
82 174
83 66
83 69
83 233
83 575
83 356
83 720
84 148
85 182
85 380
85 382
85 923
85 642
85 27
85 215
87 56
87 254
87 722
87 628
87 163
87 194
89 127
89 936
90 1039
90 180
90 187
90 480
90 96
90 340
90 20
90 811
90 647
91 176
91 64
91 97
91 479
91 187
92 42
92 98
92 382
92 640
92 153
92 436
92 731
92 169
92 160
94 603
94 1073
94 372
94 467
94 223
94 654
94 679
94 217
94 61
95 651
95 736
95 28
95 202
95 250
95 195
96 1
96 181
96 673
97 168
97 135
101 257
101 546
102 202
102 186
102 208
105 272
106 25
106 313
109 1
109 229
109 1222
109 89
110 188
110 739
110 96
110 11
111 269
111 315
112 245
113 327
115 357
115 302
116 193
116 484
117 789
117 313
118 396
118 174
118 188
119 537
119 716
119 829
119 568
119 845
119 209
120 515
120 9
120 924
123 135
123 9
123 319
125 790
125 82
125 300
125 427
125 144
126 340
128 71
128 14
128 140
128 684
129 286
129 1176
130 619
130 578
130 443
130 816
130 267
130 772
130 183
130 465
130 71
130 286
130 596
130 555
131 302
132 12
134 748
135 23
135 470
136 747
136 276
136 647
136 269
137 15
138 357
139 458
140 880
141 591
141 717
142 268
143 322
144 196
144 198
144 527
144 480
144 293
144 597
144 750
144 747
144 33
144 713
144 508
144 1197
144 655
145 230
145 342
145 299
145 1273
145 569
145 763
145 1288
145 109
145 282
145 751
146 245
147 313
148 474
148 529
148 168
148 969
150 293
151 709
151 265
151 657
151 805
151 473
151 10
151 186
151 169
151 125
151 185
152 161
152 313
152 785
152 781
152 1035
153 357
154 286
154 191
157 273
157 1
158 7
158 1
159 1028
159 294
160 24
160 288
160 282
160 544
161 69
163 64
164 117
164 742
165 176
167 381
168 409
169 300
169 199
169 603
171 262
173 306
173 286
173 327
174 244
174 417
174 655
174 648
174 278
174 98
174 1028
175 172
176 347
177 195
177 79
177 7
177 42
178 478
178 230
178 568
178 275
178 317
178 133
179 301
179 272
180 98
180 939
180 1131
180 213
182 50
182 172
183 274
183 380
184 197
184 451
184 529
184 137
184 183
184 393
184 1008
184 237
184 40
185 197
185 423
186 546
186 568
186 55
186 306
187 69
187 1065
188 185
188 64
188 7
189 661
189 318
189 246
189 513
189 603
189 143
190 326
193 742
193 750
193 905
194 1
194 124
194 527
194 127
194 693
194 161
195 313
196 381
197 233
197 187
198 501
198 127
198 215
198 179
199 258
199 93
200 132
200 125
200 378
200 892
200 161
200 1
200 755
200 470
200 472
201 33
201 518
201 98
201 1428
201 853
201 1245
204 302
204 301
207 435
207 28
207 423
207 23
207 712
207 15
207 520
210 403
210 185
210 210
210 172
210 99
210 180
211 457
211 528
213 100
213 31
213 2
213 288
214 20
214 427
214 508
214 478
215 179
216 108
216 466
216 210
217 33
217 56
217 79
220 289
220 286
221 651
221 943
221 92
221 346
222 1438
222 88
222 318
222 692
222 96
222 636
222 219
222 161
223 69
223 111
224 77
224 215
224 582
225 480
228 288
229 269
232 181
232 1149
232 32
232 638
234 4
234 428
234 499
234 64
235 275
235 520
235 701
235 511
235 179
235 648
236 216
236 97
236 298
236 506
236 51
237 58
237 408
238 257
239 498
239 12
239 65
239 511
239 530
241 292
244 77
244 26
244 216
244 109
244 735
244 428
244 161
244 411
244 1041
244 318
244 581
246 257
246 840
246 55
246 50
246 568
246 816
246 198
247 258
247 181
248 589
249 302
249 427
249 24
249 96
249 603
249 69
249 250
249 195
249 235
249 53
249 853
249 431
250 1073
250 116
250 56
250 95
250 223
250 92
251 313
251 248
252 286
252 277
253 188
253 200
253 234
253 895
253 4
253 494
256 451
256 756
256 402
256 280
256 568
256 96
259 181
259 928
259 750
259 772
259 185
259 179
261 294
261 117
262 631
262 596
263 699
263 202
263 526
263 528
264 194
264 401
264 517
264 447
264 1069
264 183
265 258
267 824
267 222
267 217
267 475
268 357
268 408
268 68
268 194
269 715
269 194
269 673
269 48
269 655
270 156
270 155
271 186
271 530
271 210
271 1091
271 482
271 77
271 494
271 170
271 133
272 32
272 474
274 211
274 471
274 744
276 181
276 135
276 1218
276 249
277 129
277 619
277 117
278 347
279 465
279 59
279 926
279 719
279 56
279 550
279 385
280 499
283 1079
284 262
284 301
284 887
286 312
286 357
286 251
286 483
287 121
288 318
288 237
288 1065
290 216
290 257
290 15
290 22
291 282
291 288
291 291
291 156
291 1178
291 420
291 794
291 1046
291 785
291 670
291 128
291 824
291 100
292 193
292 408
292 156
292 58
292 28
292 298
292 602
293 528
293 55
293 445
293 215
293 425
293 223
293 357
293 48
294 79
294 331
294 347
294 343
295 421
295 154
295 73
295 91
296 303
296 9
296 292
297 12
297 210
297 258
297 447
297 211
297 284
297 128
298 172
298 471
298 194
298 430
299 23
299 847
299 150
299 510
299 742
300 456
301 333
301 410
301 68
301 455
301 94
301 82
301 502
301 451
301 755
301 427
301 732
303 153
303 449
303 69
303 218
303 42
303 491
303 603
303 385
303 1
303 790
303 132
303 562
303 559
303 410
303 742
303 181
304 237
305 483
305 50
305 172
305 168
305 475
307 449
307 186
307 189
307 949
307 50
307 580
308 218
308 23
308 712
308 430
308 208
308 618
308 211
308 385
308 514
308 1
308 85
308 403
308 223
308 429
308 477
308 204
311 127
311 568
311 134
311 356
311 942
311 1035
311 614
311 750
311 82
312 483
312 647
312 143
312 191
312 531
312 8
312 52
312 505
312 968
312 357
312 604
312 1
313 496
313 432
313 516
313 172
313 520
313 482
313 443
314 934
314 393
314 1053
314 12
314 1012
314 147
314 294
314 378
314 866
314 768
314 1518
315 230
315 520
315 209
316 213
316 707
316 286
316 191
316 1084
317 264
318 414
318 1012
318 216
318 265
318 186
320 22
320 129
320 946
321 131
321 615
321 48
321 357
322 32
322 507
322 603
322 185
323 327
323 1012
324 255
324 289
324 458
324 300
324 260
325 172
325 474
325 175
325 177
325 408
326 50
326 520
326 659
326 496
326 132
326 608
327 11
327 527
327 268
327 344
327 153
327 285
327 1100
327 32
327 447
328 357
328 316
328 347
328 405
328 200
330 286
330 126
330 588
330 1028
330 422
330 161
330 58
330 237
331 182
331 302
332 815
332 827
332 95
332 452
332 172
332 410
332 123
332 31
333 174
333 168
334 79
334 1525
334 196
334 1137
334 179
334 98
334 428
335 307
336 237
336 154
338 175
339 194
339 28
339 157
339 642
339 435
339 126
339 522
339 88
339 97
339 508
340 1
342 92
342 319
342 133
342 23
342 486
342 476
342 56
343 56
343 52
343 100
343 11
343 423
343 663
343 498
343 168
343 462
343 510
343 137
343 97
343 297
343 88
344 408
344 251
344 173
344 463
345 81
345 262
345 295
345 518
345 126
345 221
345 1101
345 293
345 469
345 48
346 520
346 29
346 180
347 280
347 127
347 418
347 655
347 291
347 177
347 98
348 7
348 685
350 530
350 340
350 181
350 50
351 879
353 340
354 584
354 855
354 60
354 707
354 900
354 52
354 93
354 186
354 705
355 336
355 681
357 405
357 235
357 147
358 179
358 8
359 117
360 237
360 83
360 207
361 285
361 504
361 502
361 59
361 517
361 654
363 208
363 55
363 114
363 117
363 805
363 1056
365 319
365 1017
365 288
366 637
367 217
369 196
369 900
369 166
370 100
371 77
371 496
371 98
371 655
371 55
372 164
373 153
373 114
373 366
373 161
373 259
373 155
373 658
373 68
373 196
374 693
374 742
374 2
374 591
376 603
376 154
378 559
378 173
378 282
378 482
378 420
378 447
378 286
378 285
378 508
378 148
378 273
378 83
378 143
379 176
379 12
379 448
379 168
379 684
379 64
379 227
379 855
380 79
381 512
381 134
381 647
381 13
382 197
382 474
383 9
383 182
383 357
383 464
383 478
383 238
385 48
385 30
385 128
385 1008
387 206
387 89
387 773
387 168
387 79
387 92
387 381
387 48
387 558
387 515
387 12
388 678
388 5
389 507
389 64
389 1098
389 481
389 524
389 134
389 191
389 492
391 480
391 963
391 504
392 294
392 880
393 9
393 298
393 1249
393 568
393 274
393 494
393 747
393 168
393 1169
393 810
393 591
393 763
393 500
393 184
394 739
394 69
394 508
395 378
396 597
397 221
397 641
397 855
397 108
397 12
397 318
397 186
398 186
398 735
398 493
398 480
398 58
399 143
401 356
401 196
401 486
401 462
402 237
402 135
403 477
403 147
403 50
403 472
403 845
404 678
405 8
405 420
405 792
405 82
405 313
405 192
406 663
406 462
406 507
406 806
406 211
406 428
406 654
406 608
407 656
407 8
407 45
407 91
407 403
407 433
407 219
407 732
407 100
409 97
409 1050
409 1512
409 180
409 529
409 1593
411 4
412 182
412 684
412 436
413 275
415 479
415 56
416 69
416 232
416 283
416 195
416 197
416 70
416 895
416 310
416 866
416 100
416 67
416 319
416 723
417 3
417 250
417 11
417 131
417 425
417 506
417 395
417 98
417 326
417 780
417 127
417 1157
420 753
421 172
423 1265
423 276
424 14
425 98
427 937
428 300
428 259
428 302
429 498
429 100
429 529
429 50
429 238
429 196
429 15
429 709
432 508
432 248
432 763
434 237
434 546
435 226
435 79
435 1268
435 214
435 49
435 83
436 1028
436 559
437 221
437 319
437 165
437 969
437 166
437 655
437 654
437 794
437 497
437 657
437 501
437 606
437 15
438 301
438 245
438 866
439 14
440 361
442 11
443 286
444 515
445 151
446 269
447 483
447 176
447 258
448 360
448 896
449 640
449 1073
449 936
450 659
450 79
450 485
450 86
450 607
450 465
450 905
450 218
450 1135
450 1152
450 322
450 662
450 467
450 316
450 356
450 451
450 847
450 230
450 232
451 984
452 659
452 518
452 488
452 180
452 443
452 660
452 531
452 492
453 73
453 790
454 423
454 191
455 372
455 57
455 778
455 197
455 223
456 432
456 498
456 268
456 3
457 218
457 193
457 194
457 679
457 12
457 640
458 195
458 1039
458 631
458 169
458 284
458 517
459 174
459 98
460 285
460 1011
461 347
463 257
463 127
464 520
465 481
465 87
466 17
466 7
467 276
468 192
468 121
468 285
468 432
468 50
468 170
470 100
470 258
471 172
472 265
472 62
472 200
472 29
472 890
472 176
472 73
472 403
474 137
474 642
474 182
474 499
474 523
474 173
474 1421
474 692
474 58
474 222
474 526
474 265
474 50
474 611
476 211
477 1041
478 427
478 151
479 632
479 201
479 28
479 209
479 328
479 421
479 234
479 238
480 661
481 252
481 50
481 435
483 274
484 28
484 174
484 98
484 176
486 475
486 258
486 460
486 297
487 87
487 56
487 1016
487 216
487 746
487 45
487 121
487 265
487 627
488 205
488 692
488 612
488 429
488 333
488 82
489 885
489 316
490 109
490 475
491 19
492 205
492 64
493 250
493 431
493 172
493 435
494 50
494 507
495 796
495 211
495 145
495 230
495 86
495 705
496 56
496 22
497 584
497 70
497 1210
497 1016
497 181
497 946
497 550
497 746
498 50
498 430
498 61
499 176
500 1326
500 1012
500 13
500 235
500 208
501 1007
501 342
502 343
503 88
503 223
503 221
503 1317
503 427
503 1
503 451
503 275
504 322
504 441
504 69
504 117
504 65
504 281
504 1090
505 88
505 140
505 121
506 88
506 258
506 73
506 1073
506 662
506 514
507 894
507 338
507 343
507 300
508 436
511 260
513 323
514 87
514 154
514 1600
514 658
516 212
516 250
518 273
518 125
519 330
519 1591
519 1612
521 655
521 56
521 228
521 12
522 521
522 12
523 8
523 202
523 242
523 451
523 255
523 67
523 154
524 517
524 241
524 182
524 4
524 965
524 660
524 494
524 96
524 845
524 161
526 408
526 313
527 181
527 517
527 56
527 168
528 181
530 196
531 690
532 1210
532 562
532 215
532 58
532 95
532 453
532 333
532 79
532 708
532 427
532 864
532 482
532 815
532 136
532 97
532 451
533 549
533 528
533 44
533 203
533 1173
533 94
533 58
534 748
534 591
534 1052
534 300
535 179
535 471
535 480
535 97
536 275
536 117
536 416
536 83
536 449
537 209
537 285
537 318
537 345
537 13
537 480
537 315
537 187
537 474
538 199
538 50
538 96
538 12
539 603
539 303
539 483
540 270
540 274
541 225
541 234
541 95
541 28
542 168
542 763
542 772
543 192
543 89
543 183
543 474
543 96
545 82
545 101
545 161
545 117
545 328
546 769
547 347
548 654
548 471
548 696
549 118
550 405
551 96
551 276
551 268
551 356
551 550
551 300
551 24
551 132
551 570
551 333
551 1267
551 204
553 607
553 604
553 136
553 615
554 191
554 732
554 9
555 405
555 87
555 505
555 13
556 520
556 12
556 507
557 508
558 508
559 315
559 863
559 527
560 653
560 483
561 55
561 179
561 238
562 173
562 582
562 197
564 344
565 1396
566 69
566 133
566 191
566 23
567 679
567 507
567 847
568 100
568 603
568 1137
568 1286
568 127
569 126
569 257
573 179
573 237
574 887
577 579
577 132
577 284
577 443
579 582
579 100
579 286
579 216
580 455
582 458
582 268
583 655
583 513
583 195
583 198
585 463
585 713
586 265
586 467
586 288
586 67
587 332
588 178
588 1039
588 699
588 417
588 815
588 739
588 316
590 547
591 275
591 283
592 327
592 180
592 813
592 92
592 168
592 262
592 306
592 469
592 1143
592 191
592 61
592 512
592 116
592 8
592 178
592 117
593 174
593 15
593 66
594 199
594 127
595 1010
595 3
595 330
595 591
597 225
598 538
598 323
598 22
598 300
598 350
600 665
600 515
600 176
601 179
601 210
601 141
601 9
603 294
603 429
603 474
603 748
604 234
604 100
605 79
605 371
605 9
605 15
605 1226
605 496
606 468
606 25
606 393
606 966
606 96
606 68
606 844
606 216
606 100
606 38
607 30
608 25
608 288
608 56
608 1115
608 421
610 50
610 203
611 302
612 1
613 64
613 603
615 462
615 517
615 178
615 175
615 208
615 14
616 316
617 646
617 302
617 185
618 432
618 193
618 423
618 22
618 56
618 176
619 550
619 576
620 173
620 94
620 112
621 181
621 276
621 568
621 208
622 226
622 1411
622 496
624 1010
624 690
624 347
624 411
624 750
624 475
625 603
625 96
625 961
626 268
627 53
628 302
629 182
629 117
629 319
629 268
629 463
632 143
632 96
633 28
633 226
633 96
634 985
634 237
637 100
638 515
639 519
639 1194
639 835
640 214
640 315
640 382
640 70
640 952
641 969
642 250
642 942
642 121
642 66
642 723
642 105
642 622
642 1219
643 501
643 481
643 492
643 482
643 663
643 168
644 298
644 293
645 209
645 135
645 197
646 313
647 496
647 22
648 496
648 435
648 403
648 288
648 89
648 66
648 178
648 5
648 184
650 432
650 612
650 496
650 474
650 133
652 333
653 100
653 523
653 531
654 283
654 735
654 265
654 275
655 6
655 48
655 558
655 448
655 479
655 149
657 294
657 9
658 7
659 1138
659 616
659 192
659 13
659 97
661 436
663 12
663 815
663 96
664 153
664 95
664 318
664 89
665 186
665 188
665 143
665 126
666 1021
666 499
666 56
666 515
666 516
667 86
668 286
668 311
668 82
669 187
669 647
671 250
671 288
671 576
672 275
674 1
674 121
676 257
676 845
676 316
676 892
677 151
678 515
679 83
679 520
679 288
682 50
682 11
682 765
682 273
682 628
682 895
682 721
683 347
684 265
684 117
684 732
686 178
686 23
686 588
686 651
686 185
686 480
689 222
690 118
690 1028
691 56
691 772
692 100
693 488
693 606
694 197
694 490
694 300
694 705
694 661
694 470
694 699
696 883
696 520
697 242
697 323
697 298
699 978
699 252
699 475
699 269
699 258
700 50
701 289
701 272
702 228
702 313
703 1012
703 410
704 648
704 496
705 117
705 148
705 62
705 1544
705 22
705 29
705 28
705 275
706 756
707 221
707 124
707 654
708 457
708 405
709 56
709 210
709 293
709 161
709 1188
709 472
709 515
709 1
710 268
710 479
710 198
710 197
711 169
711 421
711 86
711 316
711 51
711 65
711 277
711 151
711 89
711 676
712 1053
712 1036
712 660
712 142
712 1480
712 794
714 763
715 168
715 173
715 95
715 12
716 298
716 22
716 837
716 88
716 25
716 602
716 633
716 200
716 418
717 328
718 121
718 257
721 1039
721 382
722 328
727 98
728 287
731 69
733 1129
734 498
738 153
738 183
738 186
738 228
741 215
741 357
741 98
741 186
741 742
743 222
743 268
744 237
746 196
747 47
747 215
747 494
747 500
747 1098
747 508
747 430
747 305
747 483
748 515
748 183
748 657
748 4
749 661
749 636
749 133
749 663
749 87
749 1016
749 419
751 50
751 302
751 79
751 153
751 578
751 28
752 305
753 483
753 357
753 523
753 199
754 476
754 937
754 9
754 295
754 282
755 748
756 55
756 739
757 195
757 939
757 176
757 679
758 820
758 117
758 223
758 58
758 303
758 218
758 134
758 171
758 224
759 257
759 300
759 181
761 222
762 515
763 609
763 505
763 61
763 100
763 69
763 22
763 209
764 531
764 1012
764 143
765 25
766 182
766 132
766 89
767 141
767 344
768 25
768 173
770 282
770 244
770 410
770 325
770 303
770 297
770 742
772 302
773 196
774 431
775 343
775 258
776 91
776 50
776 635
778 144
779 118
780 202
780 216
780 511
781 135
782 307
783 269
784 310
784 332
785 79
786 102
786 418
786 88
786 204
786 186
786 181
787 879
787 348
788 281
788 322
788 601
788 188
789 124
790 230
790 15
790 7
790 412
791 50
792 15
793 248
793 844
794 257
795 181
796 486
796 274
796 747
796 546
796 8
796 56
798 1102
798 1446
798 692
800 275
801 288
801 271
801 895
802 219
804 513
804 742
804 366
804 925
804 385
804 969
804 323
804 62
804 526
805 169
805 469
805 154
805 96
805 470
806 98
806 216
806 485
807 419
807 168
807 298
807 79
807 95
807 403
807 289
807 199
810 294
811 307
815 417
815 88
815 183
815 151
815 31
816 690
816 300
817 24
818 328
821 234
821 1060
821 1197
822 408
822 71
823 168
823 659
823 8
823 4
823 502
823 318
823 79
823 238
823 183
823 182
823 631
825 742
825 925
825 326
825 823
826 176
826 181
826 102
828 45
829 276
829 1067
830 126
830 837
830 651
831 156
833 381
833 745
834 628
835 239
835 200
835 612
835 133
835 609
835 50
835 162
835 197
835 25
836 1065
836 654
837 283
837 151
838 179
838 114
838 12
838 276
838 7
839 458
839 93
839 111
839 950
840 582
840 405
840 143
840 484
840 520
840 56
841 302
842 874
843 429
843 831
844 174
844 778
846 638
846 51
846 566
846 180
846 46
846 721
846 601
847 109
847 77
847 144
848 647
848 202
848 642
848 805
848 511
849 15
849 298
849 207
850 480
850 50
851 240
851 31
851 346
851 250
851 132
851 129
852 117
852 506
854 924
854 603
854 124
856 286
856 300
859 3
860 262
861 584
861 289
861 20
861 70
861 301
862 979
862 195
862 12
862 111
862 216
862 823
862 767
862 1109
862 188
862 930
863 1431
863 1237
863 343
864 471
864 939
864 167
864 391
864 169
864 98
864 216
864 328
867 286
867 483
867 191
867 956
868 631
868 132
868 854
868 199
870 238
870 475
870 606
870 100
870 770
870 469
870 487
871 781
871 121
872 282
872 258
874 654
874 276
875 131
875 523
875 23
876 435
877 381
877 203
878 509
878 15
878 317
880 728
880 233
880 385
880 761
880 284
880 651
880 794
880 307
880 902
880 246
880 588
880 180
881 49
881 546
881 71
881 136
881 257
882 291
882 202
882 99
883 13
883 172
883 517
883 174
883 1019
883 16
883 922
883 96
883 955
883 154
883 39
883 461
884 475
884 582
884 258
884 268
885 161
885 274
886 367
886 144
886 24
886 1467
886 176
887 1540
887 1496
887 254
887 692
887 109
887 578
887 95
887 172
887 187
887 210
888 286
888 202
888 869
889 470
889 480
889 433
889 169
889 170
889 124
889 234
889 511
889 96
890 530
890 168
890 23
890 133
891 476
892 49
892 31
892 1
892 526
892 215
892 1224
892 380
892 495
892 521
892 210
892 12
893 144
893 597
893 118
894 1379
894 887
894 134
894 509
894 536
894 690
894 57
896 168
896 216
896 993
896 880
896 164
896 237
896 942
896 96
896 705
897 194
897 185
897 849
897 98
897 214
898 309
899 463
899 209
899 200
899 663
899 168
899 427
899 496
899 428
899 255
901 988
901 1605
901 12
901 174
901 436
902 50
903 763
903 1009
903 223
903 196
903 293
903 91
904 300
904 275
906 744
906 740
906 124
907 1167
908 427
908 133
909 86
909 509
910 210
911 647
911 208
911 194
912 14
913 474
913 789
913 191
913 741
913 12
913 195
916 583
916 97
916 971
916 265
916 92
916 22
917 476
918 1101
919 1073
919 275
919 1197
921 121
921 419
922 265
922 71
922 596
923 1277
923 50
923 294
923 333
924 71
927 403
927 422
927 41
927 1035
927 928
928 876
929 135
930 274
931 303
931 685
932 180
932 530
932 1512
932 1456
932 639
932 632
932 274
932 211
932 521
932 7
932 516
932 1121
932 705
933 474
933 175
934 152
934 2
934 135
934 168
935 121
936 286
936 324
938 222
938 258
938 1014
938 1061
938 151
939 689
940 678
940 95
940 354
940 172
941 993
942 282
942 528
942 435
943 182
943 194
943 24
943 184
943 426
943 485
1 234
1 161
1 15
1 87
1 124
1 209
1 210
1 134
1 95
1 60
2 284
4 362
5 194
5 174
6 495
6 1
6 408
6 213
6 304
6 185
7 162
7 592
7 22
7 210
7 526
7 584
7 211
7 608
7 157
7 520
7 423
7 183
7 443
9 286
9 276
10 700
10 178
10 588
10 211
10 686
10 385
10 182
10 56
10 698
10 602
11 268
11 22
11 737
11 740
11 357
11 707
11 9
12 591
13 523
13 427
13 613
13 652
13 430
13 473
13 498
13 228
13 467
13 428
13 154
13 62
14 275
14 195
14 32
14 923
14 523
15 864
15 866
15 754
16 228
16 410
16 100
16 98
16 202
16 152
16 204
16 168
18 189
18 404
18 154
18 143
20 678
20 252
21 324
22 17
22 24
22 181
23 230
23 7
23 432
23 522
23 79
23 367
23 404
24 318
24 300
25 222
25 498
25 98
26 276
28 646
29 303
30 69
30 780
33 328
34 299
34 310
37 226
38 216
38 326
38 88
38 1036
38 409
38 588
40 333
40 303
41 188
41 173
42 230
43 241
44 240
44 163
44 185
44 257
45 181
45 225
45 742
47 305
48 202
49 372
49 56
49 93
49 1073
49 919
49 588
50 319
50 253
52 111
52 93
52 741
52 302
53 281
54 181
56 405
56 94
56 87
56 403
56 144
56 280
56 232
56 71
56 568
57 7
57 8
58 1012
58 433
58 313
58 640
58 109
58 237
58 1097
59 183
59 963
59 193
59 323
59 203
59 434
59 42
59 149
59 479
59 650
59 615
59 52
59 175
59 425
59 23
59 1074
60 230
60 661
60 482
60 835
60 136
60 842
60 204
61 1127
61 347
62 179
62 511
62 509
62 216
62 875
63 109
63 250
64 69
64 135
64 568
64 188
64 98
64 183
64 91
64 184
64 143
64 50
64 157
65 526
65 202
66 237
68 286
69 117
70 588
70 399
70 451
70 48
72 188
72 210
72 1147
72 174
72 197
72 127
72 520
72 69
73 197
73 475
73 180
74 302
75 121
76 137
76 192
76 806
77 42
79 319
79 269
79 236
79 763
80 87
82 432
82 1126
83 2
83 393
83 768
84 258
85 9
85 10
85 1131
85 715
85 50
85 83
85 124
86 1176
87 732
87 172
87 629
87 161
87 796
87 519
87 132
87 554
88 301
89 111
89 707
89 269
90 275
90 942
90 471
90 10
90 652
90 357
90 511
90 516
90 268
90 190
90 730
90 657
90 135
90 966
90 155
91 136
91 205
92 186
92 124
92 196
92 228
92 12
92 566
92 4
93 283
94 175
94 484
94 959
94 185
94 1065
94 250
94 629
94 508
94 52
94 219
94 82
95 518
95 1126
95 515
96 100
96 91
96 156
96 8
97 193
97 429
97 603
98 428
98 659
99 98
99 369
99 173
99 546
100 347
100 258
100 313
102 612
102 449
102 101
103 255
103 471
104 272
106 12
106 191
109 121
109 196
109 11
109 50
109 566
109 58
110 682
110 94
110 12
110 423
111 333
112 312
112 302
112 754
112 272
113 127
114 176
114 175
114 482
115 82
116 511
116 271
117 179
118 135
118 172
118 320
118 132
119 1086
119 385
119 1137
119 117
119 506
119 1101
120 1
122 724
123 276
123 504
123 285
124 166
125 710
125 95
125 136
125 485
125 79
127 227
128 159
128 451
128 423
128 483
130 196
130 62
130 228
130 200
130 354
130 282
130 188
130 218
131 276
132 154
133 258
134 879
135 504
136 9
136 19
137 183
137 172
137 96
138 513
138 318
139 127
141 744
141 100
141 255
142 425
144 125
144 654
144 326
144 1
145 273
145 316
145 713
145 181
145 603
145 242
145 1208
145 182
147 340
148 1012
148 163
148 501
148 151
149 313
149 269
149 303
150 14
151 549
151 172
151 732
151 378
151 58
151 462
151 287
151 83
152 794
152 66
152 151
152 125
152 371
154 172
156 641
157 410
158 195
158 403
158 209
158 810
158 168
158 285
158 518
158 562
158 576
159 1190
159 273
160 248
160 213
162 544
164 331
164 597
166 322
167 486
171 272
172 183
174 65
174 272
174 56
175 187
176 111
176 1008
176 285
177 174
177 172
177 100
177 187
177 98
177 333
178 7
178 222
178 257
178 176
178 184
178 58
178 304
178 89
178 232
180 191
180 735
180 216
181 121
181 280
182 596
184 238
184 515
184 187
184 318
184 423
184 694
184 950
184 52
185 287
186 322
186 1016
188 591
188 176
188 97
189 178
189 496
189 480
189 486
189 1005
189 638
189 197
189 1021
189 248
190 751
190 354
192 1061
193 1168
194 100
194 655
194 144
194 23
195 14
195 273
195 751
196 67
197 195
198 168
198 660
198 132
198 217
199 475
200 768
200 82
200 226
200 208
200 924
200 11
200 50
200 33
201 1174
201 469
201 188
201 150
204 191
206 310
206 258
207 273
207 515
208 97
210 654
210 65
210 173
213 24
213 238
213 143
213 212
213 127
213 106
214 32
214 313
214 357
214 253
214 327
214 1017
215 216
215 134
215 423
215 172
215 181
215 434
216 655
216 58
216 508
217 96
217 210
218 466
219 132
221 56
221 50
221 3
222 193
222 222
223 318
223 820
223 682
224 553
224 15
224 387
226 9
226 179
226 98
229 898
230 423
230 239
230 202
232 289
232 175
232 435
233 48
233 478
233 14
234 1064
234 510
234 404
234 634
234 242
234 497
234 1169
234 99
234 847
234 480
234 481
234 91
234 927
234 494
234 610
235 69
235 522
237 180
237 127
237 23
237 28
238 300
239 272
239 1204
239 1099
239 174
239 652
239 663
239 150
239 45
239 8
241 288
243 699
243 509
244 52
244 743
244 697
244 122
244 596
244 629
244 941
244 676
246 219
246 475
247 111
248 194
248 64
249 273
249 198
249 283
249 634
249 300
249 409
250 993
250 418
250 276
250 191
250 244
251 132
251 429
253 89
253 8
253 12
253 487
253 300
253 282
253 100
254 196
254 135
254 164
254 655
254 229
255 147
255 405
256 472
256 243
256 778
256 323
256 1109
256 409
257 276
257 475
259 959
259 748
260 682
260 748
262 421
262 747
263 482
263 215
263 100
263 602
263 183
263 515
264 70
264 656
264 320
264 219
264 789
264 367
264 721
264 443
264 153
265 471
266 14
267 210
267 840
267 474
267 614
268 114
268 97
268 244
268 176
269 504
269 108
269 523
269 529
270 265
270 736
270 1074
270 257
270 452
270 222
270 26
271 847
271 238
271 697
271 663
271 744
271 510
271 141
271 490
271 707
271 216
271 357
271 302
271 12
271 956
271 28
271 194
271 203
271 173
272 79
272 187
274 118
274 25
274 274
274 1
275 300
275 174
276 324
276 1129
276 710
276 202
276 427
276 508
276 902
276 58
276 176
276 475
276 69
276 237
276 692
276 354
276 124
276 746
276 693
276 458
277 844
277 273
279 433
279 652
279 1000
279 384
279 395
279 1271
279 173
279 1206
279 802
279 429
280 66
280 322
280 58
280 451
280 387
280 1035
282 268
283 83
283 24
285 198
285 902
286 132
286 42
286 462
286 341
286 269
286 101
286 372
286 73
286 394
286 884
286 288
286 208
286 737
286 330
287 327
287 346
287 200
287 168
288 651
288 176
288 50
290 174
290 141
291 475
291 729
291 455
291 99
291 285
291 66
291 172
291 417
291 7
291 246
292 510
292 525
292 282
292 631
292 265
292 151
293 483
293 654
293 1286
293 174
294 333
294 127
295 151
295 11
295 381
295 1221
295 493
295 237
295 402
295 843
295 496
295 133
296 498
296 357
296 297
296 191
296 482
296 134
296 514
297 699
297 98
297 70
298 507
298 625
298 204
298 143
298 393
299 302
299 746
299 606
299 936
299 211
299 753
299 484
299 285
299 333
300 322
301 33
301 202
301 66
301 143
303 17
303 161
303 408
303 419
303 171
303 1109
303 93
303 168
303 65
303 650
303 151
303 183
303 1098
305 97
305 203
305 209
305 530
307 154
307 91
307 81
307 588
308 199
308 566
308 293
308 770
308 428
308 42
308 127
308 179
308 87
308 509
308 382
308 200
308 319
310 1142
310 257
311 378
311 387
311 498
311 276
311 178
311 218
311 141
311 483
311 66
311 627
311 76
311 205
311 660
312 659
312 511
312 525
312 269
312 489
312 185
312 603
312 526
313 136
313 131
313 490
313 519
314 41
314 692
314 1136
315 673
315 168
315 603
315 194
315 433
318 476
318 340
320 173
320 774
320 800
321 654
321 659
321 135
322 179
322 653
323 22
323 180
323 79
323 273
323 298
324 411
324 748
324 322
325 434
325 1411
325 430
326 445
326 525
326 523
326 483
327 1131
327 4
327 144
327 160
327 514
327 494
328 9
328 726
328 582
328 12
328 237
328 65
328 510
328 651
328 655
329 276
329 269
329 127
330 393
330 102
330 732
330 67
330 418
330 15
330 432
331 7
331 1101
331 221
332 159
332 323
332 9
332 204
332 222
332 369
332 456
332 411
332 679
332 291
332 566
332 651
332 1157
333 748
333 186
333 513
334 8
334 228
334 181
334 42
334 521
334 311
334 529
334 462
334 663
335 902
336 173
336 26
337 636
337 135
337 371
338 663
338 427
338 301
339 136
339 631
339 250
339 135
339 74
339 130
339 650
339 89
339 655
339 485
339 603
340 423
340 417
342 499
342 655
342 223
342 131
342 584
342 216
342 1012
342 189
342 47
343 3
343 194
343 286
343 236
343 177
343 64
343 786
343 606
343 474
343 196
343 250
344 151
345 239
345 234
345 285
345 248
345 100
345 88
345 315
345 70
345 451
346 546
346 203
346 385
346 76
347 609
347 693
347 237
347 174
347 82
347 192
348 107
348 742
349 9
350 483
350 168
350 127
351 898
352 746
353 750
353 333
353 315
354 709
354 269
354 136
354 604
354 513
355 310
355 319
356 347
357 118
357 820
357 1028
357 287
357 928
357 283
358 1266
358 469
358 1524
359 1
360 511
360 515
361 739
361 14
361 684
361 100
361 813
361 185
361 514
361 56
361 513
363 385
363 91
363 210
363 137
363 405
363 511
363 39
367 176
367 200
368 551
370 12
370 608
370 514
371 431
371 357
371 1
372 1090
372 875
373 209
373 89
373 213
373 735
373 709
373 627
373 90
373 70
374 471
374 292
374 230
374 228
374 1010
376 514
377 508
378 283
378 55
378 302
378 52
378 501
378 95
379 286
379 284
379 310
379 131
379 732
379 98
379 191
379 143
380 1113
380 98
380 462
380 302
380 1
380 89
380 1449
381 694
381 1
382 482
382 511
383 316
384 302
384 289
384 347
385 1449
385 175
385 325
385 114
385 604
386 127
387 1007
387 129
387 1143
387 223
387 175
388 288
388 117
388 121
389 301
389 181
389 174
389 474
389 8
389 209
389 208
389 176
389 211
389 612
389 65
389 378
389 238
389 1147
390 713
390 515
391 282
391 474
391 482
391 318
391 507
392 293
392 345
392 288
392 511
393 787
393 272
393 29
393 126
394 715
394 419
394 28
394 313
395 196
395 172
395 89
396 274
397 480
397 896
397 135
397 100
398 498
398 132
398 423
398 183
398 82
399 1074
399 203
399 91
400 301
401 651
401 25
401 365
401 610
401 276
402 273
403 121
403 282
404 938
405 191
405 173
405 658
406 197
406 528
406 519
406 117
407 154
407 357
407 427
407 186
407 288
407 94
408 294
409 479
409 100
409 127
411 451
411 566
412 28
413 237
413 936
413 257
416 246
416 126
416 143
416 620
416 500
416 479
416 1189
416 732
416 153
416 510
416 917
416 392
416 418
416 251
416 242
416 707
416 447
416 471
416 49
416 2
417 153
417 81
417 384
417 198
417 223
417 294
417 1
417 125
418 258
419 615
419 174
419 617
420 855
420 690
421 333
421 474
421 129
422 126
422 558
422 184
422 234
423 340
423 292
423 313
424 286
425 346
425 250
426 488
426 651
426 484
426 511
426 136
426 525
426 318
427 303
427 300
427 874
428 316
428 750
428 294
429 55
429 90
429 742
429 480
429 570
429 410
429 249
429 357
429 52
429 96
429 232
432 844
432 276
432 258
432 117
433 174
433 246
433 59
434 1152
434 225
435 211
435 410
435 91
435 82
435 227
435 790
435 98
435 152
435 834
435 4
435 1069
435 307
435 430
435 527
435 184
435 298
436 159
436 470
436 941
437 607
437 23
437 1113
437 12
437 499
437 135
437 134
439 300
440 921
440 1591
442 318
442 92
442 695
443 271
447 56
448 303
449 269
449 171
449 212
450 162
450 281
450 49
450 1220
450 610
450 628
450 842
450 59
450 514
450 724
450 584
450 717
450 405
450 470
450 902
450 781
451 323
451 879
451 937
451 270
452 1204
452 496
452 286
452 156
452 607
452 491
452 27
452 971
452 174
452 385
453 94
453 763
453 475
453 750
453 223
453 248
454 8
454 300
454 302
454 732
455 275
455 193
455 181
455 174
456 721
456 1081
456 640
456 1017
456 480
456 523
456 1008
456 174
457 135
457 845
457 57
457 739
457 423
457 156
457 7
457 462
457 433
457 45
458 237
458 285
458 526
458 20
458 750
458 287
458 137
458 144
458 694
458 513
458 632
458 129
459 222
459 742
459 286
463 100
463 473
463 311
464 326
464 879
464 1226
464 302
464 12
466 96
466 184
466 518
467 24
468 97
468 367
469 474
471 225
471 393
471 878
472 689
472 1035
472 1079
472 22
472 288
472 68
472 455
472 218
472 82
473 127
474 203
474 509
474 497
474 381
474 302
474 136
474 176
474 566
474 199
474 315
474 498
474 737
474 134
475 347
476 328
476 210
476 300
477 794
478 393
478 762
478 496
478 98
479 471
479 272
479 655
479 479
481 514
481 86
481 211
481 1039
481 190
482 313
483 109
484 230
484 732
486 950
486 301
486 544
486 127
487 1
487 12
487 174
487 1019
487 966
487 237
487 470
487 356
487 735
487 69
488 190
488 662
488 748
488 526
488 265
489 332
489 266
490 150
490 1128
493 455
493 188
493 82
493 358
493 117
493 109
493 89
493 24
493 597
494 204
495 202
495 470
496 39
497 186
497 249
497 258
497 373
497 156
497 1240
497 273
498 922
498 203
498 464
499 191
499 307
499 8
499 463
499 207
500 1385
500 1111
500 1009
500 1010
501 307
501 117
501 298
501 840
503 694
503 176
503 347
503 183
504 479
504 161
504 676
504 225
504 742
504 409
504 154
505 1039
505 584
506 44
506 50
506 657
506 568
506 646
506 328
506 95
506 1063
506 425
507 841
507 271
507 252
508 179
509 258
510 323
511 895
511 340
512 318
513 117
514 89
514 111
514 747
514 239
514 136
514 215
514 181
514 153
515 300
516 902
518 13
519 1293
519 903
521 421
521 226
521 117
521 246
523 663
523 50
523 181
523 794
524 205
524 435
524 469
524 221
524 311
524 193
524 234
524 129
525 1315
525 1
526 276
526 315
526 7
526 269
527 279
527 209
527 234
527 709
528 239
529 333
529 288
530 237
530 275
532 633
532 763
532 842
532 824
532 7
532 316
532 636
532 272
532 266
532 230
533 385
533 22
533 229
534 619
534 25
534 129
534 147
534 978
534 333
535 423
535 502
535 223
535 301
535 70
535 489
535 129
535 963
535 727
536 28
537 197
537 262
537 699
537 127
537 919
537 433
537 479
537 482
538 216
538 97
538 528
539 155
539 289
539 215
539 163
540 7
540 343
540 340
541 140
541 627
541 168
542 238
542 357
542 209
542 655
542 501
542 423
543 663
543 200
543 8
543 56
543 529
545 204
545 742
545 218
545 472
546 53
546 436
546 928
546 760
546 7
547 321
548 762
549 121
550 288
550 328
551 959
551 157
551 176
551 732
551 1439
551 827
551 636
551 410
551 587
551 809
551 294
551 273
551 355
551 673
551 226
551 288
551 168
551 739
552 742
552 126
553 483
553 1126
556 324
556 133
556 327
557 180
558 275
558 253
558 285
559 216
560 498
561 505
561 70
561 168
561 956
561 518
561 524
561 661
561 640
562 82
562 73
563 321
565 171
566 2
566 405
566 157
566 100
566 1193
567 479
567 612
567 221
567 608
568 56
569 7
570 302
571 124
572 124
573 283
574 100
575 98
576 15
577 595
577 111
577 49
577 939
577 87
577 496
577 110
577 65
579 173
581 1353
581 475
582 477
585 740
586 470
586 156
586 217
587 307
588 485
588 1
588 570
588 8
588 692
589 892
589 879
589 877
589 300
590 126
591 1099
591 381
591 1120
591 191
592 544
592 42
592 23
592 100
592 919
592 22
592 150
592 480
592 289
592 1129
592 234
592 32
593 1119
593 660
593 237
594 100
596 295
596 323
597 293
598 748
599 294
599 1152
599 928
599 888
599 1277
600 269
600 195
600 550
600 947
600 188
601 172
605 934
605 408
606 71
606 287
606 527
606 1
606 833
606 174
606 562
606 806
606 628
606 418
608 303
608 22
608 319
610 12
610 28
610 378
610 313
610 8
611 750
611 334
611 333
612 300
613 89
613 435
614 276
615 732
615 237
615 660
615 514
616 288
616 322
616 302
617 444
617 175
617 183
618 582
618 403
619 385
619 50
619 174
619 720
619 651
620 563
620 138
620 1503
621 1028
621 240
621 135
621 1035
622 298
622 174
622 83
622 166
622 1181
622 22
622 780
622 228
623 210
623 523
624 14
624 919
624 310
625 751
625 483
627 179
628 690
628 270
629 153
629 467
629 132
629 200
629 509
629 416
630 121
632 845
632 12
632 191
633 526
634 333
634 93
634 323
634 696
636 15
637 15
637 274
637 936
638 211
638 4
638 234
639 971
639 1020
639 170
639 514
640 14
640 226
640 12
640 201
640 168
641 59
642 237
642 173
642 233
642 732
642 731
642 775
642 769
642 174
642 1152
642 739
642 402
642 742
643 470
643 659
643 65
643 288
643 39
645 286
645 357
645 653
648 479
648 67
648 72
648 275
648 434
648 500
648 181
649 50
650 50
650 191
650 100
650 118
650 968
650 176
650 270
650 89
650 208
653 318
653 156
653 265
653 56
653 228
653 188
653 127
654 196
654 153
655 1642
655 865
655 529
655 86
655 242
655 1651
655 32
656 896
657 922
658 273
658 86
658 9
659 423
659 646
659 805
660 315
661 707
663 619
663 307
663 265
663 333
664 528
664 31
664 659
664 649
664 79
664 319
664 134
664 525
664 484
664 215
664 212
664 504
664 514
665 238
665 240
665 50
665 127
665 762
665 56
666 1098
666 97
666 269
666 301
666 197
666 64
666 510
666 513
666 134
666 519
666 505
667 475
667 98
668 50
669 657
672 321
673 328
674 313
675 427
675 509
676 259
676 272
676 114
677 988
679 132
680 257
682 202
682 172
682 380
682 696
683 62
683 321
683 127
683 316
684 408
684 98
684 63
684 282
684 82
686 514
687 300
687 749
688 1127
688 898
688 329
689 475
689 328
690 284
690 684
691 318
691 1
691 98
693 939
694 188
694 435
694 50
694 185
694 48
695 343
696 312
697 305
697 150
697 286
697 235
697 107
697 50
698 529
698 210
699 325
699 100
701 751
703 275
703 257
703 993
703 293
704 302
704 492
704 344
704 100
704 654
704 493
705 118
705 64
705 1
706 628
706 294
706 258
707 116
707 191
707 995
707 283
707 1281
708 300
708 873
708 751
709 441
709 218
709 195
710 346
710 187
710 277
710 504
711 185
711 778
711 622
711 1014
711 8
711 744
711 655
712 417
712 398
712 1503
712 4
714 3
714 1028
715 462
715 87
715 265
715 81
715 122
715 1
716 474
716 172
716 1269
716 64
716 178
716 663
716 514
716 494
716 197
716 154
716 493
717 280
718 15
719 9
720 1062
721 229
721 1
721 326
721 301
721 181
723 174
727 172
727 588
727 27
727 246
727 161
729 362
731 127
733 20
734 496
735 515
735 813
736 993
737 137
738 175
738 408
739 100
741 699
741 732
744 23
746 181
746 566
746 8
746 83
747 64
747 28
747 648
747 493
747 30
747 582
747 644
747 69
747 48
747 17
747 735
747 639
748 588
748 64
748 180
748 496
749 258
749 168
749 470
749 151
749 495
749 208
749 15
749 1185
749 73
750 879
751 394
751 121
751 537
751 737
751 347
753 313
753 22
753 173
755 323
755 269
756 143
756 117
757 202
757 257
757 27
758 414
758 566
758 684
758 353
758 127
758 435
758 489
758 273
758 270
758 508
758 64
758 384
758 176
758 1039
759 742
761 15
761 147
761 50
763 845
763 466
764 71
764 318
764 275
764 99
765 151
766 65
766 747
766 168
767 170
767 172
768 591
769 1
770 15
770 937
770 258
771 50
771 216
771 91
773 89
773 1367
773 1475
773 462
773 432
774 178
774 238
776 177
776 234
777 205
777 288
777 117
777 523
778 262
779 255
779 471
780 705
780 210
781 195
782 350
782 1662
783 345
785 496
785 269
786 187
786 125
786 265
786 69
786 357
787 258
789 50
790 210
790 203
790 1446
791 332
791 9
792 147
792 13
793 148
794 273
795 640
795 431
795 168
796 1285
796 418
796 5
796 606
798 258
798 403
798 815
798 805
798 118
799 286
800 222
801 343
802 879
802 678
804 674
804 177
804 197
804 91
804 646
804 118
804 413
805 98
805 455
805 709
805 50
805 83
805 1118
805 952
805 173
806 169
806 144
806 187
806 179
807 748
807 1615
807 428
807 193
807 550
807 541
807 520
807 89
807 63
807 118
807 1089
807 659
811 304
813 750
814 100
815 945
815 523
815 705
817 124
817 748
819 177
820 302
821 70
821 427
821 275
823 64
823 770
823 274
823 408
823 684
823 197
823 211
825 118
825 174
825 717
825 322
826 79
826 554
828 179
828 896
829 13
829 313
829 855
829 116
830 435
830 480
830 732
832 313
832 471
833 235
833 200
833 1143
833 154
833 430
834 258
835 1153
835 132
835 157
835 281
835 423
836 238
837 258
838 568
838 83
838 70
838 480
838 72
838 718
838 181
839 1
840 137
840 414
840 615
840 474
840 659
840 195
840 202
840 163
840 186
841 748
841 315
843 288
846 568
846 604
846 519
846 463
846 132
846 72
846 172
846 101
846 1451
846 98
846 1044
846 498
847 496
847 219
848 181
848 133
848 121
848 163
850 419
851 180
851 693
851 1105
851 410
851 302
853 302
853 879
854 273
854 185
854 423
854 469
854 293
854 9
856 316
857 321
861 937
862 132
862 91
862 257
862 50
862 282
863 302
864 96
864 173
864 276
864 118
864 54
864 473
864 546
864 197
865 169
867 79
867 1
867 1159
867 651
867 1039
867 650
868 23
868 919
868 127
868 160
870 447
870 12
870 793
870 653
870 195
870 171
870 28
870 95
870 713
870 56
870 503
870 427
871 515
871 342
871 313
872 476
873 326
874 124
875 418
875 173
875 12
877 56
878 462
878 136
878 168
879 292
879 1
880 144
880 411
880 423
880 269
880 147
880 87
881 106
881 423
881 89
881 177
881 506
882 28
882 1
882 496
882 79
882 423
882 96
883 88
883 64
883 48
883 50
883 8
883 523
883 7
884 510
885 418
885 28
886 819
886 265
886 550
886 710
886 241
886 1217
887 1116
887 257
887 369
887 164
887 443
887 1028
887 252
887 140
887 225
887 421
889 856
889 86
889 381
890 435
890 135
891 118
892 276
892 659
892 196
892 274
892 177
892 465
892 151
892 134
893 410
893 77
893 24
894 535
894 179
894 888
894 898
894 61
894 960
895 283
896 241
896 83
896 229
896 129
897 609
897 133
897 222
897 65
899 218
899 66
899 214
899 121
899 83
899 161
899 1101
901 1035
901 50
901 679
901 181
902 480
902 300
902 172
903 276
903 179
905 7
906 276
907 118
907 1047
907 120
907 483
908 434
911 381
911 203
913 92
913 289
913 143
916 194
916 100
916 28
916 1098
916 527
916 474
916 39
916 650
917 100
917 248
918 962
918 638
918 971
918 25
918 923
921 1028
921 174
921 143
921 328
921 210
921 367
921 526
922 384
922 143
922 450
923 273
923 831
923 742
923 591
924 275
927 155
927 1
928 749
931 690
932 114
932 429
932 481
932 1021
932 1205
932 70
932 520
932 133
932 514
932 212
932 855
933 12
933 182
933 789
933 98
933 211
933 317
933 186
933 50
934 661
934 315
934 153
934 228
934 514
934 403
934 675
934 629
935 924
935 864
936 1241
936 236
936 289
936 1323
936 116
938 1012
939 841
940 216
940 12
940 191
940 176
942 498
942 945
943 405
943 67
943 928
943 403
943 559
943 2
8 144
21 15
24 117
32 1012
75 273
80 237
96 238
121 509
132 100
142 124
154 211
157 1302
168 1
179 302
183 227
184 382
185 447
197 526
202 604
244 70
270 535
273 272
274 742
277 742
279 1288
293 134
310 740
317 328
319 267
322 12
328 549
334 840
338 211
343 202
348 294
351 310
368 320
383 603
398 1450
399 140
415 154
419 50
458 14
460 1142
461 327
466 302
474 956
477 1051
487 206
505 210
509 181
514 81
521 763
533 651
537 205
538 183
542 1
543 237
573 178
575 194
581 285
582 750
596 294
618 273
619 182
645 11
653 1
658 69
666 544
668 403
676 916
694 357
697 287
702 538
708 150
717 50
720 258
736 246
743 408
763 607
771 294
804 647
831 250
844 568
849 121
852 290
875 258
899 518
924 701
932 205
942 511
