6
16
20
29
40
46
54
63
67
76
85
84
102
105
140
142
254
251
244
243
279
263
309
308
312
342
341
350
348
330
373
368
358
359
352
365
360
361
415
395
398
390
441
444
426
468
464
457
450
501
489
557
554
552
567
565
563
561
560
571
569
522
542
536
616
620
621
624
630
637
576
580
581
586
587
601
686
683
674
703
695
691
645
646
664
745
749
760
761
767
764
719
728
734
722
723
816
831
824
827
800
790
797
795
775
770
771
783
881
883
885
888
890
892
869
872
876
877
851
849
863
862
860
836
846
956
952
953
955
950
946
936
932
930
925
922
917
914
909
908
905
904
903
901
899
1023
1001
1007
1006
995
996
984
988
989
979
982
980
971
962
960
1103
1099
1093
1113
1107
1134
1131
1124
1120
1150
1149
1148
1143
1142
1139
1038
1024
1025
1053
1055
1041
1042
1045
1046
1058
1063
1061
