16
27
38
39
44
63
84
102
108
105
115
138
130
145
163
167
236
254
244
243
279
343
341
351
330
329
372
383
358
354
355
362
363
400
406
407
394
389
444
445
426
422
460
456
450
448
495
551
547
567
561
572
570
524
533
532
535
534
543
616
622
620
635
634
576
580
581
583
585
586
590
675
674
701
696
688
644
643
668
745
760
761
765
712
716
704
706
731
720
727
819
818
828
810
785
797
774
775
783
881
885
884
887
886
888
894
865
869
872
875
878
849
855
859
835
833
842
843
841
844
953
951
944
938
935
931
927
921
918
916
914
915
905
904
903
902
901
899
898
896
1020
1023
1011
1013
1015
1005
1004
995
997
999
977
972
966
965
1093
1089
1118
1113
1114
1109
1111
1107
1106
1133
1130
1128
1129
1124
1122
1145
1143
1142
1033
1034
1038
1024
1053
1052
1045
1046
1065
1058
1059
1056
1062
1080
