1 270
2 279
2 273
2 25
2 251
3 344
4 327
5 382
5 211
5 423
5 42
5 204
6 509
6 64
6 135
6 8
6 525
6 89
6 170
7 174
7 56
7 431
7 135
7 125
8 127
8 258
8 227
8 174
9 615
10 124
10 475
10 7
10 127
10 486
11 435
11 83
11 111
11 213
11 125
12 282
12 300
12 161
12 69
13 8
13 290
13 264
13 896
13 823
13 87
13 99
13 654
13 270
13 265
13 624
13 679
13 223
13 435
13 612
13 167
13 497
13 603
13 310
13 64
13 186
14 19
14 213
14 519
14 430
14 15
14 921
15 14
16 22
16 583
16 448
16 79
16 385
16 156
16 480
16 56
16 642
18 99
18 275
18 357
18 187
18 474
18 923
21 7
21 301
22 89
22 502
22 455
23 275
23 856
23 530
24 421
25 121
25 615
26 125
27 515
28 117
28 568
28 282
28 567
30 294
31 514
32 475
34 1024
37 117
37 7
37 176
38 69
40 294
41 98
42 174
42 211
42 939
42 118
42 588
42 88
42 274
42 203
43 8
43 486
43 151
43 815
43 405
43 140
43 56
43 588
44 449
44 588
44 100
45 284
45 764
48 479
48 132
48 483
49 652
49 302
50 544
52 1009
52 527
54 328
54 1
54 273
55 79
56 204
56 195
56 200
56 230
56 748
56 392
56 64
57 249
57 588
57 237
57 546
58 127
58 111
58 773
58 195
58 116
58 64
59 736
59 185
59 484
59 13
59 568
59 79
59 428
59 209
59 435
59 196
59 474
59 318
59 126
59 151
59 606
59 129
59 823
59 3
59 855
60 134
60 604
60 234
60 423
60 637
60 592
60 427
62 47
62 463
62 59
62 582
62 660
62 100
62 1129
63 1007
63 405
63 25
63 333
64 186
64 216
64 203
64 95
65 25
65 427
65 402
65 318
66 127
66 741
69 256
69 124
70 143
71 475
72 356
72 135
72 161
73 89
73 154
73 175
75 235
75 25
76 6
76 98
77 23
77 238
77 209
77 134
78 289
78 411
79 306
79 19
81 275
81 25
82 11
82 175
82 69
82 202
83 127
83 932
83 210
83 566
84 477
84 225
84 276
84 815
85 1101
85 474
85 642
85 955
85 181
85 192
85 464
85 152
87 135
87 199
87 186
87 50
87 194
87 154
87 239
87 535
89 702
89 49
90 650
90 221
90 1204
90 847
90 11
90 307
90 1086
90 143
90 964
90 644
90 464
90 52
90 836
90 425
90 699
90 402
91 64
91 527
91 182
91 328
91 427
91 204
92 778
92 42
92 50
92 273
92 436
92 212
92 7
92 747
92 428
92 1018
92 222
93 15
93 1
94 24
94 404
94 211
94 7
94 42
94 949
94 217
94 647
94 206
94 1118
94 1147
94 53
95 97
95 539
95 127
96 181
96 216
97 663
97 98
97 168
99 313
99 410
99 22
100 272
100 691
101 257
103 294
104 283
106 196
106 25
106 285
106 14
107 312
108 14
109 157
109 56
109 89
109 1016
109 164
109 79
109 318
109 627
110 11
111 269
112 306
113 286
115 508
115 234
115 12
115 100
115 181
115 9
115 302
115 1067
116 1039
117 751
117 772
117 174
117 475
118 474
118 433
118 100
118 288
119 328
119 181
119 412
119 591
119 628
119 222
119 762
121 257
121 937
123 187
124 168
124 550
125 479
125 144
126 311
127 748
128 133
128 180
128 602
128 494
128 433
128 487
130 7
130 418
130 944
130 427
130 410
130 161
130 330
130 426
130 423
130 358
130 174
130 134
130 1217
131 127
134 323
135 12
135 56
135 327
135 23
135 939
135 470
136 747
136 117
137 249
137 546
137 121
138 518
138 617
140 304
141 300
141 282
141 717
141 50
142 268
143 288
144 282
144 124
144 193
144 845
144 234
144 709
144 655
145 31
145 471
145 673
145 1073
145 470
145 270
145 544
145 109
145 282
148 529
148 993
150 293
150 324
150 93
150 319
151 411
151 529
151 1101
151 430
151 1298
151 381
151 499
152 173
152 568
152 785
152 699
152 411
152 237
152 167
152 724
152 111
156 137
158 182
158 302
158 636
158 154
158 8
158 190
158 137
159 1028
159 24
159 15
160 195
160 187
160 79
160 218
162 508
162 1
164 934
164 515
167 1126
167 521
173 262
174 417
174 286
174 1312
174 31
174 160
175 127
176 50
177 89
177 198
177 179
178 588
178 64
178 246
178 50
178 483
178 500
178 317
178 410
179 354
179 288
180 111
180 684
180 423
183 230
183 274
184 517
184 1398
184 197
184 473
184 640
184 451
184 20
184 47
184 381
184 127
184 192
185 116
185 302
185 285
186 257
186 596
186 147
186 939
186 540
187 660
187 135
188 79
188 357
189 225
189 582
189 172
189 526
189 165
190 302
192 7
193 199
193 627
194 223
194 647
194 792
194 265
194 22
195 823
196 1022
196 25
197 233
197 172
197 50
198 1
198 210
198 151
199 221
199 9
199 14
200 586
200 365
201 357
201 65
201 331
203 93
203 222
204 1194
207 185
207 4
207 269
207 423
207 161
208 663
210 483
210 443
210 969
210 419
211 705
213 258
213 156
213 257
213 924
214 191
214 20
214 100
214 508
214 483
214 209
214 1401
215 228
215 449
216 98
218 603
218 176
218 153
221 53
221 282
221 737
221 204
221 33
222 449
222 433
222 181
222 300
222 219
222 1226
224 300
224 294
224 215
224 727
224 282
226 250
226 150
227 100
227 1011
227 13
230 64
230 280
230 174
231 289
232 191
232 44
233 121
234 187
234 792
234 663
234 490
234 474
234 724
234 515
235 692
235 175
236 216
236 282
236 427
236 98
236 304
236 57
237 174
239 194
239 511
239 317
240 307
241 292
243 223
243 157
244 959
244 77
244 26
244 232
244 1467
244 89
244 208
244 183
244 168
246 175
246 68
246 100
248 89
248 854
249 684
249 96
249 69
250 154
250 480
250 135
250 527
252 276
253 216
253 518
254 98
254 183
254 230
255 98
255 234
255 682
256 642
256 5
257 289
258 310
259 173
259 928
259 97
260 313
262 90
262 40
263 568
263 526
263 82
263 1473
264 182
264 1070
264 222
264 202
265 258
267 433
267 180
267 128
267 127
267 464
267 17
267 100
267 188
268 269
268 83
268 68
268 226
268 95
268 174
268 60
268 135
268 1065
269 59
269 514
269 357
269 127
269 479
270 1471
270 185
271 186
271 690
271 479
271 193
271 750
271 111
271 705
271 603
271 52
271 313
271 509
272 127
272 32
272 22
272 521
272 288
274 237
274 71
274 111
274 288
276 98
276 845
276 222
276 518
276 76
276 1098
276 72
276 174
276 7
276 732
276 125
276 685
276 101
276 12
276 558
277 129
278 752
279 47
279 1413
279 174
279 56
279 425
279 228
279 1376
279 401
279 128
279 1305
279 1181
279 578
280 588
280 203
280 384
280 765
280 1478
280 1066
280 86
280 22
281 304
281 310
282 319
282 305
283 455
283 95
284 272
284 344
285 191
286 95
286 761
286 683
286 929
286 1060
286 574
286 339
286 640
287 28
287 257
287 591
287 249
288 544
288 157
288 182
291 250
291 448
291 496
291 567
291 550
291 117
291 100
291 174
292 423
292 789
292 197
292 86
292 28
292 153
292 195
293 144
293 55
293 223
293 582
293 1333
293 518
294 249
294 276
294 50
294 902
295 420
295 629
295 722
295 222
295 153
296 469
296 204
296 750
296 284
297 479
297 751
297 736
297 508
298 193
299 169
299 485
299 347
299 286
299 742
299 144
301 410
301 203
301 118
301 76
301 357
301 28
301 502
301 511
301 12
301 755
301 447
303 721
303 69
303 4
303 847
303 22
303 226
303 1
303 1188
303 174
303 501
305 793
307 511
307 197
307 580
308 511
308 430
308 673
308 211
308 45
308 1
308 559
308 124
308 715
308 732
308 175
308 523
308 241
308 461
310 24
310 304
311 181
311 946
311 195
311 180
311 729
312 813
312 837
312 631
312 608
312 660
312 495
312 71
313 632
313 202
313 432
313 31
313 546
313 194
313 663
313 393
313 650
314 69
314 819
314 672
314 562
314 147
314 155
314 1016
314 64
314 1473
314 237
314 366
315 93
315 531
316 515
316 923
317 748
317 264
318 213
318 1012
318 237
318 194
318 503
318 1048
318 191
318 423
318 15
320 625
320 895
320 248
321 7
321 479
321 153
321 603
322 32
322 50
322 127
322 483
323 258
323 763
323 144
323 9
325 510
326 196
326 378
326 603
327 100
327 129
327 1101
327 558
327 1067
327 172
327 204
328 185
328 77
328 89
328 601
328 133
328 127
329 100
330 161
330 38
330 651
330 1035
331 69
332 1
332 77
332 1016
332 147
332 682
332 302
332 841
334 1312
334 387
334 52
334 285
334 221
334 433
334 512
334 275
336 42
337 222
338 480
338 134
338 175
339 50
339 293
339 488
339 435
339 357
339 525
339 179
339 693
340 173
340 435
340 1
342 182
342 133
342 293
342 237
342 746
342 144
343 521
343 747
343 302
343 367
343 403
343 211
343 154
343 235
343 317
343 1073
343 198
343 425
344 202
344 129
344 311
345 81
345 709
345 298
345 151
345 14
345 170
345 1117
346 183
346 273
346 181
346 121
347 977
347 423
347 204
347 77
347 118
347 181
347 233
347 686
348 756
349 475
349 459
350 173
350 179
350 23
350 616
351 689
354 584
354 419
354 494
354 463
354 707
354 52
354 116
354 527
354 705
355 328
355 689
357 304
357 273
357 280
357 147
357 117
358 8
360 50
360 963
360 285
360 1142
360 28
361 286
362 333
363 168
363 429
363 393
363 473
363 685
363 825
364 678
365 319
365 271
365 288
366 217
366 53
366 219
367 50
370 607
370 137
370 195
371 64
371 423
371 523
371 31
371 655
372 844
372 185
373 660
373 465
373 705
374 684
374 153
374 82
374 227
375 77
376 427
377 748
377 288
377 154
378 172
378 528
378 181
378 436
378 317
378 742
378 458
378 277
378 500
378 235
378 82
378 419
379 185
379 173
379 403
379 210
380 272
380 71
380 168
380 151
380 1065
380 427
380 190
380 79
381 151
381 647
381 268
382 197
383 1063
383 427
383 193
383 528
384 333
384 748
385 100
385 201
385 504
385 180
385 1021
385 606
385 357
386 24
387 8
387 942
387 179
387 642
387 224
387 324
387 192
388 569
388 333
388 628
388 1
389 514
389 518
389 506
389 202
389 618
389 792
390 319
390 126
391 301
391 59
391 604
391 177
391 205
392 316
393 999
393 148
393 2
393 64
393 376
394 96
394 739
394 69
394 132
394 402
394 109
395 286
397 95
397 50
397 182
397 498
397 492
397 693
398 178
398 64
398 514
398 735
398 228
398 403
398 427
398 204
399 196
399 924
399 148
399 622
400 749
401 99
401 684
401 203
402 511
402 1
403 288
404 332
405 586
405 403
405 467
405 356
405 38
405 82
406 427
406 479
406 183
406 121
406 174
406 634
406 469
406 921
406 1194
406 195
406 492
406 96
407 255
407 484
407 91
407 211
407 514
408 319
408 242
408 327
409 165
409 58
409 179
411 196
412 340
412 684
412 175
412 508
414 272
415 180
416 99
416 686
416 56
416 924
416 93
416 217
416 234
416 1483
416 1160
416 328
416 157
416 498
416 345
416 117
417 3
417 1016
417 774
417 98
417 159
419 286
421 427
421 238
423 304
423 1265
424 294
424 990
425 429
425 307
426 427
426 211
427 688
427 268
427 990
428 288
428 538
428 908
429 498
429 483
429 1118
429 412
429 86
429 428
429 199
429 709
430 221
430 98
432 255
432 1047
434 477
435 271
435 159
435 79
435 637
435 56
435 24
435 214
435 174
435 258
436 47
436 423
436 628
436 1119
437 319
437 292
437 655
437 58
437 709
438 471
438 9
438 280
439 14
439 405
440 242
442 410
442 17
443 748
447 118
447 1142
447 760
447 100
447 68
447 288
448 360
448 896
448 750
449 70
449 61
450 702
450 739
450 284
450 1263
450 114
450 969
450 465
450 229
450 238
450 736
450 467
450 561
450 230
451 678
452 66
452 488
452 64
452 48
452 490
453 423
453 42
453 98
453 357
453 509
454 1107
454 272
454 487
454 161
454 191
454 257
454 255
455 8
455 197
455 213
455 95
455 56
456 211
456 433
456 59
456 23
457 559
457 203
457 65
457 91
457 443
457 473
457 531
458 195
458 286
458 654
458 631
458 744
458 475
458 1067
458 405
459 15
460 276
460 1067
460 713
462 895
462 866
462 136
463 7
463 286
464 255
464 748
465 705
466 181
466 117
466 288
467 293
468 191
468 180
468 12
468 275
468 432
469 607
469 705
469 513
470 100
470 305
472 742
472 62
472 214
472 715
472 559
472 665
472 12
472 1139
472 204
472 554
472 625
472 161
472 541
473 9
474 346
474 661
474 4
474 692
474 124
474 474
474 434
474 143
474 480
474 291
476 175
476 268
477 15
477 90
477 274
478 188
478 427
478 357
478 195
478 318
479 732
479 421
479 234
480 203
480 100
480 1388
480 96
480 511
481 648
481 524
481 144
484 210
484 22
486 13
486 137
486 10
487 133
487 956
487 82
487 64
487 239
488 222
488 178
488 135
489 682
489 323
489 316
490 109
491 116
492 528
493 652
493 176
493 258
494 194
495 140
495 120
495 211
495 423
495 496
495 1469
496 22
496 206
496 186
496 246
496 181
497 584
497 358
497 177
497 56
497 25
497 174
497 89
497 716
498 151
498 512
498 183
498 430
498 186
498 517
498 175
498 269
498 190
499 516
499 427
501 741
501 696
502 338
502 288
503 185
503 20
503 199
504 579
504 75
504 620
504 476
504 629
504 699
504 1084
504 292
504 1090
505 31
506 503
506 53
506 447
506 1073
506 604
506 692
507 750
507 1089
507 222
508 378
508 173
508 443
513 258
514 402
514 651
514 275
514 796
514 195
514 792
514 269
514 429
514 15
517 748
518 100
518 744
518 125
519 680
519 1617
520 283
521 127
522 192
522 530
523 189
523 944
523 202
523 949
524 702
524 642
524 423
524 124
524 241
524 493
524 646
524 203
524 367
524 845
524 116
524 583
525 15
525 276
526 181
527 868
527 511
527 214
527 653
528 751
528 109
529 880
529 260
531 690
532 739
532 191
532 143
532 452
532 292
532 79
532 22
532 679
532 864
532 107
532 426
532 354
532 925
533 226
533 94
533 496
533 1033
533 1
533 489
533 58
533 43
534 282
534 273
534 109
534 1052
534 15
534 508
535 16
535 86
535 421
535 609
536 614
536 1
536 707
536 210
536 736
537 209
537 86
538 199
538 144
539 661
539 603
539 303
539 660
540 269
540 597
541 143
542 321
542 230
543 216
543 191
543 462
543 566
545 217
545 732
545 73
545 399
545 174
546 892
546 200
546 236
547 347
548 678
548 905
548 950
548 1278
548 333
548 326
550 993
551 69
551 603
551 281
551 802
551 415
551 1169
551 559
551 147
551 272
551 204
551 1028
551 468
551 223
553 589
553 181
553 661
553 604
553 648
554 531
555 762
555 328
556 172
556 507
557 246
559 523
559 163
559 902
560 318
560 813
560 181
561 154
561 46
561 302
561 1103
561 52
561 1512
562 153
562 582
565 179
566 182
566 82
567 185
567 293
567 640
567 617
567 654
567 187
567 1204
567 430
568 641
568 615
573 632
573 211
573 22
573 10
574 268
574 311
576 471
577 147
577 845
577 393
577 1033
577 54
577 655
577 284
577 313
577 582
577 443
577 121
578 222
579 100
582 472
583 200
583 7
583 513
583 425
584 249
585 14
585 1558
585 166
586 1218
586 187
586 51
586 403
587 691
587 937
588 117
588 1039
588 1428
588 367
590 547
592 302
592 1
592 558
592 98
592 747
592 702
592 483
592 61
592 1011
592 405
592 9
592 887
592 116
592 603
592 1016
592 752
592 347
593 179
593 117
593 56
595 1059
595 1067
598 898
599 846
600 530
600 665
600 450
600 176
601 427
601 100
601 740
602 988
603 429
603 751
603 11
604 127
605 295
605 22
606 596
606 471
606 99
606 82
606 25
606 209
606 147
606 313
606 473
606 385
607 107
607 487
608 86
608 1039
608 98
608 1063
608 131
608 487
608 42
608 79
609 15
613 1315
614 458
615 168
615 13
615 283
615 300
615 518
615 180
616 272
617 868
617 675
617 447
618 318
618 23
618 100
618 161
618 531
618 11
618 596
619 241
619 281
619 82
619 161
619 403
620 313
620 393
620 181
621 1012
621 100
621 270
621 79
621 301
622 168
622 385
622 178
622 380
622 169
624 272
624 288
624 405
625 647
627 237
627 62
627 328
627 205
627 526
627 431
627 195
627 100
627 435
628 302
629 381
629 528
629 56
629 268
629 286
629 92
630 476
630 98
632 622
632 144
632 64
633 96
634 717
634 302
634 237
635 886
637 121
638 550
639 513
640 150
640 684
640 231
640 92
640 269
640 91
640 761
640 161
641 514
642 565
642 725
642 623
642 993
642 553
642 560
642 416
642 723
642 756
642 419
642 790
642 1219
643 443
643 58
643 177
643 114
643 55
643 393
643 127
643 94
643 211
644 546
644 308
644 127
645 641
645 197
645 168
646 1176
647 15
647 72
647 554
647 29
647 402
647 427
648 636
648 1
648 79
648 1050
648 194
648 692
649 252
650 174
650 186
650 511
650 230
651 286
653 474
653 181
653 100
653 357
653 597
654 223
654 87
654 638
654 124
654 926
655 558
655 302
655 1636
655 531
655 896
658 169
658 117
658 471
658 518
659 1168
659 216
659 469
659 496
659 134
659 66
659 693
660 428
660 195
661 69
661 527
661 52
663 180
663 322
663 12
663 1245
663 652
663 237
664 173
664 805
664 156
664 318
664 194
666 435
666 1011
667 186
667 318
667 124
668 311
669 187
669 132
670 519
670 657
671 554
671 161
671 17
671 258
672 25
672 515
673 79
676 520
679 432
679 531
680 286
680 151
682 50
682 282
682 135
682 722
682 56
682 808
682 735
682 25
682 1220
682 39
682 184
684 265
684 239
684 732
686 180
686 204
686 178
686 588
686 173
686 12
686 317
688 307
688 879
690 98
690 67
690 223
690 88
692 1132
693 729
693 521
694 197
694 489
694 15
694 239
694 31
695 288
696 178
697 323
698 307
699 116
700 651
701 313
702 230
703 300
705 699
705 210
705 71
705 755
705 685
706 331
707 531
707 732
707 319
707 692
707 65
708 50
708 934
709 56
709 22
709 210
709 98
709 265
710 89
710 432
710 654
711 79
711 393
711 114
711 1168
711 496
711 966
711 10
711 143
711 180
711 724
712 102
712 140
712 432
712 1036
712 716
712 72
712 465
713 315
713 347
715 955
715 204
715 64
715 248
716 487
716 300
716 194
716 22
716 136
716 196
717 111
717 1282
718 118
718 300
718 597
719 357
720 311
720 902
720 321
720 306
720 1176
721 1039
721 322
721 145
721 328
721 382
722 121
722 124
725 286
726 1059
727 434
727 114
727 12
727 433
727 187
727 127
728 147
728 304
728 287
728 1355
731 485
734 465
735 475
735 181
737 156
738 153
738 97
738 197
738 109
738 511
738 4
738 662
738 214
738 385
738 136
738 659
739 96
739 79
739 603
741 742
741 651
743 222
743 303
745 125
747 315
747 1375
747 7
747 475
747 842
747 1203
748 22
748 181
748 135
749 402
749 200
749 191
749 292
749 11
749 197
749 977
749 418
749 378
749 663
749 366
749 393
749 1228
751 50
751 239
751 1011
751 596
751 142
751 419
751 274
751 25
751 480
751 96
751 708
752 271
753 427
753 294
753 523
755 879
756 210
756 178
757 174
757 568
757 1073
758 88
758 864
758 269
758 433
758 96
758 184
758 364
758 481
758 526
758 629
758 287
758 81
758 144
758 475
758 192
758 152
758 547
758 183
758 865
758 181
759 257
760 1135
760 365
760 451
761 258
763 222
763 127
763 88
764 1012
764 143
765 1009
766 52
766 493
766 91
767 921
767 495
767 344
768 966
769 111
770 924
770 477
771 652
771 114
773 235
773 187
773 239
773 189
773 364
773 357
773 959
774 127
776 217
779 181
779 111
780 318
780 186
780 526
781 324
781 179
782 1278
782 313
783 299
783 264
784 269
784 300
784 898
786 465
786 1044
786 71
786 100
786 204
786 186
786 528
788 241
788 445
788 510
788 185
790 232
790 117
790 774
792 100
792 1335
793 508
793 298
794 242
794 269
794 473
794 1
794 181
794 475
795 7
795 201
796 486
796 66
796 747
796 496
796 151
796 328
796 849
796 1036
796 945
796 949
796 417
796 615
798 839
798 930
798 28
798 419
798 826
800 121
800 300
801 288
802 258
802 444
804 81
804 366
804 250
804 205
804 28
804 174
804 231
804 156
804 180
804 144
804 100
804 732
804 98
804 235
804 226
804 526
805 200
805 432
805 447
805 7
805 317
805 537
805 420
805 470
806 156
806 196
806 588
807 451
807 684
807 211
807 101
807 230
807 596
807 1034
807 1016
809 272
810 286
815 89
815 57
815 230
815 427
815 479
815 203
815 114
816 332
816 288
817 7
819 300
821 435
821 151
821 1197
821 97
822 71
823 715
823 135
823 318
823 238
823 182
823 655
823 141
825 274
825 326
826 309
826 177
826 96
828 45
829 515
829 192
830 197
830 183
831 270
831 56
833 1231
834 475
835 186
835 543
835 427
836 170
836 269
837 151
838 174
838 50
838 169
839 93
840 588
840 747
840 79
840 525
840 56
840 100
840 216
840 1266
842 333
843 89
843 234
844 318
844 151
845 311
846 489
846 737
846 527
846 288
846 721
846 318
846 23
846 87
846 601
846 648
846 602
846 789
846 67
846 441
846 1218
846 193
847 1086
847 71
847 77
847 222
847 211
848 50
848 732
848 642
849 174
850 132
850 480
850 121
850 485
851 826
851 912
851 271
851 144
851 806
851 915
851 193
852 117
853 880
853 299
853 678
854 175
854 180
857 475
858 334
860 216
861 286
862 633
862 658
862 480
862 99
862 276
862 650
863 258
863 271
864 349
864 550
864 451
864 31
864 318
867 498
867 207
867 172
867 431
867 89
868 455
868 1098
868 172
868 199
870 462
870 647
870 181
870 69
870 276
870 193
870 313
871 202
872 121
872 926
872 300
872 405
873 313
874 127
875 187
875 183
875 23
875 423
875 1073
875 172
877 270
877 203
877 88
878 51
878 529
878 732
880 793
880 467
880 1284
880 281
880 550
880 367
880 70
880 475
881 357
881 8
881 117
881 490
882 378
882 275
883 257
883 172
883 273
883 338
883 1288
883 113
883 487
883 955
883 12
883 867
883 277
883 283
885 195
885 204
885 169
885 476
886 71
886 1119
886 156
886 76
886 164
886 693
886 1010
886 833
887 455
887 8
887 128
887 168
887 756
887 318
888 202
888 869
889 428
889 546
889 129
889 480
889 357
889 171
889 484
889 210
890 521
890 210
890 589
890 501
890 1149
890 193
891 126
892 1124
892 430
892 951
892 568
892 67
892 496
892 12
893 144
893 121
894 1379
894 1501
894 515
894 1048
894 213
894 32
894 293
894 319
894 1592
896 168
896 402
896 182
896 48
896 181
896 174
896 732
896 200
896 651
897 1033
897 28
897 429
897 143
897 521
897 185
897 378
897 659
899 463
899 89
899 194
899 48
899 203
899 318
899 190
901 732
901 96
901 12
901 210
901 35
901 451
902 275
903 157
903 515
903 203
903 318
903 183
903 180
903 238
904 278
904 97
906 117
907 1167
907 143
907 869
907 272
907 235
908 28
908 631
911 194
911 216
911 272
912 655
912 154
912 97
912 14
913 461
913 99
913 228
913 64
913 518
913 176
913 302
914 371
914 643
916 60
916 64
916 4
916 30
916 652
916 241
916 203
916 244
916 1073
916 9
918 381
918 132
919 1012
919 28
919 423
919 1277
919 204
919 218
921 15
921 274
921 400
922 227
922 50
922 451
922 181
922 91
923 276
923 866
923 50
923 293
923 1011
924 28
924 313
924 64
925 98
927 417
927 588
927 409
927 38
928 168
928 246
928 268
930 709
931 116
932 174
932 515
932 168
932 632
932 708
932 521
932 516
932 427
932 836
932 30
932 648
932 1449
933 746
934 175
934 420
934 134
934 2
934 223
934 199
934 449
934 427
936 19
936 129
936 1
937 1007
937 515
938 458
939 546
939 237
939 689
939 127
939 405
939 121
940 269
940 313
940 420
942 318
942 750
942 478
942 496
943 194
943 24
943 239
943 614
1 3
1 162
1 172
1 156
1 57
1 214
1 23
1 16
1 253
1 107
1 181
1 135
1 129
1 113
1 193
1 223
1 33
2 313
3 328
3 342
4 329
5 391
5 174
6 134
6 531
6 357
6 410
6 1
6 467
6 209
6 87
7 641
7 163
7 200
7 565
7 44
7 402
7 447
7 491
7 211
7 185
7 555
7 519
7 216
8 510
8 241
9 371
9 385
10 155
10 273
10 470
10 367
10 164
10 178
10 588
10 497
10 418
10 11
10 707
10 40
10 519
10 218
11 51
11 737
11 97
13 402
13 190
13 514
13 855
13 404
13 430
13 585
13 445
13 517
13 527
14 12
14 524
14 628
14 923
14 588
15 690
15 308
15 459
16 12
16 194
16 9
16 69
16 180
16 168
16 496
17 276
18 654
18 169
18 153
18 478
18 210
18 133
18 45
20 22
21 127
21 993
22 651
22 208
23 195
23 79
23 194
24 41
24 300
25 50
25 275
25 655
26 304
28 50
29 182
30 259
32 257
34 898
34 332
35 748
36 883
36 333
37 92
38 35
38 99
38 140
38 1031
38 225
41 152
42 172
42 216
42 1028
42 98
42 405
42 143
43 15
43 153
43 531
43 216
44 443
44 432
44 423
45 15
45 108
46 1024
47 305
48 191
48 50
48 185
49 518
49 547
49 171
49 1077
51 64
51 181
53 96
54 7
54 288
56 144
56 238
56 222
56 778
57 258
58 70
58 651
58 150
58 654
59 193
59 210
59 492
59 1113
59 204
59 425
59 32
59 137
60 474
60 89
60 582
60 173
60 69
60 15
60 216
60 160
61 328
62 199
62 83
62 1016
62 306
62 151
62 181
62 955
62 357
63 116
63 109
64 176
64 746
64 175
64 174
64 184
64 516
65 735
66 742
67 240
68 276
68 117
69 12
70 189
70 419
70 128
70 257
70 186
70 393
70 89
71 257
71 153
72 382
72 521
72 226
72 479
72 515
72 25
72 520
72 435
72 233
73 64
73 171
74 326
74 302
75 117
75 301
75 100
76 61
76 1129
76 23
77 518
78 880
78 237
81 928
81 276
82 514
82 367
82 134
82 310
82 529
82 111
83 88
83 685
83 546
83 660
84 95
84 98
85 168
85 204
85 1070
85 478
85 715
85 301
85 83
86 242
87 210
87 1041
87 405
87 161
87 515
87 177
87 111
87 845
87 202
87 554
88 886
89 301
90 311
90 813
90 1201
90 435
90 209
90 10
90 958
90 357
90 218
90 1200
90 511
90 135
90 155
91 183
91 210
91 603
91 143
91 318
92 159
92 474
92 65
92 475
92 12
92 204
92 134
92 528
92 203
92 707
94 736
94 175
94 549
94 625
94 629
94 923
94 421
94 186
94 510
94 1135
94 410
94 132
94 265
94 268
94 70
94 1153
95 172
95 8
95 433
95 485
95 286
95 509
95 1221
95 747
95 209
95 507
96 56
96 156
96 265
97 174
97 222
99 763
99 290
99 92
100 347
100 752
101 866
102 98
103 255
104 1012
106 211
106 318
108 290
109 665
109 742
109 58
109 1028
110 566
110 258
111 313
112 887
112 333
112 331
113 979
114 659
114 197
114 183
115 772
115 273
115 172
115 23
116 221
117 144
117 121
117 258
117 109
118 654
119 56
119 718
119 86
119 546
119 405
119 54
121 192
122 956
122 197
122 469
122 403
123 514
125 64
126 313
126 884
127 227
128 79
128 686
128 1
128 50
128 633
128 65
128 417
128 483
130 44
130 252
130 347
130 469
130 56
130 215
130 329
130 203
130 181
130 1013
130 1039
130 246
130 17
130 179
130 282
130 12
130 315
130 477
134 15
137 680
137 748
137 687
138 513
138 519
138 509
138 12
139 1233
141 471
141 274
141 121
141 866
141 100
142 350
144 127
144 125
144 651
144 316
144 257
144 297
145 690
145 134
145 949
145 635
145 825
146 319
147 302
148 181
148 173
148 663
148 209
148 222
150 235
151 175
151 15
151 699
151 378
151 514
151 652
151 181
151 275
151 87
151 497
151 52
151 151
151 512
151 372
152 220
152 278
152 255
152 157
154 172
154 480
154 488
154 640
156 641
156 9
157 340
157 100
158 188
158 798
158 408
158 209
158 168
158 277
158 250
158 172
159 678
159 476
160 201
160 169
160 430
160 211
161 100
162 544
162 298
162 943
164 690
164 252
164 328
164 984
164 291
164 299
167 606
167 318
168 258
168 845
168 282
169 127
171 315
173 302
174 1262
174 255
174 143
174 269
174 272
174 708
175 483
176 222
176 150
176 151
176 7
176 285
177 203
177 174
177 154
177 22
177 806
177 160
177 288
178 302
178 161
178 1169
178 204
178 58
178 781
178 367
178 739
178 196
178 77
180 372
180 216
180 733
181 121
181 222
181 25
181 405
182 191
184 170
184 511
184 64
184 515
184 676
184 1167
184 707
186 477
186 117
186 1016
186 332
187 423
187 23
187 116
188 632
188 22
188 162
189 512
189 124
189 652
189 44
189 630
189 498
189 751
190 15
190 269
191 900
193 269
194 100
194 173
194 483
194 192
194 187
194 521
194 157
194 51
195 14
195 127
195 258
196 663
197 272
197 568
197 245
197 651
198 942
198 727
198 96
200 258
200 304
200 588
200 685
200 282
200 202
200 118
200 98
201 1100
201 219
201 192
201 515
201 506
201 137
202 484
203 276
203 150
204 340
204 297
205 316
206 313
207 56
210 58
210 735
210 257
210 1
210 70
210 357
213 64
213 143
213 274
213 831
213 212
213 176
213 447
213 318
213 603
213 678
213 508
213 229
213 483
213 778
214 79
214 327
214 856
214 213
214 522
215 168
215 186
216 763
216 298
216 221
216 652
216 196
217 679
218 47
219 132
220 303
221 1217
221 578
222 77
222 193
222 756
222 230
222 100
222 591
222 423
222 12
223 71
223 866
224 423
224 191
226 98
230 211
230 427
230 405
230 969
230 294
232 435
232 1
233 202
233 527
233 357
234 423
234 136
234 506
234 429
234 709
234 1221
234 316
234 199
234 1121
235 419
235 50
235 70
235 346
235 195
236 223
236 79
238 300
239 1203
239 528
239 612
239 663
242 1357
242 740
242 331
243 655
243 194
243 317
244 1048
244 180
244 1188
244 381
244 629
244 258
244 66
246 219
246 547
246 172
246 1073
249 242
249 275
249 634
249 186
249 176
249 300
249 403
249 7
249 1069
249 591
249 1011
249 183
249 39
249 318
250 181
250 276
250 338
250 357
250 50
250 969
251 12
251 132
251 64
253 132
253 8
253 699
254 380
254 419
254 655
254 227
256 554
256 225
256 88
256 216
256 460
256 127
256 230
256 49
256 716
256 831
256 476
257 1137
257 57
257 166
257 475
258 311
259 147
259 293
262 421
262 179
263 443
263 435
263 523
263 58
263 495
264 602
264 14
264 451
264 430
264 210
265 293
265 100
265 748
267 141
267 68
267 172
267 218
267 187
267 550
268 181
268 50
268 127
268 211
268 42
268 169
269 137
269 716
269 919
269 602
269 469
270 736
270 531
270 257
270 268
270 402
270 379
270 551
270 559
270 283
270 1014
271 744
271 521
271 427
271 516
271 173
272 56
272 234
273 321
275 1
276 324
276 1019
276 1129
276 1172
276 153
276 427
276 508
276 154
276 332
276 24
276 183
276 316
276 315
276 156
276 284
276 241
276 79
277 1197
278 288
279 712
279 380
279 871
279 1000
279 184
279 211
279 1495
279 687
279 1490
279 168
280 153
280 12
281 288
283 1114
283 820
285 222
286 137
286 707
286 186
286 588
286 316
286 1
286 710
286 367
287 1
287 201
287 347
287 346
287 200
287 168
288 100
288 345
288 305
290 423
290 196
290 64
290 135
291 471
291 729
291 566
291 147
291 15
291 172
291 844
291 7
291 411
292 419
292 492
292 265
292 654
293 496
293 657
293 474
293 185
293 163
294 879
294 294
295 159
295 162
295 1459
295 738
295 83
295 228
295 1221
295 237
296 508
296 20
296 515
296 198
296 179
297 97
298 8
298 284
298 210
298 252
299 60
299 211
299 615
299 275
299 208
299 588
299 311
299 354
299 462
299 298
299 129
300 833
301 651
301 4
301 202
301 380
301 143
301 219
301 719
301 797
301 527
301 181
303 651
303 582
303 219
303 805
303 251
303 109
303 80
303 124
303 357
303 79
303 506
303 128
303 185
303 404
304 274
305 425
305 97
305 474
305 792
305 863
306 150
307 153
307 172
307 173
307 258
308 213
308 806
308 393
308 1169
308 276
308 7
308 642
308 185
308 481
308 655
308 32
308 169
308 48
308 357
308 1456
309 326
310 1022
311 431
311 208
311 329
311 161
311 98
311 570
311 96
311 748
311 125
311 423
311 9
311 660
312 50
312 521
312 185
313 50
313 121
313 96
313 525
314 405
314 762
315 276
318 482
318 655
318 340
318 182
318 282
320 291
320 68
320 1091
320 147
321 30
321 205
321 190
321 170
321 86
322 505
322 479
322 508
322 521
323 11
323 151
324 268
325 432
326 498
326 483
326 474
327 1131
327 181
327 143
327 92
327 514
327 215
327 1
328 245
328 1483
328 281
328 31
328 655
328 744
328 474
329 333
329 297
329 286
329 269
330 993
330 105
330 496
330 67
330 739
330 8
330 197
330 385
331 32
332 41
332 322
332 327
332 106
332 73
333 315
333 100
334 185
334 303
334 197
334 708
334 11
334 608
334 56
334 318
335 288
336 173
336 186
336 4
336 26
337 230
338 189
339 404
339 135
339 4
339 23
339 130
339 170
339 86
340 50
340 199
340 417
340 204
342 251
342 507
342 212
342 47
342 699
343 79
343 177
343 90
343 786
343 657
344 273
344 509
344 216
344 255
344 315
345 980
345 732
346 141
346 151
346 566
346 177
347 85
347 163
348 370
348 742
349 458
350 195
350 479
350 603
351 292
352 176
353 750
353 331
354 694
354 478
354 268
354 165
354 213
354 308
354 428
355 310
356 326
358 132
359 270
359 1
360 483
360 515
360 199
361 694
361 949
361 524
362 312
363 552
363 307
363 746
365 151
365 269
365 287
365 1137
366 853
367 17
369 181
370 525
370 209
370 193
371 210
371 204
371 180
372 273
372 446
373 79
373 89
373 166
373 735
373 278
373 603
373 191
373 514
374 292
374 1134
374 218
374 39
374 239
374 228
374 872
374 450
376 707
378 162
378 896
378 969
378 50
378 686
378 182
378 77
378 155
379 644
379 651
379 443
379 187
379 524
379 127
379 686
379 197
380 709
380 515
380 28
380 1116
380 12
380 258
380 663
380 306
381 657
381 1018
381 129
382 482
383 135
383 286
384 289
385 32
385 1159
385 156
385 1367
385 173
385 522
385 37
385 23
386 127
387 679
387 56
387 183
387 1143
387 200
387 265
387 357
387 188
387 175
388 98
389 301
389 181
389 418
389 517
389 435
389 531
389 176
389 705
389 71
389 423
391 97
391 659
392 270
392 1143
392 1007
393 774
393 257
393 405
393 237
393 815
393 123
393 317
393 569
393 354
393 68
393 333
393 459
394 217
394 7
394 82
394 411
394 84
394 559
395 196
395 342
395 163
396 323
396 841
396 974
396 222
397 273
397 611
398 162
398 234
398 191
398 152
398 82
398 181
399 188
401 515
401 88
401 537
402 479
402 471
402 273
404 307
404 313
405 185
405 939
405 5
405 193
405 318
405 480
405 22
406 505
406 519
406 124
406 154
406 217
406 98
406 645
407 97
407 655
407 357
407 121
407 315
409 204
409 479
409 607
409 523
409 303
409 1073
409 79
409 170
411 210
412 480
412 173
412 357
412 117
413 236
413 258
413 257
416 692
416 273
416 176
416 143
416 1286
416 392
416 781
416 549
416 1020
416 124
416 96
416 9
417 67
417 498
417 483
417 1086
417 384
417 946
417 198
418 895
419 181
421 603
421 302
421 187
422 267
422 671
423 1134
423 620
423 924
423 313
425 327
425 340
425 272
425 204
426 1204
426 98
426 641
426 654
426 490
428 243
428 879
429 419
429 82
429 258
429 117
429 157
429 265
429 114
429 248
429 185
429 427
430 168
431 286
431 322
433 137
434 1152
434 121
435 211
435 182
435 778
435 732
435 919
435 381
435 291
435 541
435 1401
435 299
435 1069
435 403
435 239
435 1
436 739
436 204
436 215
436 66
436 435
437 47
437 748
437 179
437 781
439 7
439 1328
439 290
440 515
440 971
441 121
441 342
442 403
442 42
442 174
442 98
444 245
445 405
447 233
447 69
447 963
447 153
448 319
448 340
448 258
449 293
449 1372
449 1006
450 629
450 192
450 7
450 245
450 54
450 49
450 207
450 632
450 66
450 614
450 1226
450 126
450 386
450 724
450 183
450 1192
450 38
450 637
450 735
451 301
452 173
452 156
452 825
452 684
454 118
454 250
454 566
454 169
455 1197
455 96
455 127
455 504
455 181
455 1167
455 270
455 286
455 22
455 298
456 582
456 218
456 68
456 919
456 188
456 174
457 470
457 755
457 196
457 186
457 845
457 9
457 155
457 739
457 143
457 202
457 156
457 980
457 237
457 258
457 190
457 732
457 8
458 126
458 939
458 632
458 32
459 291
459 926
460 312
462 11
462 181
462 326
463 124
463 1163
463 740
463 473
463 508
464 326
464 299
465 98
465 56
466 902
467 257
468 1070
468 91
468 82
468 584
468 427
469 306
469 487
470 283
470 9
471 102
471 8
471 95
472 202
472 1095
472 1074
472 183
472 343
472 120
472 177
472 672
472 455
472 755
472 216
472 552
472 232
472 562
473 268
473 475
474 943
474 1200
474 170
474 188
474 316
474 86
474 48
474 709
474 469
474 293
474 584
474 28
475 347
476 88
477 722
477 280
477 49
477 756
478 255
478 100
478 150
478 143
478 684
479 498
479 405
479 96
479 198
480 8
480 1121
481 430
481 1039
482 328
484 222
484 651
484 239
484 265
484 135
484 451
484 229
486 181
486 1226
486 9
487 651
487 55
487 747
487 27
487 173
488 434
488 385
488 186
488 294
488 491
488 300
489 1612
489 328
489 890
491 12
492 291
492 318
493 154
493 300
493 56
493 65
493 121
493 115
493 763
494 924
494 237
495 511
495 265
495 944
495 505
495 581
495 449
495 521
495 50
496 277
497 549
497 19
497 258
497 187
497 373
497 156
497 655
497 588
498 474
498 525
498 448
499 97
499 886
499 202
499 56
500 83
500 479
500 258
500 358
500 7
501 411
501 181
501 1014
503 137
503 181
503 381
504 4
504 323
504 716
504 543
504 125
504 402
504 215
505 203
505 117
505 132
506 200
506 699
506 684
506 516
506 68
508 176
508 191
510 323
513 210
513 546
514 735
514 50
514 239
514 58
514 175
515 258
515 895
515 362
515 682
516 194
517 127
518 717
518 121
518 129
518 1
519 903
521 195
521 181
522 510
522 100
522 11
523 393
523 863
523 874
523 181
523 407
523 794
524 170
524 498
524 684
524 191
524 467
524 416
524 193
527 499
527 22
527 134
529 984
530 443
530 607
531 329
532 633
532 98
532 1312
532 295
532 1189
532 915
532 1221
532 228
532 591
532 242
532 266
533 483
533 756
533 685
533 215
533 252
533 286
533 659
533 568
533 87
533 778
534 978
534 333
535 319
535 30
535 614
535 212
535 194
535 166
535 708
535 210
535 382
535 186
535 836
535 727
536 213
536 386
536 168
536 84
536 378
536 511
536 28
536 190
536 96
536 1039
537 699
537 478
537 357
537 479
537 136
538 195
538 191
539 289
540 250
540 742
541 709
541 66
541 924
542 186
542 648
542 418
542 194
542 192
543 190
543 111
543 778
543 177
543 188
543 179
543 212
545 578
545 164
545 176
545 1028
545 254
546 760
546 118
546 234
547 319
548 156
548 281
548 121
548 203
548 181
548 405
548 248
549 258
551 1039
551 241
551 941
551 176
551 15
551 692
551 587
551 70
551 762
551 531
551 232
551 1011
551 233
551 779
551 202
551 402
551 739
551 943
552 50
553 497
553 153
554 405
555 236
555 181
556 513
556 324
557 292
558 124
559 180
560 654
560 423
560 183
561 285
561 168
561 518
561 156
561 436
561 196
562 143
562 402
564 118
565 190
566 210
566 959
567 176
567 506
567 611
567 469
568 165
569 7
569 283
569 14
570 305
571 357
574 312
575 79
576 435
576 70
577 1042
577 172
577 229
577 407
577 318
578 313
579 258
580 294
581 475
582 258
582 222
585 652
586 31
586 820
586 200
586 183
587 264
587 300
588 333
588 132
588 821
588 282
588 928
588 356
588 366
588 421
588 231
589 339
590 287
591 79
591 194
591 216
592 196
592 179
592 326
592 134
592 293
592 518
592 806
592 1142
592 249
592 271
592 194
592 268
592 12
592 589
592 276
593 50
593 288
593 747
595 460
595 275
595 50
596 682
596 300
597 50
597 275
598 312
599 928
599 284
600 53
600 269
600 947
600 399
600 56
600 449
601 508
601 230
602 9
603 988
604 448
604 447
605 137
605 508
605 133
606 88
606 89
606 928
606 179
606 50
606 281
606 423
607 462
608 303
608 699
608 489
608 423
608 193
608 207
608 483
610 427
610 70
611 307
611 315
613 530
614 508
615 170
615 48
615 792
615 191
615 192
615 521
616 303
616 258
616 349
616 1313
618 133
618 131
619 298
619 22
620 78
620 246
620 1503
620 28
621 333
621 257
621 50
621 432
621 541
621 183
621 804
622 184
622 721
622 194
622 50
622 132
622 165
622 403
622 276
622 597
623 523
623 79
623 222
623 659
624 305
624 333
625 238
625 222
625 169
627 187
627 92
628 305
628 1296
629 12
629 15
629 300
629 195
629 258
630 126
630 288
630 300
630 298
632 201
632 357
632 174
633 1046
633 526
634 676
634 595
634 313
635 327
636 813
638 172
638 195
638 204
639 615
640 202
640 566
640 354
640 663
642 577
642 21
642 462
642 1079
642 15
642 742
643 67
643 96
643 156
643 515
643 234
644 871
644 100
645 357
645 488
645 955
645 427
645 46
645 653
647 134
647 82
648 432
648 211
648 928
648 576
648 210
649 282
650 200
650 1126
653 318
653 187
653 684
653 509
653 521
653 657
654 405
654 756
654 196
654 69
654 748
654 468
654 313
655 213
655 46
655 133
655 739
655 32
655 1380
655 296
657 508
658 22
658 96
659 131
659 204
659 517
659 196
659 89
660 172
660 435
661 28
661 313
661 515
661 230
661 496
661 96
661 174
662 10
663 357
663 544
664 642
664 494
664 92
664 168
664 484
664 770
665 538
665 127
666 478
666 792
666 655
666 182
666 480
666 310
666 127
666 519
666 23
666 505
666 511
668 300
668 538
669 168
670 479
670 603
670 485
670 199
670 191
670 511
670 417
671 123
671 121
671 451
671 174
673 315
673 344
674 742
674 181
675 1101
676 173
676 270
676 265
676 114
678 147
679 42
679 69
680 98
680 515
681 990
682 246
682 293
682 229
682 1
682 82
682 156
683 906
683 127
684 186
684 111
684 8
686 521
688 259
688 302
689 405
690 636
690 393
690 1
690 186
691 294
691 64
692 411
693 218
694 133
694 237
694 131
695 340
695 1024
695 311
696 344
697 300
697 107
697 879
698 190
699 325
703 275
703 471
704 180
704 205
705 827
705 222
705 64
705 1
707 1120
707 251
707 736
707 8
708 313
709 441
709 508
709 218
710 135
710 172
711 269
711 238
711 1053
711 162
711 655
712 392
712 243
712 812
712 1220
712 173
713 344
714 405
714 118
714 3
715 156
715 1011
715 81
715 122
716 185
716 423
716 443
716 432
716 11
716 465
716 614
716 659
716 190
717 313
717 475
717 127
717 888
721 527
721 111
721 1119
721 268
722 307
723 168
724 258
725 748
726 832
727 282
727 186
727 199
727 42
729 272
729 354
731 945
733 116
733 20
733 293
734 50
734 15
735 285
736 248
737 137
738 496
738 81
738 121
738 127
739 301
741 15
741 181
742 475
743 9
743 302
744 657
744 1
745 258
745 425
746 24
746 597
746 83
747 588
747 432
747 172
747 502
747 39
747 485
747 418
748 709
749 526
749 139
749 89
749 183
749 227
750 879
751 196
751 738
751 88
751 494
751 785
751 121
751 736
751 100
751 737
751 347
752 307
753 313
753 657
753 71
756 432
756 96
756 176
756 300
756 591
757 333
757 193
757 227
757 471
758 91
758 1022
758 684
758 222
758 313
758 479
758 607
758 141
759 298
759 275
760 204
763 70
764 69
764 111
766 559
766 318
767 187
767 100
767 524
767 180
768 310
769 13
770 288
771 15
771 768
771 403
772 307
772 300
772 332
774 526
774 519
776 234
776 174
776 192
777 692
779 257
780 22
781 195
781 523
781 134
782 873
782 1662
782 332
783 301
783 345
784 272
786 195
786 125
786 684
786 208
788 289
788 286
788 218
788 589
788 54
788 651
789 293
789 150
789 181
790 436
790 1063
790 188
790 210
790 203
790 79
792 762
794 847
795 152
795 234
795 175
795 168
796 54
796 809
796 478
796 173
796 356
796 112
798 265
798 1035
798 485
800 25
801 682
802 98
804 662
804 184
804 639
804 210
804 94
804 290
804 670
804 216
804 473
804 445
804 515
804 433
804 193
804 240
805 645
805 179
805 238
805 1118
805 509
805 191
805 58
805 222
806 82
807 491
807 143
807 483
807 227
807 239
807 250
807 402
807 118
807 612
807 584
811 258
815 393
815 418
815 588
815 96
815 228
815 435
815 684
816 343
817 222
817 273
821 294
821 1
821 56
823 606
823 1070
823 97
823 157
823 742
825 566
825 252
825 195
825 591
825 282
825 597
826 39
828 1068
829 257
829 13
829 198
829 189
829 100
830 612
830 588
830 480
830 181
830 71
831 479
831 591
833 202
833 185
833 188
833 218
833 933
834 245
834 181
834 347
834 307
835 423
836 89
836 657
837 20
838 354
838 1115
838 206
838 718
838 1039
840 656
840 14
840 505
840 83
841 748
841 300
843 434
843 288
843 679
846 604
846 739
846 657
846 58
846 603
846 239
846 197
846 715
846 52
846 199
846 778
846 608
847 735
848 483
848 135
848 89
848 318
848 427
850 69
850 584
851 71
851 248
851 527
851 924
851 473
851 410
851 588
851 597
852 969
854 12
854 855
854 511
854 151
854 270
856 258
856 272
857 321
858 127
859 287
859 293
860 202
860 56
861 736
862 96
862 132
862 431
862 10
862 928
862 483
863 361
864 8
864 596
864 742
864 562
864 286
864 333
864 223
864 163
864 123
864 176
865 100
865 847
865 547
866 315
867 480
867 529
867 1065
867 174
868 234
868 615
868 160
870 223
870 354
870 64
870 90
870 471
870 10
870 1
870 95
870 481
870 527
870 87
870 48
870 427
871 79
871 50
874 357
874 285
874 124
876 174
877 79
877 241
878 1149
878 462
878 582
878 197
880 202
880 98
880 1277
880 347
880 657
880 248
880 348
880 127
880 39
881 276
881 480
881 393
881 89
881 615
881 202
881 63
882 380
882 616
882 265
882 96
883 399
883 30
883 421
883 1171
883 516
883 289
883 1012
884 116
884 179
884 213
885 186
886 550
886 171
886 94
886 50
886 1019
886 403
887 928
887 369
887 90
887 562
887 87
889 523
889 187
889 100
889 180
889 86
890 434
890 176
890 340
890 7
891 756
892 276
892 684
892 174
892 478
892 192
892 516
892 661
892 175
894 287
894 13
894 511
894 1009
894 300
894 960
894 707
894 129
895 1
895 13
896 124
896 136
896 180
896 710
896 22
896 129
896 77
896 245
897 498
897 96
897 232
897 33
897 215
897 200
897 616
897 470
897 230
898 242
899 121
900 474
900 124
901 932
901 194
901 234
902 87
902 497
903 156
903 181
903 12
903 81
903 333
904 451
905 321
905 302
906 676
907 185
907 286
907 15
907 25
907 83
908 484
909 326
909 707
911 209
911 89
912 15
913 96
913 127
913 357
915 313
916 512
916 593
916 581
916 39
917 248
919 191
919 283
919 343
920 258
921 294
921 323
922 427
922 450
923 168
927 28
927 404
927 568
927 866
927 426
928 496
928 8
928 135
929 56
929 89
931 245
931 275
931 909
932 528
932 170
932 114
932 483
932 475
932 967
932 1
932 195
932 488
932 502
932 380
932 1126
932 194
932 1050
932 1573
932 183
933 183
933 211
933 186
934 195
934 208
934 584
934 210
934 1449
934 474
936 1115
936 591
936 125
936 93
938 225
938 275
939 222
940 204
940 855
941 147
942 487
942 259
942 315
943 218
943 68
943 559
6 242
12 88
20 568
22 194
23 13
39 294
81 79
99 196
102 228
106 495
112 328
119 1052
126 302
128 182
130 2
135 443
139 288
167 513
186 588
199 116
219 664
230 168
234 519
243 778
252 129
256 185
276 96
286 1075
292 11
302 307
318 25
355 300
358 1021
366 447
371 69
377 272
397 23
407 519
415 154
424 538
435 659
439 1048
445 346
503 45
515 315
540 257
585 1158
589 272
593 966
594 357
598 313
600 518
608 275
624 1067
628 330
637 1233
669 97
678 117
689 50
696 245
714 7
732 937
733 224
744 174
775 286
779 243
783 300
803 242
815 526
816 326
841 307
844 568
847 1137
850 96
858 754
880 748
892 127
906 100
925 447
943 816
