1 170
1 32
1 100
1 90
1 229
1 166
1 178
1 20
2 275
2 111
2 286
2 14
5 443
5 222
5 433
5 267
5 430
6 274
6 482
6 9
6 481
6 485
6 166
6 175
6 507
7 428
7 52
7 215
7 97
7 4
7 214
7 39
7 429
7 546
10 135
10 489
10 203
10 234
10 162
10 699
10 7
10 137
10 132
10 269
10 22
10 334
11 549
11 429
11 524
11 723
11 83
11 393
11 79
12 143
12 69
13 72
13 264
13 566
13 493
13 87
13 316
13 99
13 549
13 88
13 501
13 319
13 178
13 506
13 12
13 809
13 712
13 144
13 48
14 42
14 151
14 517
14 922
14 276
15 300
16 282
16 230
16 942
16 15
16 423
17 100
18 283
18 963
18 174
18 474
18 647
18 485
18 479
18 367
18 287
19 310
21 875
21 98
22 168
22 175
22 62
23 518
24 69
24 427
24 421
24 11
24 25
25 568
25 204
25 25
25 430
25 604
26 129
26 1012
27 9
28 800
28 380
31 811
31 498
32 508
32 298
33 313
34 324
35 879
36 288
37 233
37 27
37 265
38 392
38 200
38 627
38 402
39 270
40 294
41 153
41 175
42 756
42 132
42 136
42 1041
42 588
42 58
43 336
43 52
43 496
43 168
43 285
43 546
43 181
44 523
44 87
44 191
44 328
44 227
44 520
46 333
47 340
49 7
51 136
52 473
53 546
54 276
54 471
54 307
56 692
56 655
56 946
56 678
56 559
56 402
56 215
57 288
58 268
58 50
58 42
58 558
58 100
58 1084
58 116
59 736
59 515
59 755
59 402
59 491
59 187
59 708
59 764
59 265
59 432
59 219
59 566
59 3
60 200
60 205
60 77
60 1125
60 529
62 24
62 76
62 183
62 258
62 716
62 153
62 100
63 25
64 431
64 463
64 181
64 11
64 190
65 191
66 741
69 265
69 79
70 185
71 475
71 14
72 525
72 591
72 106
72 603
72 526
72 866
73 32
73 433
73 1073
74 9
76 286
76 517
77 201
77 153
77 154
77 134
79 283
79 1022
79 100
79 311
82 357
82 481
83 63
83 755
83 584
83 756
83 281
83 527
83 684
84 70
84 276
84 12
85 298
85 86
85 642
85 205
85 528
85 1098
85 69
85 443
87 523
87 367
87 651
89 127
89 197
89 15
90 313
90 196
90 651
90 89
90 507
90 387
90 14
90 900
90 285
90 59
90 699
90 287
91 22
92 208
92 212
92 628
92 258
92 1
92 46
93 845
93 1
94 603
94 208
94 92
94 246
94 192
94 176
94 735
94 100
94 228
94 483
94 744
95 170
95 378
95 445
95 50
95 77
96 181
96 519
96 645
97 7
97 670
99 1132
99 147
99 403
100 300
100 691
101 147
102 186
104 345
104 750
106 196
106 1115
106 25
106 210
106 69
109 405
109 356
109 174
109 252
109 89
109 739
109 179
109 156
109 388
109 53
110 451
110 11
111 315
113 257
113 1251
114 496
115 127
115 7
115 185
115 302
116 1039
116 285
117 789
117 265
117 271
118 655
118 433
118 960
118 184
119 298
119 1153
119 685
121 137
121 318
121 127
122 464
123 9
125 1060
126 311
126 262
127 294
127 450
128 99
130 833
130 270
130 257
130 291
130 1220
130 684
130 756
130 255
130 298
130 96
130 1278
130 82
130 1058
130 174
131 124
133 271
134 323
135 56
136 747
136 127
137 79
137 327
137 546
137 50
137 250
137 237
138 518
138 1
139 458
141 120
141 591
141 597
141 535
142 7
142 28
144 116
144 845
144 215
144 33
144 55
145 257
145 13
147 286
148 164
148 357
148 993
151 160
151 163
151 490
151 430
151 178
151 121
151 135
151 186
151 969
151 131
151 380
151 1269
152 241
152 173
152 483
152 237
152 22
152 272
154 197
156 86
158 455
158 283
158 190
159 225
160 302
160 218
160 461
160 488
160 13
160 484
160 474
161 276
163 318
163 272
164 472
165 270
167 1125
167 381
168 1197
168 291
168 742
169 300
169 181
170 300
171 269
171 303
173 286
173 303
174 244
174 764
174 196
174 553
174 582
176 324
176 50
176 100
177 693
178 1004
178 1119
178 199
178 511
178 50
178 354
178 55
178 410
178 679
179 301
179 288
183 55
183 380
184 1398
184 640
184 208
184 95
184 529
184 1010
184 70
184 340
184 285
186 1253
186 925
186 546
186 596
187 52
187 28
187 135
188 96
188 443
188 121
188 173
188 455
189 863
189 317
189 143
189 30
189 4
193 313
193 100
193 276
193 845
194 657
194 496
194 218
194 265
197 347
197 328
197 187
198 210
198 11
199 473
200 143
200 225
200 357
200 447
200 552
200 1217
200 62
201 991
201 693
201 334
201 57
201 156
204 1194
207 186
207 746
207 237
207 14
210 722
210 181
210 211
210 97
210 176
210 402
210 180
210 96
212 268
212 87
212 318
213 173
213 288
213 151
213 502
214 705
214 20
214 236
214 187
214 652
216 22
216 357
216 200
218 762
219 546
220 269
220 305
221 268
221 721
221 17
221 7
221 42
221 346
221 33
222 196
222 333
222 402
222 232
222 96
222 357
222 28
223 69
223 845
223 1
224 280
224 313
224 215
225 215
225 194
225 492
227 1007
227 1068
227 14
230 627
230 266
230 185
230 418
232 514
232 705
233 135
233 462
233 70
233 23
233 313
233 584
234 923
234 178
234 52
234 132
234 705
234 64
235 185
235 86
235 480
235 515
235 1
236 750
237 191
237 169
238 286
239 209
239 179
239 531
239 427
239 317
240 288
244 232
244 1467
244 357
244 126
244 183
246 257
246 211
246 840
246 175
247 258
248 98
249 212
249 89
249 568
249 240
250 293
250 378
250 196
250 527
251 313
252 286
252 847
253 494
254 204
255 559
256 451
256 54
256 657
256 473
256 182
256 203
256 15
256 11
257 289
257 305
257 531
257 181
258 690
258 286
259 475
260 1025
261 892
261 359
262 1147
262 433
262 96
262 338
262 402
263 484
263 127
264 12
264 675
264 606
264 558
266 313
266 9
267 175
267 1240
267 216
267 824
267 159
268 191
268 257
269 959
269 515
269 276
269 507
269 663
269 1361
269 396
269 479
270 155
270 25
270 275
271 22
271 51
271 705
271 169
271 514
271 98
271 135
272 521
272 604
275 176
275 144
276 550
276 257
276 193
276 628
276 240
276 70
276 317
276 4
276 634
276 420
276 9
276 1170
276 65
276 343
276 168
276 558
277 1
277 282
279 1498
279 1007
279 1228
279 109
279 550
279 741
279 636
279 709
279 464
280 132
280 499
280 286
280 86
283 194
283 71
283 409
283 210
284 304
284 345
285 455
286 931
286 742
286 888
286 179
286 278
286 175
286 154
287 461
287 710
287 652
288 98
288 632
288 544
288 200
288 1065
290 809
290 204
290 210
290 318
290 732
291 250
291 466
291 90
291 288
291 780
291 50
291 686
291 785
291 325
291 179
291 128
292 56
292 86
292 234
292 58
292 659
292 705
292 511
293 127
293 151
293 582
294 324
294 248
295 43
295 423
295 226
295 511
295 39
295 290
295 109
295 95
295 191
296 256
296 56
296 258
296 98
297 90
297 11
297 24
297 258
297 8
297 237
297 196
297 272
297 298
298 286
298 502
298 419
299 152
299 480
299 485
299 154
299 49
299 511
299 175
299 170
300 300
300 1012
301 318
301 121
301 127
301 88
301 265
301 673
301 94
301 203
301 47
301 82
301 8
301 755
303 170
303 208
303 246
303 425
303 258
303 443
303 9
303 56
303 1073
303 173
303 116
303 83
303 410
303 64
303 501
305 64
305 512
305 269
305 61
305 50
305 511
305 242
305 180
305 654
305 311
307 408
308 23
308 91
308 611
308 284
308 609
308 605
308 124
308 1197
308 671
308 568
308 1404
309 331
310 304
311 181
311 357
311 484
311 642
311 645
311 70
311 679
311 501
311 942
311 71
311 54
311 195
311 614
311 494
311 97
312 524
312 713
312 507
312 515
312 154
312 537
312 1039
312 459
312 519
312 835
312 495
312 663
312 610
312 1
313 624
313 31
313 504
313 69
313 420
313 133
313 172
313 195
313 427
314 147
314 628
314 1220
314 983
314 294
314 476
315 223
316 515
316 549
316 707
316 318
316 1084
317 264
318 1048
318 133
318 527
318 1050
318 66
319 880
320 99
320 808
320 433
320 825
321 1331
321 494
322 302
323 763
324 508
324 1033
325 614
325 474
325 23
325 408
326 265
326 172
326 132
327 202
327 111
327 168
327 200
327 475
327 806
327 192
328 211
328 405
328 200
329 181
329 512
330 88
330 376
330 969
330 568
330 58
331 811
332 54
332 156
332 328
332 385
332 449
332 258
332 827
332 257
332 181
334 525
334 9
334 52
334 1524
334 634
334 179
336 105
336 949
336 50
337 471
338 180
338 462
338 435
338 408
338 134
338 213
339 194
339 293
339 160
339 157
339 126
339 527
339 1113
339 357
339 79
339 434
339 187
340 88
340 497
342 286
342 124
343 214
343 269
343 735
343 176
343 536
343 124
344 619
344 297
344 203
345 311
345 402
345 56
345 268
345 126
345 12
345 221
346 211
346 496
346 54
346 245
346 31
347 127
347 258
347 423
347 655
347 77
347 200
347 79
347 627
347 233
351 984
351 313
351 879
352 156
352 568
352 39
354 154
354 497
354 887
354 208
354 936
354 707
354 528
354 485
354 10
354 533
354 283
354 246
356 313
357 126
357 304
357 819
358 512
360 50
360 207
360 285
360 242
361 47
361 285
361 502
361 86
361 194
363 531
363 185
363 66
363 102
363 408
363 313
363 223
363 2
363 248
363 176
365 591
365 285
365 150
366 443
367 326
367 302
370 484
371 22
372 844
372 561
372 325
372 77
373 553
373 125
373 401
373 465
373 238
373 190
374 129
374 265
374 82
374 185
374 98
374 591
375 288
376 198
376 762
376 100
377 200
378 921
378 98
378 528
378 173
378 482
378 447
378 174
378 255
378 485
378 1063
379 153
379 175
379 227
379 843
379 522
379 502
380 151
380 357
380 318
382 507
382 357
382 1534
382 59
382 235
382 290
383 427
383 302
383 528
384 286
385 479
385 616
385 48
385 207
385 922
385 1506
385 340
385 30
387 1019
387 199
387 190
387 663
387 156
388 569
388 219
389 371
389 506
389 427
389 481
389 1203
389 945
389 618
390 126
391 301
391 177
391 9
391 530
391 357
392 173
392 880
392 297
392 257
393 161
393 410
393 926
393 494
393 944
393 121
393 4
393 241
393 588
393 376
394 183
394 227
394 403
394 195
394 546
396 9
397 288
397 345
397 657
398 96
398 705
398 732
398 521
398 228
398 1126
398 174
399 475
399 727
401 174
401 65
402 15
402 696
402 286
402 9
402 255
405 174
405 732
405 586
405 433
406 507
406 211
406 418
406 732
406 745
406 813
406 432
406 474
406 671
406 608
406 492
407 408
407 8
407 710
407 248
409 97
409 166
409 496
409 529
409 179
411 1
411 196
411 527
411 79
411 405
412 64
413 269
416 792
416 942
416 232
416 27
416 132
416 93
416 202
416 1540
416 761
416 197
416 70
416 173
416 4
416 955
416 125
416 107
416 100
416 423
416 723
416 755
416 427
417 11
417 723
417 163
417 157
417 944
417 159
417 184
421 657
421 127
422 410
423 245
423 282
424 1346
424 294
424 100
424 840
425 17
425 62
427 332
427 289
428 259
428 307
429 732
429 222
429 510
429 42
429 462
429 11
429 69
429 163
429 709
430 318
432 150
434 369
435 394
435 257
435 181
435 127
435 174
435 1016
435 250
436 47
436 821
436 715
437 174
437 234
437 221
437 275
437 436
437 65
437 239
437 473
437 654
437 497
437 603
437 606
438 9
438 300
440 1038
440 312
444 100
445 174
446 245
447 298
447 288
448 1602
450 748
450 284
450 144
450 490
450 727
450 845
450 465
450 111
450 707
450 705
450 501
450 602
450 322
450 448
450 663
450 102
450 495
450 26
450 230
451 1265
452 124
452 172
452 659
452 210
452 660
453 73
453 423
454 496
454 70
454 479
454 22
454 257
455 568
455 57
455 584
455 778
455 447
455 172
455 161
455 942
456 180
456 197
456 479
456 268
456 747
456 200
456 484
457 699
457 229
457 568
457 528
457 22
457 64
457 147
457 219
457 160
457 443
457 144
457 554
457 402
458 844
458 191
458 469
459 250
459 678
459 932
463 257
463 127
464 748
465 1
466 232
468 50
468 170
469 173
469 194
469 499
469 610
469 656
469 127
470 276
472 64
472 135
472 1014
472 625
472 660
474 505
474 427
474 490
474 182
474 221
474 511
474 4
474 692
474 58
474 484
474 513
476 245
476 4
477 294
477 553
477 88
477 36
477 369
478 616
478 710
479 727
479 455
479 509
480 302
480 462
480 174
481 505
481 144
484 97
484 778
484 7
484 1016
484 56
485 303
487 95
487 1425
487 686
487 845
487 265
487 566
487 627
488 174
488 22
488 208
489 538
489 340
489 750
490 741
490 50
491 475
493 357
494 845
494 143
494 191
495 393
495 186
495 64
495 79
495 633
495 418
497 168
497 455
497 399
497 408
497 268
497 395
498 183
498 514
499 429
500 59
500 475
500 30
500 217
501 1534
501 282
502 338
502 687
502 328
503 186
503 205
503 234
503 50
503 199
503 211
504 616
504 282
504 655
504 1046
504 216
504 307
504 514
506 443
506 693
506 222
506 525
507 50
507 323
508 378
508 443
508 154
510 326
513 118
513 685
514 729
514 98
514 157
514 302
514 257
514 237
514 1600
514 658
518 125
519 874
519 680
519 313
520 100
521 33
521 179
521 168
521 268
521 12
523 8
523 189
523 197
523 949
523 285
523 167
524 436
524 709
524 481
525 762
527 172
527 182
527 1101
527 185
527 86
527 69
527 631
527 70
528 181
528 194
532 754
532 8
532 425
532 66
532 187
532 251
532 44
532 216
532 87
532 22
532 318
532 925
532 658
532 51
533 1033
533 823
533 132
533 111
533 591
533 489
533 845
533 303
533 298
534 475
534 121
535 1063
535 1124
535 204
535 174
535 195
536 402
536 496
536 389
536 189
537 13
537 48
537 641
537 208
537 653
538 96
538 496
540 475
541 225
541 553
541 781
541 678
542 69
542 315
542 56
542 109
542 230
543 466
543 198
545 82
545 231
545 183
545 196
545 168
545 257
546 109
546 258
547 354
548 525
548 293
548 164
548 1014
548 258
548 307
549 237
550 181
551 69
551 755
551 174
551 658
551 979
551 550
551 727
551 796
551 260
552 286
553 631
553 131
553 615
554 191
555 762
555 118
555 111
556 286
556 479
557 12
557 508
559 863
559 902
560 813
560 255
560 181
561 178
561 1009
561 514
561 1512
562 218
563 566
565 515
565 30
566 20
566 521
566 461
567 679
567 615
567 433
567 9
567 496
568 185
568 603
568 462
569 473
571 191
573 179
573 22
574 245
577 204
577 79
577 208
577 168
577 436
577 1046
577 181
577 655
577 1147
577 25
577 1028
579 294
579 216
581 1367
582 50
582 313
583 175
584 181
585 463
585 1121
586 51
586 550
586 118
587 259
588 107
588 117
588 783
588 1078
588 370
588 815
588 72
588 91
588 99
588 88
592 302
592 47
592 193
592 346
592 1199
592 187
592 168
592 527
592 985
592 686
592 183
592 9
592 501
592 255
592 752
592 1017
592 382
592 246
593 83
593 282
593 15
593 11
593 5
593 121
595 1059
595 1010
595 151
597 1016
597 127
598 349
599 220
599 873
599 1095
600 526
600 665
600 554
600 176
601 427
601 431
601 250
601 475
601 183
601 429
602 127
602 988
603 429
603 751
603 100
605 135
605 79
605 9
605 69
606 596
606 692
606 471
606 234
606 91
606 498
606 619
606 288
606 97
606 531
606 24
606 844
606 435
606 257
607 238
608 1039
608 100
608 127
609 304
610 275
610 673
610 402
611 311
611 286
611 347
615 423
615 127
615 529
615 283
615 300
615 87
615 518
615 1021
618 241
618 79
618 71
619 550
619 187
620 174
620 140
620 795
620 82
620 416
620 151
620 1
621 107
621 241
621 96
621 73
622 153
622 111
622 12
622 156
622 385
622 62
622 157
622 100
623 451
624 50
624 1120
624 147
624 321
625 91
625 498
625 258
625 214
627 22
627 655
627 431
627 230
627 68
627 191
629 238
629 144
629 693
629 317
629 162
629 137
629 92
630 477
630 273
630 742
632 622
632 485
633 159
634 129
634 475
634 248
634 985
634 127
634 546
634 125
635 246
635 331
635 886
637 408
639 513
640 189
640 1067
640 346
640 385
640 173
640 1228
640 42
642 527
642 56
642 125
642 560
642 40
642 926
642 95
642 1091
642 1030
642 386
643 443
643 568
643 418
643 174
643 656
643 393
643 179
644 546
645 48
645 641
645 650
645 22
645 194
645 746
645 435
646 272
647 196
647 173
648 195
648 1050
648 123
648 304
650 432
650 186
651 276
652 328
653 89
653 313
653 181
653 79
653 272
653 310
654 735
654 83
654 169
654 926
654 8
654 269
655 1639
655 515
658 530
658 169
658 518
659 212
659 602
659 218
659 215
659 180
659 143
659 66
659 357
659 178
659 483
661 418
661 97
661 192
661 199
661 501
663 655
663 313
663 693
663 182
664 735
664 708
664 482
664 156
664 95
664 100
664 302
664 196
665 185
665 186
665 286
665 427
665 1009
665 411
665 65
666 855
666 1021
666 56
666 582
666 651
666 517
667 318
667 527
667 124
667 285
668 286
669 313
669 521
669 523
669 205
670 144
670 657
671 195
671 559
671 255
671 385
671 233
673 347
675 750
675 242
676 117
676 64
677 294
677 237
680 169
681 286
682 222
682 135
682 92
682 628
682 808
682 1011
682 1012
682 241
683 305
683 133
684 66
684 204
686 22
686 185
687 268
688 307
689 15
689 121
690 223
690 56
690 79
691 603
691 56
691 1172
692 866
692 100
693 313
693 25
693 135
694 526
694 490
694 118
694 489
694 52
694 499
694 1126
694 31
694 610
694 699
695 242
696 315
696 327
697 277
697 237
697 124
698 307
698 194
699 1328
699 10
699 475
699 298
699 221
701 304
701 272
703 237
703 7
704 480
705 83
705 225
706 410
707 792
707 45
707 936
707 1163
708 1152
709 117
709 234
709 187
709 318
709 293
710 419
711 419
711 214
711 218
711 161
711 216
711 741
711 496
711 306
711 845
711 387
712 1053
712 790
712 140
712 655
712 465
712 755
713 272
714 294
715 546
715 249
715 318
715 4
715 12
716 660
716 181
716 792
716 655
716 568
716 88
716 602
716 196
716 526
716 200
717 126
717 322
717 289
719 69
720 286
720 333
721 393
721 660
721 15
721 77
721 145
721 269
722 471
725 328
727 67
727 470
727 227
727 203
727 68
727 28
727 658
727 748
730 1
731 69
731 496
732 269
732 882
733 19
733 676
733 1067
734 705
735 25
735 690
737 156
737 186
737 58
738 196
738 97
738 528
738 4
738 186
738 662
739 79
739 187
740 294
740 286
741 435
741 178
741 241
741 742
742 127
743 222
743 748
743 242
744 276
745 100
745 125
746 132
746 183
747 262
747 304
747 501
747 79
747 481
747 844
747 1375
747 531
747 1204
747 97
747 558
747 521
747 483
747 584
748 515
748 173
749 185
749 200
749 414
749 179
749 22
749 1228
749 429
749 31
750 305
751 272
751 79
751 210
751 21
752 358
752 1243
752 327
753 294
753 272
754 276
757 195
757 1
757 198
757 742
757 196
757 101
758 628
758 373
758 200
758 578
758 512
758 790
758 218
758 1159
758 81
758 350
758 98
758 480
758 475
758 224
758 656
758 1016
758 654
759 1
760 1135
761 282
762 173
763 609
763 1065
763 505
763 61
763 135
763 625
763 22
763 209
764 7
764 28
765 14
767 1068
767 506
767 481
768 25
770 25
770 14
770 919
771 275
771 542
771 496
772 322
772 327
773 187
773 1529
773 455
773 1555
773 181
774 241
774 219
774 127
774 431
776 185
776 635
778 226
778 28
778 154
779 181
780 202
780 50
780 526
782 245
782 313
782 250
784 678
784 690
785 294
786 471
786 7
788 445
788 582
788 176
789 129
790 265
790 317
790 268
790 739
791 181
791 289
792 544
793 252
793 298
794 109
795 191
795 169
796 250
796 1049
796 546
796 318
796 949
796 96
798 687
798 1517
798 378
798 705
798 270
801 288
802 219
802 234
802 681
803 887
804 291
804 498
804 259
804 85
804 820
804 63
804 1
804 323
805 151
805 678
805 447
805 317
805 96
805 1157
806 511
806 95
806 496
806 182
806 143
807 385
807 230
807 405
810 304
810 328
815 196
815 88
815 527
815 134
815 173
815 190
815 631
815 176
816 690
816 349
816 332
817 7
818 286
821 151
821 1060
823 152
823 418
823 474
823 150
823 124
823 193
823 89
823 503
825 982
825 286
825 741
825 866
825 984
826 56
828 59
828 303
828 512
829 509
829 1121
830 161
830 511
831 96
831 100
833 168
833 195
833 1019
834 284
834 288
835 69
836 324
836 165
837 1009
838 286
839 333
839 129
840 135
840 7
840 603
840 756
840 1674
840 708
840 520
840 473
841 302
842 269
842 324
842 306
843 234
844 258
844 174
845 311
845 313
846 51
846 60
846 737
846 511
846 1069
846 135
846 28
846 684
846 780
846 627
846 580
846 205
846 425
846 609
846 837
846 622
847 71
847 181
848 519
848 241
848 164
848 642
848 582
848 428
848 708
849 38
849 27
850 181
851 483
851 56
851 50
852 568
854 922
854 258
854 93
854 979
854 487
854 168
856 300
859 762
860 283
861 584
861 381
861 242
862 1011
862 789
862 767
862 22
862 1050
862 188
862 198
863 344
863 328
863 334
863 324
864 471
864 531
864 44
864 98
864 178
864 693
864 82
864 100
864 200
864 52
865 408
867 524
867 182
867 7
867 50
868 173
868 169
870 177
870 124
870 496
870 181
870 248
871 781
874 100
874 137
875 511
875 651
875 50
875 174
875 172
877 538
877 52
878 498
878 153
878 435
879 117
879 50
879 15
880 44
880 1134
880 315
880 182
880 746
880 550
880 23
880 568
880 770
880 180
880 50
881 125
881 414
881 524
881 143
881 117
881 174
881 322
881 54
882 180
882 471
882 131
882 969
882 117
883 4
883 81
883 922
883 113
883 487
883 176
883 504
883 477
884 275
884 127
885 174
885 169
885 476
886 147
886 157
886 1119
886 128
887 50
887 111
887 228
887 969
888 237
888 191
889 652
889 298
889 357
889 164
889 13
889 512
889 513
889 658
889 128
889 59
890 632
890 489
890 69
890 174
891 471
892 845
892 153
892 131
892 58
892 50
892 12
894 1501
894 515
894 318
894 847
894 937
894 198
894 305
895 100
896 8
896 215
896 427
896 493
896 489
896 210
896 327
896 50
896 96
897 208
897 201
897 1028
897 409
897 185
897 423
897 568
898 309
899 176
899 194
899 172
901 322
902 50
903 763
903 60
903 409
903 523
903 4
903 238
904 300
904 682
904 97
906 10
906 473
907 405
907 322
907 696
907 291
907 356
908 288
909 531
910 1012
911 194
911 204
911 190
912 655
912 238
912 14
913 12
914 643
916 64
916 583
916 1011
916 697
917 237
917 756
918 606
918 1101
918 1639
919 19
919 340
919 144
919 118
922 15
922 174
922 50
922 451
922 172
922 382
922 230
923 829
923 121
923 825
923 1277
923 544
924 7
924 173
925 324
925 185
927 541
927 1415
928 98
929 135
930 106
932 169
932 661
932 229
932 632
932 504
932 162
932 659
932 119
932 30
932 208
933 654
933 151
933 28
934 303
934 663
934 316
934 705
934 794
934 193
936 313
936 547
936 268
936 286
936 272
938 257
938 151
939 298
940 213
940 269
940 8
940 315
940 657
942 197
942 318
942 216
942 427
943 56
943 31
943 184
943 426
943 808
943 76
943 201
1 212
1 251
1 23
1 52
1 87
1 82
1 133
1 129
1 202
1 258
1 48
1 51
1 165
2 284
2 50
2 293
3 328
4 288
5 101
5 40
5 194
6 318
6 534
6 520
6 487
6 467
6 515
6 514
6 191
6 489
7 641
7 69
7 683
7 659
7 644
7 491
7 574
7 643
7 507
7 393
7 527
7 183
7 136
7 241
8 651
9 50
9 479
9 691
10 191
10 32
11 241
11 100
11 729
11 357
12 318
12 191
12 228
12 471
13 856
13 864
13 917
13 523
13 685
13 504
13 190
13 514
13 182
13 137
13 430
13 604
13 226
13 428
13 517
13 342
13 615
13 62
14 186
14 473
14 211
14 498
14 514
15 690
15 864
15 866
15 275
15 306
16 87
16 273
16 183
16 200
18 56
18 189
18 529
18 387
18 805
18 512
18 133
18 604
21 129
21 325
21 17
21 448
22 4
22 515
22 840
22 712
22 187
23 189
23 89
23 705
24 176
24 151
24 518
24 98
24 300
25 239
25 474
25 8
25 495
26 127
26 936
26 246
28 258
28 96
33 323
34 299
36 261
36 885
37 22
37 172
37 195
37 385
38 216
38 423
38 384
38 409
38 162
40 268
41 430
41 173
41 170
41 486
41 209
42 742
42 1047
42 785
42 591
42 28
42 427
42 95
42 404
42 405
43 69
43 88
43 312
43 301
44 313
44 432
44 603
45 762
46 1062
46 305
46 313
47 258
48 50
49 320
50 288
52 126
53 174
54 475
54 411
56 1035
56 443
56 433
56 174
56 226
56 201
56 746
56 237
57 121
57 1
58 210
58 1
58 651
59 147
59 1113
59 277
59 746
59 204
59 650
59 216
59 567
59 615
59 174
59 427
59 100
59 919
59 191
59 1074
59 569
59 516
59 507
60 121
60 186
60 405
60 175
60 208
60 608
60 199
60 480
62 483
62 959
62 250
62 511
62 1074
62 65
62 283
62 98
62 132
62 71
63 137
63 276
63 300
63 251
64 746
64 434
64 188
64 98
64 28
64 174
64 1
64 182
64 10
65 806
65 121
66 471
66 50
69 7
69 42
70 169
70 8
70 186
70 507
71 276
72 5
72 198
72 124
72 484
72 177
72 48
72 212
73 475
74 340
75 472
76 61
76 197
76 1129
77 199
77 42
77 56
77 156
79 303
79 275
81 237
81 591
81 318
82 479
82 97
82 588
82 496
83 692
83 117
83 15
83 255
83 385
83 64
84 7
85 168
85 180
85 414
85 179
85 208
85 196
85 133
85 1153
85 708
85 631
85 170
87 38
87 100
87 9
87 80
87 179
87 167
88 354
89 111
89 707
89 237
89 268
90 488
90 322
90 617
90 209
90 713
90 241
90 958
90 427
90 903
90 12
90 610
90 837
90 494
90 662
91 526
91 50
91 264
91 205
91 82
92 825
92 176
92 246
92 135
93 235
94 286
94 549
94 313
94 9
94 625
94 1211
94 133
94 58
94 168
94 1058
94 508
94 338
94 470
94 70
94 91
94 690
95 79
95 31
96 56
96 187
97 408
97 153
98 523
98 517
99 238
99 237
100 294
102 612
103 126
105 269
105 313
106 162
106 1242
108 281
109 121
109 237
109 735
109 742
109 380
109 373
109 239
110 326
110 682
112 300
112 333
113 255
114 183
114 483
115 762
117 12
117 1012
118 23
119 268
119 322
119 658
119 188
119 109
119 194
119 741
119 213
119 313
119 511
119 54
119 259
121 14
121 181
122 737
122 197
122 699
123 192
125 28
125 158
125 195
125 568
126 266
127 449
128 26
128 196
128 159
128 216
128 633
128 588
128 732
128 209
128 482
128 763
128 136
130 118
130 682
130 222
130 366
130 228
130 367
130 24
130 742
130 403
130 752
130 179
130 534
130 1279
135 475
136 124
137 222
137 472
137 96
137 195
138 117
138 509
141 471
141 825
141 121
142 189
144 127
144 126
144 326
144 8
144 461
144 942
144 297
145 42
145 690
145 69
145 316
145 64
145 302
146 346
147 292
147 258
148 228
148 7
149 346
150 221
150 123
151 966
151 371
151 549
151 1113
151 1039
151 660
151 609
151 496
151 234
151 514
151 194
151 238
151 428
151 1264
151 494
152 284
152 125
152 739
152 632
152 121
154 238
158 55
158 285
158 576
158 38
158 250
159 1190
159 96
159 1012
159 220
160 56
160 248
160 185
160 1142
160 293
160 671
160 763
162 222
162 544
163 56
163 316
163 258
164 125
164 252
164 930
167 641
168 596
168 866
169 331
170 245
171 315
173 879
173 294
174 742
174 63
175 483
176 321
176 345
176 93
176 340
176 7
177 806
177 153
177 187
178 435
178 62
178 331
178 89
178 232
179 316
179 916
180 222
181 682
182 126
184 523
184 283
184 487
184 210
184 1167
184 654
185 514
186 591
186 281
186 332
187 70
187 186
188 97
189 275
189 378
189 511
189 657
189 44
189 175
189 185
190 100
191 301
192 515
193 177
193 159
194 100
194 28
194 52
194 507
194 51
195 591
195 887
196 67
197 210
197 176
198 318
199 508
200 195
200 82
200 282
200 68
200 483
200 241
200 204
200 423
200 9
200 11
200 717
201 192
201 196
201 1398
201 227
201 1193
201 596
203 332
204 269
207 127
207 468
207 313
208 428
208 186
209 16
209 766
210 195
210 204
210 23
210 380
210 657
210 69
210 423
210 135
210 257
210 160
213 50
213 274
213 831
213 455
213 154
213 318
213 214
214 512
214 1129
214 516
214 196
214 188
214 479
215 208
216 943
216 298
216 276
216 47
216 282
217 96
217 231
217 679
217 22
218 47
219 132
219 855
220 306
220 340
221 568
221 215
221 578
221 475
221 210
221 218
222 67
222 222
222 31
222 366
222 147
222 185
222 215
222 156
222 73
222 12
222 710
223 333
223 155
224 423
224 720
224 470
224 349
225 1443
225 427
226 28
226 12
228 690
229 898
230 142
230 237
230 239
230 202
230 582
231 846
231 471
232 419
232 52
232 289
232 318
232 100
232 708
233 423
233 660
233 82
233 180
233 614
234 491
234 634
234 863
234 558
234 234
234 464
235 237
235 346
235 194
235 79
235 522
236 185
236 934
237 494
237 64
237 1192
237 498
239 272
239 603
239 207
239 443
239 150
242 1137
243 194
243 736
243 435
243 632
244 631
244 409
244 196
244 246
244 433
245 258
245 222
246 1101
246 265
246 724
246 83
247 1022
247 70
248 198
248 405
249 479
249 583
249 7
249 216
249 658
249 1167
249 471
249 173
250 181
250 288
250 1014
250 200
250 357
250 244
250 89
251 249
251 300
251 100
253 95
253 98
254 22
255 597
256 554
256 225
256 808
256 405
257 224
257 57
258 313
258 300
259 1135
261 340
262 735
262 747
263 64
263 222
263 50
264 320
264 230
264 185
264 381
264 208
265 628
267 153
267 229
267 144
267 47
267 228
268 195
268 50
268 484
268 249
268 42
269 644
269 182
269 741
269 192
269 792
269 427
270 253
270 531
270 200
270 747
270 714
270 559
271 88
271 9
271 132
271 461
271 707
271 956
271 203
272 483
272 187
274 629
276 393
276 1172
276 196
276 226
276 290
276 334
276 427
276 508
276 303
276 747
276 473
276 735
276 143
276 68
276 1267
276 693
277 100
277 508
277 286
279 566
279 1321
279 901
279 1000
279 1499
279 862
279 778
279 399
279 514
279 1059
279 413
280 31
280 1401
280 609
280 12
283 204
283 732
286 268
286 1051
286 83
286 277
286 216
286 125
286 298
286 85
286 96
288 64
288 205
288 276
288 12
289 7
290 472
290 50
290 99
290 429
290 158
291 455
291 106
291 1248
291 844
291 1219
291 1098
292 419
292 132
292 482
292 488
292 528
293 152
293 693
293 273
294 117
294 298
294 1132
294 539
294 340
295 159
295 404
295 738
295 1473
295 381
295 747
295 1297
295 60
296 313
296 179
297 154
297 307
298 1
298 178
298 168
298 479
299 202
299 813
299 615
299 345
299 692
299 251
299 173
299 14
301 216
301 373
301 849
301 367
301 199
301 431
301 42
301 483
303 262
303 236
303 219
303 203
303 658
303 302
303 293
303 171
303 514
303 693
303 134
303 653
303 68
305 474
305 904
305 427
305 186
306 1251
307 419
307 83
308 199
308 1515
308 805
308 1411
308 135
308 293
308 276
308 1045
308 209
308 856
308 1021
308 181
308 613
308 479
308 1147
308 177
310 1022
311 431
311 505
311 944
311 178
311 218
311 755
311 393
311 125
311 204
311 188
311 660
312 211
312 705
312 1516
312 601
312 1172
312 584
312 195
312 1020
312 1167
312 180
312 83
312 850
313 114
313 98
313 225
313 96
313 615
313 490
313 525
313 216
313 197
314 41
314 161
314 7
314 202
314 38
314 993
314 71
314 795
314 1517
314 68
314 833
315 276
315 642
315 79
315 100
316 98
316 190
316 223
318 697
318 385
318 566
318 340
318 140
320 68
320 185
320 7
320 742
320 210
320 117
321 428
323 246
323 22
324 538
324 270
325 655
325 99
326 8
326 427
326 195
326 474
327 686
327 381
327 1098
327 144
327 178
327 650
328 161
328 117
328 65
328 515
328 31
328 73
329 515
330 174
330 228
330 732
330 98
330 963
330 763
330 403
330 966
330 432
330 91
331 7
331 682
331 511
332 9
332 118
332 1090
332 233
332 470
332 56
332 895
332 679
333 276
334 709
334 185
334 558
334 42
334 505
334 1315
334 208
334 663
337 636
338 513
338 525
338 100
339 428
339 1110
339 178
339 99
339 154
339 89
339 176
339 25
340 71
340 480
342 122
342 663
342 134
342 153
342 47
343 153
343 277
343 64
343 191
343 478
343 135
344 169
344 709
344 137
344 196
344 151
344 172
344 694
345 724
345 248
345 117
345 238
345 485
345 381
345 462
345 172
345 313
346 1228
346 188
346 177
347 222
347 215
347 210
348 370
350 489
350 479
351 307
352 98
353 331
354 100
354 582
354 922
354 268
354 792
354 558
354 275
355 1429
357 24
357 820
357 150
357 864
358 258
359 313
360 223
360 744
361 207
361 737
361 466
361 176
361 183
361 524
362 312
363 660
363 210
363 137
363 405
363 511
363 774
363 1012
363 93
363 89
363 12
364 294
364 302
365 473
365 124
366 17
366 675
367 670
367 5
368 7
370 107
370 22
370 661
372 286
372 452
372 56
372 53
372 332
373 275
373 382
373 949
373 208
373 421
373 70
374 468
374 1134
374 218
374 48
374 95
374 504
374 412
374 467
375 356
376 707
376 269
378 443
378 732
378 12
378 193
378 95
378 28
379 284
379 331
379 729
379 28
379 603
379 251
379 705
379 178
379 529
380 196
381 694
381 175
381 480
381 97
381 501
381 16
381 129
382 56
383 425
384 289
385 32
385 1499
385 1456
385 511
385 89
385 256
385 1158
385 488
385 430
385 23
387 209
387 679
387 693
387 583
387 2
387 603
387 52
388 98
388 680
388 294
388 310
389 301
389 181
389 482
389 671
389 486
389 414
389 558
389 1147
390 100
391 127
391 174
391 48
391 460
391 22
392 1143
392 293
392 663
392 615
392 1142
392 129
393 181
393 465
393 315
393 280
393 55
393 845
393 470
393 41
394 554
394 168
394 773
394 98
394 627
396 322
396 274
396 237
396 106
398 15
398 205
399 549
401 318
401 485
401 528
402 480
403 237
404 938
404 66
405 1218
405 781
405 22
405 397
405 66
406 436
406 188
406 197
406 382
406 528
406 39
406 100
406 476
406 9
406 772
406 175
407 478
407 180
407 154
407 655
408 324
409 174
409 192
409 195
409 1073
409 428
410 269
411 186
412 357
412 7
412 96
412 56
413 303
413 258
414 340
414 313
414 690
415 204
415 136
415 531
415 322
416 156
416 347
416 815
416 501
416 1400
416 735
416 821
416 356
416 506
416 659
416 230
416 748
416 476
416 1217
416 144
416 827
416 9
417 67
417 180
417 191
417 651
417 483
417 234
417 198
417 223
417 89
419 69
419 604
420 286
421 164
421 302
421 96
422 98
422 1017
422 184
423 258
423 326
423 689
423 316
423 628
425 50
425 195
425 340
426 505
426 197
426 98
426 491
426 654
427 680
428 340
429 663
429 742
429 679
429 845
429 549
429 79
429 184
429 1301
429 493
429 693
430 168
430 1347
430 64
432 151
433 657
433 269
433 302
434 974
434 274
434 928
435 206
435 188
435 732
435 90
435 748
435 358
435 72
435 1103
435 1401
435 173
435 343
435 268
435 357
435 1
436 925
436 144
436 941
436 507
436 506
436 348
436 102
437 955
437 154
437 716
438 237
439 1600
440 350
440 271
441 9
442 228
442 234
444 906
444 328
447 290
447 98
447 180
447 471
447 56
448 319
449 1404
449 269
449 198
449 1006
449 212
450 92
450 181
450 258
450 54
450 241
450 207
450 722
450 610
450 1226
450 43
450 432
450 392
450 265
450 419
450 622
450 481
450 378
450 604
450 51
450 301
450 22
450 699
450 87
450 775
450 204
452 8
452 76
452 495
452 156
452 491
452 863
452 481
453 410
453 721
454 195
454 302
454 566
454 144
455 1197
455 662
455 275
455 234
455 217
455 124
455 228
456 603
456 919
457 405
457 200
457 248
457 845
457 47
457 417
457 66
457 708
457 658
458 83
458 939
458 192
459 289
459 286
459 473
462 11
462 328
463 124
463 221
463 19
463 275
463 125
464 269
464 302
464 293
465 478
465 56
467 269
468 47
468 69
468 1
469 10
469 483
470 458
471 225
471 140
471 1
472 916
472 658
472 175
472 689
472 1110
472 229
472 743
472 168
472 423
472 33
472 43
472 421
472 928
472 118
473 1007
474 479
474 486
474 15
474 285
474 188
474 520
474 99
474 419
474 199
474 180
474 28
475 315
475 127
475 306
475 902
476 210
476 209
476 173
476 42
478 393
478 182
478 48
478 93
479 526
479 431
479 50
479 185
479 180
479 198
479 135
480 169
481 70
482 313
483 515
484 70
484 136
484 588
484 168
484 468
484 699
486 1137
486 292
486 845
487 1035
487 117
487 76
488 496
489 984
489 303
492 923
493 410
493 201
493 327
493 117
493 65
493 121
493 115
494 427
494 498
494 174
494 126
495 202
495 147
495 204
495 1135
495 235
495 732
495 521
495 50
496 89
497 258
497 156
498 474
498 89
499 194
499 474
500 295
500 762
500 462
501 410
503 176
503 174
503 963
503 166
503 654
503 659
503 381
503 168
503 183
504 503
504 559
504 543
504 218
504 310
504 1263
504 125
504 402
504 300
504 72
504 151
504 51
504 581
505 1039
505 203
505 97
505 117
505 604
506 430
506 50
506 873
506 71
506 470
506 1016
506 328
506 403
506 135
507 316
507 298
508 179
508 234
510 258
510 323
510 313
514 222
514 408
514 652
514 181
517 127
518 280
518 147
519 878
521 431
521 246
523 694
523 83
523 1069
523 792
523 707
524 192
524 52
524 508
524 209
524 514
525 25
526 315
526 127
526 269
526 676
527 498
527 285
527 204
528 523
528 79
529 292
530 60
531 332
532 781
532 531
532 98
532 339
532 824
532 1039
532 501
532 125
532 316
532 840
533 292
533 430
533 603
533 328
533 450
533 196
533 134
533 28
534 24
534 333
535 507
535 64
535 132
535 962
535 180
535 129
535 631
535 1474
536 143
536 181
536 63
536 234
536 144
536 720
536 136
536 71
536 408
537 511
537 197
537 882
537 191
537 488
537 642
537 180
537 558
537 844
538 127
538 195
538 79
538 69
538 187
539 163
540 286
540 7
540 250
540 276
541 204
541 418
541 258
541 66
542 48
542 181
542 47
542 1098
543 102
543 190
543 211
543 199
543 185
543 367
545 135
546 271
546 145
546 717
546 288
547 345
547 315
548 762
548 323
548 23
548 222
548 1025
549 127
549 100
549 515
551 735
551 203
551 127
551 188
551 193
551 684
551 561
551 258
551 732
551 710
551 410
551 294
551 742
551 331
551 55
551 581
553 98
554 289
554 22
554 8
554 405
555 340
556 209
556 302
556 318
557 271
557 50
559 216
560 275
560 50
561 657
561 443
562 234
562 432
562 402
563 321
563 220
564 245
565 652
565 462
566 660
566 202
566 378
566 134
567 32
567 190
567 497
567 607
567 1022
567 221
567 504
570 302
573 507
573 144
573 216
574 242
574 288
575 176
576 7
577 427
577 71
577 496
577 215
580 257
581 137
585 198
586 926
586 68
586 358
586 31
586 3
587 333
588 28
588 471
588 283
588 347
588 463
588 142
589 538
589 259
590 19
591 1099
591 956
591 238
591 286
591 25
591 709
591 1120
591 514
592 467
592 258
592 421
592 303
592 269
592 533
592 844
592 282
592 1014
592 100
592 215
592 221
592 55
592 48
592 1129
592 135
592 234
593 196
593 699
593 807
593 568
595 275
595 181
597 298
598 308
599 274
599 1278
600 269
600 511
601 181
601 584
602 257
604 164
605 137
605 223
605 260
605 508
605 483
606 709
606 15
606 191
606 655
606 22
606 307
607 855
608 61
608 427
608 461
610 153
611 346
611 334
612 864
613 258
613 50
613 126
613 12
614 255
614 1
614 100
615 792
615 197
618 237
618 97
618 187
618 28
618 568
618 1039
619 231
619 22
621 584
621 231
621 123
621 271
622 184
622 166
622 89
622 15
622 98
622 405
622 228
622 755
624 741
624 258
624 310
624 300
625 483
627 273
627 184
627 649
628 938
629 187
629 100
629 195
629 132
629 475
629 357
629 307
629 416
630 756
632 651
632 679
633 195
634 276
634 285
634 458
634 742
634 591
634 117
637 291
637 328
638 172
640 170
641 305
642 259
642 451
642 245
642 383
642 28
642 51
642 796
642 1415
642 742
643 144
643 435
643 408
643 515
643 428
643 367
644 300
645 98
645 50
645 208
645 30
645 656
647 177
647 82
648 222
648 781
648 434
648 436
648 717
648 62
649 50
650 175
650 191
650 181
650 118
650 195
651 127
653 228
653 174
654 736
654 756
654 332
654 195
654 144
655 275
655 30
655 179
655 1631
656 303
658 127
658 527
659 272
659 489
659 1203
659 568
659 153
659 705
660 603
661 28
661 180
661 566
662 10
662 13
663 762
663 64
664 14
664 664
664 494
664 132
664 134
664 162
664 215
664 684
665 1061
665 538
665 699
666 792
666 162
666 529
666 654
666 484
666 653
666 511
667 182
669 12
669 111
670 191
670 417
671 568
671 174
671 96
672 127
672 1028
673 327
673 528
673 294
674 292
674 313
676 286
676 272
677 455
678 50
679 132
679 286
680 248
680 195
680 517
680 515
680 143
682 572
682 179
682 157
682 763
682 69
682 82
683 906
683 511
684 8
686 451
686 134
687 678
687 749
689 597
689 181
689 118
690 1
690 208
691 185
693 611
693 272
693 939
694 484
694 836
694 50
694 185
696 302
697 763
697 235
697 257
698 529
698 385
698 83
699 19
699 1011
699 250
699 117
700 318
701 19
701 285
704 100
705 118
705 196
706 125
707 483
707 718
707 864
707 311
707 631
707 283
708 748
708 1117
708 866
708 1
708 118
709 2
709 68
710 172
710 179
711 949
711 168
711 213
711 40
711 16
711 88
712 392
712 1178
712 395
712 996
712 173
714 181
715 216
715 265
715 81
715 157
715 195
716 216
716 274
716 210
716 499
716 70
716 527
716 199
716 283
716 517
716 479
716 387
716 494
716 111
716 234
716 154
717 7
717 591
718 717
720 310
721 1
721 301
721 127
721 215
721 286
721 735
724 895
724 268
724 258
725 258
726 833
727 208
727 202
727 2
727 250
727 83
727 483
727 173
727 94
728 471
729 689
729 333
731 1503
731 202
732 288
733 324
733 151
733 285
734 50
734 419
734 479
734 423
736 286
737 475
738 172
738 234
738 161
739 97
739 195
740 289
740 300
741 275
741 427
741 480
743 298
744 307
745 302
745 7
745 646
746 566
746 550
746 144
746 176
747 648
747 153
747 279
747 182
747 492
747 69
747 443
747 419
747 129
747 639
747 163
748 588
748 64
748 180
748 328
748 50
748 182
748 237
748 709
749 233
749 951
749 495
749 586
749 194
750 301
751 483
751 494
751 95
751 537
751 168
753 134
753 269
754 117
754 15
755 286
755 310
755 300
756 367
756 183
757 206
757 403
757 257
758 249
758 172
758 608
758 342
758 550
758 79
758 427
758 425
758 14
758 919
758 393
758 176
758 1007
758 1039
759 220
759 937
760 125
760 71
760 195
764 946
764 1046
765 151
766 205
766 527
767 170
767 242
768 282
770 301
770 268
770 118
771 50
771 134
771 477
771 403
772 331
773 90
773 462
773 919
773 318
773 1252
776 184
776 436
777 288
779 50
779 235
779 195
780 28
781 87
781 134
782 258
782 1662
782 316
783 301
783 328
784 346
785 195
786 405
786 289
786 125
786 497
786 111
786 732
786 357
786 98
787 311
787 347
787 300
788 589
788 58
788 531
788 10
788 12
788 55
788 187
789 293
790 56
790 550
790 168
790 52
792 1
792 844
793 151
793 257
795 184
795 210
795 95
796 144
796 732
796 685
796 307
796 403
796 217
796 679
796 794
796 95
796 326
798 173
798 274
798 283
798 254
798 88
800 25
801 332
801 313
802 176
802 299
802 200
802 264
804 239
804 763
804 210
804 378
804 192
804 69
804 182
804 797
804 603
804 175
804 443
804 199
804 663
804 70
805 5
805 128
805 709
805 269
805 123
805 25
805 183
805 12
805 664
805 47
806 192
806 228
807 748
807 1483
807 428
807 99
807 2
807 470
807 720
807 210
807 699
807 231
808 300
808 346
809 302
811 304
811 301
811 690
814 7
815 529
815 423
815 705
817 222
820 333
821 15
821 14
822 189
823 478
823 735
823 22
823 26
823 196
823 197
823 58
823 12
825 176
825 250
825 252
825 121
825 50
826 271
826 233
826 403
828 346
828 1073
828 270
828 269
828 340
829 639
829 100
829 70
829 268
830 633
830 484
831 1063
831 340
831 12
831 50
831 144
833 47
833 23
833 344
833 340
834 347
834 515
835 504
835 318
835 193
836 657
838 28
838 1115
838 45
838 70
838 497
838 271
839 117
839 813
840 137
840 616
840 64
840 707
843 174
844 100
846 693
846 568
846 663
846 83
846 55
846 1411
846 66
846 234
846 665
846 497
846 751
846 778
846 498
847 652
847 476
847 219
848 485
848 109
848 215
848 82
848 174
849 928
850 28
850 419
850 969
850 95
851 299
851 347
851 327
851 1016
851 619
851 480
851 174
852 250
853 302
854 713
854 200
854 89
854 100
855 462
859 421
859 1315
861 462
861 736
862 79
862 64
862 258
862 476
862 748
862 69
862 141
862 483
863 313
863 331
864 735
864 222
864 9
864 173
864 597
864 97
864 443
864 258
864 542
864 566
864 86
864 286
864 123
864 235
864 109
864 603
864 29
867 23
867 328
867 257
867 528
867 295
867 222
867 1039
867 188
867 318
868 206
868 755
868 655
868 61
868 209
870 170
870 471
870 1073
870 505
870 479
870 9
871 515
871 1388
871 173
872 932
873 326
874 285
875 357
875 921
875 171
875 478
876 294
876 527
877 955
877 921
877 727
878 736
878 197
880 11
880 42
880 202
880 1044
880 1035
880 226
880 348
880 93
881 393
881 135
881 100
882 1
882 172
882 135
882 265
882 4
883 285
883 896
883 1009
883 64
883 173
883 60
883 211
883 342
884 1073
884 510
884 529
885 300
885 1
886 33
886 663
886 657
886 1048
886 81
886 181
886 1217
887 1116
887 202
887 597
887 472
887 87
888 274
889 50
889 268
889 257
889 187
889 258
889 217
889 3
889 64
890 194
890 385
890 603
890 195
890 340
890 1
890 435
891 1197
891 25
892 79
892 227
892 641
892 7
892 483
892 273
892 174
892 237
892 478
892 525
892 87
892 177
892 516
892 432
893 405
894 275
894 223
894 45
894 9
894 960
894 10
895 283
896 124
896 180
896 153
896 211
896 603
897 177
897 50
897 616
897 172
897 974
898 242
899 660
899 66
899 157
901 1620
901 1035
901 50
903 61
903 651
903 211
903 191
903 272
903 509
905 7
906 9
907 225
907 83
907 274
908 204
912 318
912 168
912 418
913 9
913 269
914 1406
915 313
916 42
916 1009
916 387
917 285
918 645
918 1099
918 664
919 151
919 15
919 946
919 794
919 181
919 937
919 129
919 257
919 236
921 174
921 720
921 380
922 395
922 455
923 975
923 148
923 455
923 742
923 325
923 926
923 249
924 275
924 283
924 195
927 411
927 402
927 155
927 826
929 127
931 286
931 126
932 478
932 114
932 357
932 45
932 514
933 483
933 193
934 506
934 462
934 65
934 1018
934 257
934 170
934 514
934 510
934 502
935 405
936 1335
936 250
936 475
936 116
936 287
937 304
938 121
938 472
939 275
940 66
940 50
940 174
941 147
941 7
941 408
942 79
943 431
943 193
943 226
943 475
943 205
943 824
3 318
4 11
14 474
16 357
29 189
30 135
35 333
37 56
51 172
61 310
70 132
76 64
90 60
96 238
98 435
103 96
111 354
116 390
141 15
166 751
168 1
173 324
196 428
197 526
202 604
211 462
215 483
218 269
231 126
250 111
267 250
294 538
296 32
302 307
311 306
357 274
372 262
382 23
388 672
410 272
423 690
424 538
454 520
470 277
478 168
503 45
530 178
536 135
546 98
564 313
582 750
583 663
597 151
621 1016
634 294
651 515
679 327
680 318
695 995
700 423
713 310
716 193
717 50
719 392
722 628
723 50
732 937
736 246
755 258
769 934
782 304
791 306
799 427
803 242
818 313
819 381
832 307
833 504
834 246
843 270
845 1234
870 724
875 258
877 61
884 100
892 127
893 471
895 50
897 864
904 117
913 216
922 228
934 25
938 100
