6
21
34
41
44
62
76
80
101
105
120
139
138
128
158
146
231
261
266
341
339
338
337
336
349
329
373
372
368
370
377
359
352
361
415
400
398
384
390
420
464
459
450
503
494
490
551
544
556
565
563
562
573
570
569
532
534
541
540
536
618
619
617
622
627
624
635
634
639
637
580
589
602
683
682
681
680
675
688
653
643
670
743
741
760
767
714
719
711
728
721
722
829
824
827
800
812
808
810
786
785
797
793
774
775
772
771
768
769
881
883
882
889
890
867
868
869
872
876
848
860
842
840
841
956
954
949
941
938
935
934
931
914
912
908
904
1017
1019
1006
988
977
982
980
974
1100
1102
1097
1099
1093
1117
1105
1133
1126
1124
1123
1121
1144
1032
1034
1024
1025
1030
1052
1054
1043
1066
1067
1071
1062
1060
1087
1086
1085
1218
1228
1226
1238
1244
1243
1252
1251
1271
1269
1267
