2
5
6
18
21
33
43
40
49
84
108
105
115
113
122
139
158
206
236
254
280
256
261
299
344
334
330
373
369
355
361
415
413
400
406
395
398
386
384
389
444
445
416
422
461
460
458
450
449
556
552
567
565
563
560
570
533
535
543
542
539
613
618
619
623
620
624
629
635
634
639
637
580
581
587
595
601
605
682
672
703
701
696
697
695
645
641
640
671
664
745
749
737
753
757
718
704
728
731
733
723
820
818
831
827
826
805
786
785
797
774
769
781
880
883
882
894
865
867
869
871
876
851
856
863
832
833
837
843
958
959
953
945
936
938
932
931
926
922
918
914
913
904
899
1022
1000
1005
1004
994
984
982
980
975
972
962
965
964
1097
1095
1117
1113
1112
1109
1111
1110
1128
1129
1120
1149
1145
1143
1137
1032
1049
1048
1051
1053
1067
1070
1068
1063
1060
1061
1081
