1 109
1 88
1 176
1 61
4 300
4 361
4 271
5 183
5 222
5 433
6 509
6 137
6 169
6 519
6 89
6 216
7 215
7 174
7 542
7 86
7 416
7 679
7 135
7 190
8 172
8 511
8 82
8 258
10 603
10 509
10 205
10 610
10 50
10 582
10 238
10 157
10 495
10 203
10 706
10 234
10 703
10 486
11 28
11 301
11 393
11 718
12 97
12 174
12 238
13 737
13 874
13 132
13 87
13 624
13 223
13 754
13 347
13 886
13 506
13 64
13 712
13 186
14 7
14 519
14 716
14 276
16 4
16 318
16 504
16 942
16 156
16 160
18 381
18 510
18 50
18 753
18 461
18 285
18 479
18 269
21 298
22 393
23 421
24 71
24 11
24 276
25 612
25 604
25 238
25 183
25 86
26 50
28 230
28 443
28 12
30 181
32 298
34 991
37 233
37 265
37 24
38 451
38 465
39 937
41 516
41 175
41 969
42 99
42 185
42 566
43 705
43 660
43 418
43 11
43 285
43 66
43 847
43 181
44 172
44 196
44 151
45 118
46 690
47 340
48 690
48 529
48 427
48 357
49 12
49 55
50 1008
52 463
52 475
52 471
52 498
52 1086
54 260
54 328
56 169
56 692
56 393
58 123
58 173
58 199
58 1070
58 568
58 228
58 1084
58 32
58 773
59 447
59 515
59 529
59 226
59 616
59 73
59 79
59 953
59 176
59 196
59 403
59 474
59 179
59 591
59 12
59 129
60 180
60 77
60 479
60 222
60 699
60 265
60 601
60 490
60 660
62 474
62 91
62 182
62 1009
62 134
62 47
62 712
62 59
62 528
62 856
62 100
62 275
62 174
63 405
63 50
63 748
64 87
64 718
64 156
64 503
64 127
64 141
64 181
64 199
65 511
65 215
65 197
66 248
69 288
69 1017
69 258
69 9
70 1065
70 483
70 176
70 217
72 191
72 117
72 525
72 582
72 194
72 79
73 196
73 382
74 294
75 1048
75 427
76 93
76 59
77 153
77 222
78 411
79 251
80 887
81 147
82 211
83 106
83 722
83 755
83 233
83 575
83 191
83 1016
83 566
84 486
85 707
85 923
85 28
85 664
85 709
85 479
85 528
85 57
85 1039
85 483
85 154
85 498
87 393
87 866
87 82
87 535
89 88
89 25
89 213
89 880
89 702
89 127
90 656
90 945
90 306
90 651
90 14
90 166
90 497
90 237
90 699
90 269
91 735
91 64
91 127
91 479
91 327
91 181
92 157
92 382
92 100
92 1073
92 13
92 144
92 169
92 1
92 431
92 955
94 183
94 727
94 42
94 68
94 11
94 679
94 235
94 559
94 8
94 443
94 483
94 134
94 744
95 28
95 631
95 539
95 568
95 627
95 77
96 144
96 185
96 170
96 673
97 50
97 7
97 28
99 410
99 1047
100 272
106 213
106 165
109 356
109 56
109 295
109 117
109 365
111 302
112 315
114 646
114 522
115 847
115 32
116 195
116 484
116 181
116 259
117 210
118 193
118 56
118 474
119 684
119 568
119 458
119 1260
119 277
120 127
121 98
121 156
121 257
121 197
121 124
121 508
121 357
122 582
125 511
125 1060
125 289
125 751
125 191
125 73
127 243
128 622
128 15
128 405
128 283
128 121
128 499
128 1141
128 487
130 538
130 257
130 1220
130 578
130 684
130 267
130 939
130 326
130 959
130 147
130 195
130 358
131 285
135 939
137 327
138 518
138 497
139 296
140 289
140 268
140 303
141 985
141 409
142 134
144 176
144 59
144 750
144 1012
144 65
144 303
145 230
145 164
145 176
145 249
145 569
145 1028
145 88
145 89
145 56
145 470
145 544
146 315
148 69
149 340
150 475
150 147
151 411
151 461
151 430
151 197
151 136
151 131
151 735
152 241
152 393
152 161
152 286
152 155
152 153
152 167
154 135
154 197
156 137
156 651
157 276
157 273
158 455
158 745
158 202
159 1028
159 294
159 1095
160 24
160 100
160 302
160 11
160 458
160 475
161 98
163 272
164 748
164 742
167 615
167 96
168 294
168 25
168 274
169 300
169 174
169 443
170 984
172 642
173 289
174 284
174 147
174 724
174 248
174 699
174 160
176 117
176 948
176 236
177 642
178 316
178 1119
178 223
178 228
178 731
178 229
178 202
178 679
179 340
180 98
180 56
180 111
180 433
181 974
183 230
183 55
184 9
184 640
184 183
184 285
184 71
184 50
185 116
186 1253
186 546
186 79
187 435
187 736
187 214
188 216
188 164
188 79
189 225
189 131
189 1098
189 24
189 194
189 582
189 532
189 484
189 317
189 56
189 173
189 792
191 316
191 345
193 508
193 905
194 124
194 194
194 647
194 735
194 136
194 466
196 111
196 381
197 22
197 233
197 554
198 210
198 357
198 127
198 651
198 81
198 746
198 200
199 408
199 269
199 221
199 285
199 473
200 191
200 431
200 121
200 473
200 720
200 135
200 586
200 760
200 393
200 890
200 29
200 679
200 54
201 325
201 127
201 656
201 334
201 357
201 59
201 276
201 1128
201 1169
201 223
202 516
203 93
204 1194
206 748
207 746
207 527
207 174
207 133
208 88
208 216
208 393
210 185
210 276
210 447
210 114
210 211
210 96
211 457
213 234
213 284
213 257
213 151
213 187
214 896
214 117
214 508
214 483
214 127
215 56
215 176
216 22
216 50
216 98
217 176
217 195
218 603
218 659
221 39
221 1011
221 92
222 155
222 475
222 258
222 326
222 1011
223 274
223 845
223 309
223 111
224 282
224 526
226 24
226 224
226 176
229 882
230 419
230 70
230 357
230 496
230 216
232 173
232 172
233 143
233 735
233 483
233 378
234 923
234 499
234 178
234 8
234 52
234 194
234 602
234 606
235 463
235 524
235 1193
235 433
235 230
236 328
236 69
236 692
236 98
236 483
237 179
237 191
239 210
239 634
239 531
239 172
239 9
240 340
240 286
243 127
244 77
244 953
244 88
244 191
244 1045
244 154
244 566
244 69
244 660
246 425
246 175
246 109
247 272
249 789
249 174
250 629
250 196
250 71
250 501
250 81
250 56
250 527
250 404
251 210
251 172
251 742
252 268
253 705
253 97
253 483
253 485
254 69
254 241
255 833
255 98
256 227
256 147
256 819
256 642
256 5
256 568
256 1046
257 245
259 772
260 881
260 1025
261 892
261 326
262 65
263 31
263 188
263 419
263 528
264 813
264 517
264 1070
264 525
264 12
264 183
267 82
267 180
267 824
267 739
267 145
267 727
267 135
267 98
268 403
268 582
268 435
268 479
268 655
268 425
268 257
269 246
269 654
269 499
269 357
269 479
269 175
270 1471
270 86
270 583
270 219
270 741
271 527
271 191
271 429
271 204
271 135
272 498
274 744
274 405
275 144
276 750
276 230
276 432
276 628
276 223
276 1240
276 181
276 428
276 92
276 249
276 569
277 237
277 129
277 276
277 282
277 117
277 24
277 258
278 294
279 96
279 202
279 804
279 67
279 364
279 578
280 142
280 586
282 319
283 709
283 294
283 95
284 269
284 301
286 931
286 742
286 47
286 393
286 179
286 574
286 658
286 167
287 268
288 318
288 887
288 427
288 234
289 742
290 164
290 28
290 193
290 15
290 136
290 496
291 402
291 288
291 262
291 1109
291 215
291 249
291 405
291 567
291 117
291 204
292 408
292 117
292 169
292 50
292 511
292 1050
292 195
293 445
293 285
293 92
293 513
293 173
293 447
293 157
294 268
294 410
294 355
295 382
295 423
295 431
295 91
295 561
295 125
295 527
295 82
295 371
296 153
296 256
296 510
297 515
297 208
297 447
297 750
297 298
298 471
298 197
298 282
299 517
299 847
299 732
299 89
300 456
301 197
301 866
301 576
301 56
301 660
301 174
301 323
303 286
303 603
303 568
303 762
303 173
303 116
303 1188
303 132
305 42
305 196
305 258
305 1104
305 690
305 311
306 287
307 655
307 132
307 209
307 428
307 222
307 483
308 208
308 811
308 92
308 447
308 74
308 174
308 411
308 122
308 432
308 611
308 550
308 653
308 164
308 715
308 143
311 197
311 735
311 946
311 70
311 366
311 134
311 22
311 79
311 778
312 557
312 154
312 921
312 657
312 443
312 191
312 596
312 513
312 169
312 14
312 98
312 510
312 660
312 170
312 671
313 144
313 333
313 215
313 238
314 1311
314 562
314 8
314 257
314 64
314 111
314 268
314 218
314 1473
314 237
315 1065
315 269
316 213
316 286
318 257
318 216
318 474
318 735
318 508
318 12
319 880
319 268
320 172
320 1157
320 300
320 90
320 433
320 1081
320 763
321 1194
321 479
321 496
321 100
321 474
321 419
321 173
322 23
322 272
323 744
323 144
323 544
324 150
324 282
324 298
324 307
324 846
324 690
325 484
325 269
325 474
326 50
326 199
326 194
327 875
327 1170
327 708
327 949
327 182
327 1007
327 523
327 131
328 77
328 300
328 155
328 661
328 272
328 183
329 272
329 100
330 603
330 231
330 88
330 465
330 71
330 423
330 252
330 864
330 238
330 235
330 651
331 223
331 47
332 77
332 228
332 96
332 1244
332 827
332 95
332 172
332 410
332 271
332 302
332 31
333 316
333 300
334 408
334 324
334 286
334 134
334 423
334 582
334 257
334 792
334 1226
335 307
336 121
336 1012
336 1118
336 1074
338 490
338 408
338 269
339 845
339 143
339 160
339 168
339 427
339 199
339 286
339 523
339 496
339 525
339 693
339 508
339 518
339 480
342 92
342 606
342 301
342 746
343 919
343 405
343 403
343 57
343 1
343 1132
343 132
343 303
343 124
343 50
344 96
344 647
345 258
345 268
345 715
345 50
345 284
345 86
346 56
346 147
346 29
346 127
347 56
347 544
347 187
347 55
347 288
347 11
347 118
347 403
348 975
348 406
348 924
349 475
350 173
351 879
352 156
353 313
354 154
354 497
354 414
354 297
354 744
354 116
354 661
354 533
354 171
355 1233
357 220
357 597
358 114
358 8
360 45
360 100
360 1149
360 210
361 59
361 659
363 208
363 271
363 473
363 172
363 603
365 340
365 268
365 222
366 443
366 445
367 452
367 561
367 563
367 56
368 774
369 166
370 137
371 496
373 660
373 747
373 96
373 401
373 707
373 229
373 648
373 210
373 1066
374 129
374 1042
374 880
375 1217
376 762
376 11
378 396
378 58
378 972
378 468
378 401
378 432
378 447
378 458
378 100
378 285
378 277
378 235
378 273
378 382
379 208
379 655
379 205
379 12
379 79
379 173
379 709
379 188
379 83
379 419
379 47
379 414
379 502
380 313
380 151
380 732
380 474
381 95
381 995
381 512
381 96
381 20
381 647
382 507
382 1229
382 290
383 213
383 504
383 238
383 514
385 240
385 367
385 1506
385 525
385 896
387 10
387 82
387 179
387 100
387 474
387 1128
387 641
387 68
387 192
388 307
388 678
388 333
388 326
389 969
389 965
389 191
389 492
391 12
392 325
392 333
392 604
392 297
393 1446
393 1409
393 316
393 409
393 577
393 944
393 304
393 747
393 392
393 769
393 500
394 228
394 265
394 433
394 393
395 328
395 186
395 174
395 154
397 705
397 288
397 318
397 1018
397 7
398 66
398 735
398 196
398 480
398 429
399 459
399 470
399 182
399 72
399 54
399 820
401 735
401 185
401 143
402 696
404 683
404 270
405 429
405 423
405 181
405 451
405 317
405 954
405 655
405 192
406 285
406 191
406 806
406 924
406 624
406 190
407 479
407 657
407 257
407 423
407 491
407 56
409 514
409 165
409 615
409 98
409 286
409 1449
409 618
411 196
411 405
411 73
412 150
412 408
413 283
414 302
415 479
416 942
416 269
416 520
416 655
416 972
416 761
416 286
416 31
416 174
416 378
416 223
416 277
416 107
416 65
416 345
417 173
417 723
417 1183
417 825
417 1000
417 431
417 203
417 188
417 1014
417 402
417 1157
417 642
420 116
420 513
420 190
420 302
421 498
422 1187
424 840
425 62
425 92
425 298
425 39
426 705
426 199
426 661
426 1451
427 245
428 886
428 272
429 204
429 603
429 462
429 469
429 470
429 223
430 528
430 674
432 255
432 150
433 748
434 1095
435 2
435 226
435 386
435 751
435 69
435 746
435 1240
435 127
435 191
436 1053
436 655
436 72
436 693
437 165
437 292
437 794
437 501
438 301
438 9
438 121
440 1073
440 242
440 245
442 410
442 186
442 41
442 182
443 313
445 209
447 591
447 282
449 86
450 315
450 748
450 269
450 1263
450 591
450 274
450 570
450 607
450 582
450 340
450 496
450 179
450 609
450 127
450 1152
450 602
450 471
450 612
450 354
450 647
450 561
450 33
451 984
452 924
452 223
452 179
453 172
453 24
454 316
454 487
454 28
454 88
454 293
454 69
455 518
455 50
455 69
455 463
455 694
455 95
456 238
456 772
456 53
456 289
457 216
457 692
457 15
457 469
457 285
457 14
457 1221
457 192
458 844
458 209
458 1039
458 284
458 52
459 989
459 846
459 172
459 148
460 100
460 285
460 713
462 288
462 322
462 321
464 264
464 515
464 748
464 301
464 16
465 845
465 8
466 899
466 181
466 288
467 108
467 1059
467 327
467 127
468 111
468 153
468 955
468 1008
470 150
470 258
470 305
470 118
470 508
472 1058
472 62
472 1011
472 405
472 751
472 810
472 419
472 101
474 515
474 11
474 56
474 423
474 76
474 218
474 518
474 608
474 26
474 963
474 77
474 22
474 116
474 510
476 73
476 384
477 732
477 25
477 88
477 739
478 318
478 568
478 202
479 177
479 153
479 304
479 651
479 108
480 511
484 778
484 153
484 7
484 228
485 303
486 237
486 1011
486 221
487 133
487 82
487 588
487 1209
487 232
488 56
488 486
488 429
488 82
489 349
489 323
489 271
489 885
490 741
490 475
491 45
492 193
492 83
493 79
493 528
493 550
493 183
493 693
493 258
494 663
495 1119
495 144
496 433
496 532
497 189
497 168
497 182
497 101
497 145
497 89
499 328
499 516
499 742
499 55
500 59
500 405
500 246
500 268
500 8
500 97
501 7
501 108
502 328
502 313
503 116
503 234
503 430
503 226
504 38
504 54
504 282
504 447
504 404
504 248
504 96
505 22
505 648
506 73
506 271
506 489
507 691
507 302
507 338
508 528
508 172
512 186
514 651
514 275
514 116
514 98
514 169
514 190
514 174
514 1160
514 257
514 68
514 429
515 1399
516 212
516 628
518 866
519 330
519 313
521 258
521 174
522 135
523 8
523 155
524 124
524 118
524 96
525 762
525 288
526 408
527 174
527 86
527 23
527 543
528 410
528 168
532 226
532 515
532 177
532 684
532 345
533 117
533 172
534 748
534 591
534 1052
535 953
535 517
535 1124
535 165
535 654
535 258
536 498
536 230
537 23
537 209
537 497
537 13
537 315
537 187
537 641
537 213
538 202
539 527
539 204
539 19
539 610
540 13
540 596
540 100
540 109
541 404
541 1078
541 526
541 110
541 79
541 756
542 531
542 411
542 684
543 9
543 89
543 234
543 28
543 474
545 328
546 109
546 892
546 349
547 347
548 55
548 471
548 657
548 742
548 257
548 346
548 333
549 748
550 405
550 877
550 50
550 310
551 268
551 755
551 260
551 218
551 570
551 162
551 33
551 476
553 181
553 177
553 615
553 218
553 617
555 328
555 489
555 274
556 523
557 529
557 12
557 750
559 174
560 1019
560 319
560 137
561 178
561 199
561 458
561 55
561 1009
561 1069
561 276
561 611
561 520
561 1131
562 485
564 472
565 179
565 515
565 707
566 12
566 86
567 483
567 481
567 302
567 507
567 429
568 653
568 482
568 603
568 242
568 631
569 685
569 286
569 1
577 1
577 69
577 561
577 549
577 436
577 181
577 241
577 443
577 121
577 399
577 133
578 222
579 111
579 692
579 50
580 343
580 181
580 289
581 127
581 1097
582 268
585 1009
586 210
586 69
586 265
586 195
586 215
587 332
587 305
587 259
588 417
588 393
588 21
588 739
588 268
589 332
590 116
591 655
591 615
592 302
592 47
592 327
592 89
592 333
592 92
592 98
592 985
592 255
592 79
592 176
593 739
593 11
593 66
594 15
595 290
600 761
601 133
601 156
601 250
601 436
601 475
601 276
602 148
603 250
605 9
605 15
605 294
605 1226
605 69
606 228
606 692
606 175
606 404
606 393
606 516
606 421
606 385
606 273
607 238
608 86
608 98
608 729
608 1063
608 131
608 337
608 42
608 1281
608 660
608 187
610 673
610 485
610 315
610 183
610 751
613 127
614 756
614 126
615 736
615 211
617 179
617 480
617 565
618 241
618 193
618 815
618 31
619 300
619 597
620 795
621 298
621 268
621 1093
621 301
621 17
622 427
622 111
622 12
622 385
622 363
622 496
624 1010
624 285
624 405
625 603
625 484
625 257
625 198
627 182
627 68
629 655
630 929
630 535
630 742
632 71
634 411
637 690
638 175
639 519
639 48
640 68
640 209
640 315
640 732
640 180
641 89
641 434
642 447
642 725
642 166
642 40
642 559
642 622
642 596
642 584
643 516
643 357
643 655
643 55
643 174
643 656
643 410
643 197
643 211
643 152
644 823
644 276
645 48
646 1176
647 79
648 431
648 554
648 173
648 143
650 520
650 199
650 1149
650 117
650 443
650 228
650 474
650 657
650 630
651 285
652 328
653 385
653 840
653 597
653 310
654 223
655 942
655 185
655 1211
655 149
657 111
658 117
658 429
658 518
659 317
659 127
659 212
659 481
659 215
659 1021
659 13
659 143
659 134
660 196
661 185
661 166
661 50
661 191
661 751
663 127
664 64
664 95
664 223
664 45
664 186
664 483
665 419
665 181
666 258
666 506
666 48
666 211
666 81
666 435
666 517
667 86
667 9
668 328
668 82
669 474
669 511
670 96
670 484
671 11
671 195
671 66
671 1217
671 12
671 210
671 17
672 25
673 269
674 282
675 269
676 257
676 520
676 117
676 354
676 892
679 172
679 748
680 1
681 286
682 23
682 135
682 959
682 89
682 654
682 268
682 181
682 735
682 150
684 483
686 204
686 806
686 98
686 12
686 135
686 480
688 307
689 7
689 300
689 257
690 238
691 603
693 258
693 735
693 56
694 496
694 118
694 132
694 705
694 451
694 480
694 163
694 228
694 230
695 346
695 307
695 268
696 1062
697 242
697 237
697 328
697 271
698 194
699 978
699 298
701 328
702 227
703 1
704 173
704 735
705 111
705 403
705 62
705 255
705 174
705 22
705 257
705 83
705 275
705 932
707 318
707 190
707 13
707 902
707 582
707 660
708 405
708 50
708 304
709 28
709 265
710 174
710 200
711 312
711 22
711 214
711 845
712 399
712 627
712 762
714 294
715 144
715 318
715 161
715 50
716 836
716 215
716 1101
716 208
716 481
716 163
716 222
717 117
717 282
717 111
717 307
717 322
718 118
718 689
718 597
719 98
720 286
721 197
721 942
721 380
721 684
721 216
721 28
721 222
722 100
723 169
724 328
726 1059
727 121
727 434
727 68
727 259
727 775
727 433
727 421
727 169
728 285
728 117
731 603
733 1142
733 286
733 149
734 605
734 191
735 242
738 238
738 193
738 89
738 152
738 164
738 1
738 659
740 294
740 340
743 311
744 237
745 125
746 157
746 403
746 79
746 431
747 529
747 127
747 265
747 526
747 32
747 1020
747 7
747 1
747 223
747 97
747 604
748 498
748 135
748 86
749 79
749 197
749 293
749 174
749 378
749 620
750 328
751 215
751 210
751 603
752 358
753 193
755 748
756 147
756 289
756 151
757 148
757 210
757 101
757 7
758 117
758 139
758 179
758 258
758 144
758 248
758 603
758 315
760 845
761 283
763 1065
763 16
763 59
764 1012
764 28
764 218
765 286
766 89
767 921
768 25
770 129
770 303
770 919
772 312
773 198
773 47
775 343
776 510
776 679
777 9
778 186
778 616
779 117
780 202
780 510
780 526
781 181
782 245
782 248
782 1385
782 322
783 346
783 269
784 332
785 152
786 161
786 202
786 418
786 181
787 348
788 22
788 582
788 89
788 98
789 276
790 230
790 241
790 849
790 116
793 1
793 844
794 514
794 257
795 231
795 433
796 200
796 315
796 553
796 607
796 778
796 739
796 479
796 219
796 191
796 237
798 174
798 419
798 1446
798 270
801 328
802 670
803 311
804 513
804 291
804 310
804 85
804 183
804 230
804 50
804 98
804 323
804 160
804 526
804 161
805 1071
805 1170
805 357
805 631
806 196
806 143
806 265
806 249
806 186
807 222
807 298
807 230
807 449
807 405
807 515
808 264
810 326
810 294
810 902
810 323
815 191
815 202
815 125
815 735
815 528
815 133
815 176
816 332
819 268
819 304
823 7
823 423
823 100
823 186
823 747
823 428
823 404
825 508
825 100
825 1199
825 325
826 678
826 1110
826 431
828 14
828 60
829 151
830 550
830 265
830 451
831 22
831 317
833 192
833 558
833 657
833 508
835 612
835 609
835 237
835 543
835 185
835 633
835 25
836 187
836 269
837 289
837 220
837 13
838 408
838 168
838 173
838 276
838 228
838 487
839 1085
839 127
840 7
840 531
840 855
840 1674
840 480
840 100
840 465
843 636
843 175
844 432
845 1434
846 470
846 720
846 721
846 71
846 427
846 684
846 1286
846 487
846 425
846 76
846 479
846 212
846 202
847 740
847 568
848 462
848 72
848 393
848 214
848 430
848 196
848 855
849 38
851 355
851 544
851 295
851 742
851 129
854 69
854 382
854 11
855 512
858 333
858 9
859 955
859 846
860 286
860 732
860 300
861 584
861 382
862 559
862 737
862 216
862 89
862 658
862 203
862 59
862 228
862 1109
862 197
862 969
863 751
864 496
864 203
864 405
864 318
864 24
864 11
864 164
867 135
867 96
867 207
867 1154
868 631
868 550
868 183
868 426
868 55
868 922
868 128
868 1240
868 506
869 275
869 269
870 258
870 96
870 558
870 248
870 367
870 69
871 751
874 311
875 479
875 56
875 480
875 423
876 523
877 216
877 88
878 482
878 166
879 15
880 825
880 381
880 65
880 22
880 902
880 603
880 294
880 316
880 70
880 588
881 195
881 322
881 392
881 472
881 495
882 471
882 294
882 222
882 419
882 143
883 1019
883 198
883 9
883 168
883 1222
883 709
884 638
884 268
885 173
885 79
886 22
886 721
886 71
886 1119
886 919
886 150
886 108
886 693
886 813
886 191
887 151
887 7
887 91
887 1283
887 393
887 1051
887 204
888 191
889 239
889 121
889 129
889 298
889 153
889 519
889 144
889 175
889 98
889 473
889 484
889 134
890 589
890 127
890 205
890 133
890 185
890 527
890 1039
891 313
891 126
891 285
892 2
892 1124
892 96
892 187
892 183
892 157
892 380
892 58
892 393
892 233
893 96
893 1
894 165
894 242
894 292
894 59
894 306
894 1115
894 534
894 582
894 1592
895 328
896 732
896 50
897 28
897 925
897 199
897 98
897 214
898 327
898 315
899 209
899 176
899 663
899 194
899 568
899 190
901 117
901 566
901 96
902 1
903 30
903 664
903 56
903 409
904 747
904 289
906 10
907 869
907 283
907 284
907 322
907 821
909 300
911 647
911 194
913 228
914 643
915 750
916 88
916 97
916 652
916 203
916 172
916 421
916 89
918 707
918 86
918 16
918 170
919 332
919 423
919 126
919 217
921 692
922 173
922 99
922 91
922 258
922 596
923 117
923 1012
923 293
924 96
924 7
925 332
925 218
927 11
927 138
929 205
929 589
931 297
931 14
931 255
932 89
932 513
932 169
932 474
932 708
932 1116
932 495
932 493
934 811
934 193
934 197
934 492
934 239
934 199
934 449
934 94
935 846
936 251
936 25
936 1171
936 1129
937 408
938 50
938 258
938 1061
939 237
939 405
940 709
940 8
940 678
940 238
940 258
940 7
942 172
942 604
943 22
943 576
943 356
943 427
943 181
943 233
1 121
1 203
1 127
1 171
1 210
1 59
2 255
3 328
3 342
4 294
4 260
5 101
5 391
6 211
6 531
6 530
6 529
6 516
6 487
6 512
6 174
6 185
6 494
6 133
7 217
7 175
7 265
7 200
7 614
7 509
7 659
7 644
7 491
7 177
7 643
7 188
7 608
7 393
7 568
7 450
9 479
10 418
10 656
10 230
10 11
10 484
10 527
10 99
10 218
11 692
11 51
11 196
11 707
11 230
11 752
12 127
12 471
13 170
13 747
13 810
13 651
13 182
13 172
13 233
13 647
13 473
13 806
13 346
13 154
13 71
13 13
13 215
14 195
14 524
14 382
14 175
15 620
15 275
15 754
15 459
15 476
16 447
16 143
16 87
16 655
16 109
17 919
18 186
18 286
18 153
18 387
18 212
18 59
18 519
18 520
18 604
20 87
20 252
21 9
21 324
21 184
22 999
22 550
22 226
23 83
23 629
23 418
23 194
23 705
24 127
24 79
24 173
25 275
26 15
26 246
27 123
27 246
28 195
28 429
28 529
28 646
29 332
30 161
31 875
33 678
34 898
34 292
36 748
37 22
37 403
38 155
38 780
41 56
41 170
42 469
42 79
42 228
42 404
42 405
42 194
43 211
43 222
43 724
43 274
43 12
44 185
44 249
44 603
45 100
45 111
46 305
48 496
49 93
49 919
50 268
51 64
53 258
53 121
54 147
54 411
55 273
56 385
56 194
56 44
56 153
56 1028
56 636
56 151
57 181
57 304
58 238
58 223
58 381
58 272
59 480
59 30
59 101
59 371
59 14
59 644
59 825
59 100
59 959
59 188
59 287
59 23
59 507
59 321
60 197
60 546
60 230
60 172
60 508
60 513
60 229
60 211
60 95
60 1060
60 199
62 521
62 199
62 164
62 511
62 1074
62 9
62 181
62 421
62 65
63 276
64 318
64 265
64 527
64 182
64 10
65 660
65 735
66 535
67 240
67 273
70 189
70 264
71 168
72 581
72 382
72 124
72 226
72 479
72 45
72 628
73 480
73 514
73 285
76 513
76 23
77 641
79 285
80 45
81 186
82 523
82 1
82 99
82 770
83 121
84 748
84 222
84 1033
84 98
85 203
85 425
85 345
85 161
85 234
85 64
85 515
85 170
86 259
87 38
87 230
87 849
87 181
87 515
87 845
87 728
87 202
88 261
89 301
89 694
90 216
90 958
90 1125
90 385
90 198
90 482
90 242
91 183
91 429
91 50
91 603
91 616
91 289
91 205
91 79
92 96
92 159
92 276
92 411
92 175
92 204
92 660
92 528
92 135
92 521
93 476
93 14
94 1119
94 616
94 631
94 642
94 549
94 1065
94 813
94 423
94 83
94 186
94 652
94 219
95 471
96 423
97 228
97 661
97 222
97 603
99 240
99 591
100 690
102 195
102 174
102 89
102 258
103 24
103 255
103 50
104 100
105 288
106 660
107 340
107 269
108 275
109 237
109 845
109 88
109 294
109 568
109 11
109 159
109 566
109 12
109 1028
109 223
109 100
110 326
110 161
110 307
110 790
112 272
112 750
114 183
115 13
115 48
115 137
115 228
115 92
115 117
116 246
116 127
116 730
117 109
118 436
118 172
118 654
118 23
118 421
118 258
118 223
119 56
119 995
119 455
119 382
119 132
119 9
119 199
119 109
119 194
119 213
119 405
119 511
119 282
119 144
120 50
121 181
122 699
125 710
125 80
125 945
127 901
128 609
128 482
128 651
128 423
128 319
128 117
128 136
130 682
130 1019
130 412
130 31
130 1013
130 172
130 246
130 111
130 405
130 33
130 258
130 894
130 993
132 137
133 258
134 678
135 642
136 1142
136 116
137 243
137 680
137 597
137 181
137 687
137 411
138 474
139 268
139 676
140 302
141 410
141 147
144 216
144 588
144 654
144 411
144 742
144 1
144 318
144 528
144 190
144 12
145 549
145 688
145 185
145 106
145 1208
145 302
146 346
147 292
147 319
147 258
147 301
148 1012
148 189
148 222
148 238
150 458
151 51
151 482
151 15
151 210
151 652
151 275
151 1203
151 87
151 189
151 97
151 86
151 443
151 605
152 794
152 284
152 274
152 121
152 780
153 182
154 640
157 1016
157 410
157 137
157 515
158 648
158 188
158 168
158 285
158 518
158 562
158 127
158 38
158 177
159 1221
159 7
159 220
160 201
160 157
160 175
160 127
162 79
163 56
164 690
164 930
164 118
168 596
168 1051
168 126
173 260
173 294
174 117
174 1035
174 433
174 272
174 451
175 483
176 246
177 963
177 294
178 268
178 302
178 8
178 257
178 318
178 1258
178 427
178 219
180 191
180 733
181 280
182 479
184 238
184 89
184 950
184 262
184 588
185 216
185 287
186 226
186 225
186 281
186 887
188 651
189 659
189 124
189 133
189 1402
189 632
189 630
189 694
190 7
190 313
190 300
192 515
192 258
193 347
193 194
193 127
193 1078
193 117
193 580
194 204
194 483
194 52
194 15
195 14
195 258
195 276
195 591
195 304
196 692
197 750
197 576
197 230
198 132
198 188
199 475
199 7
200 597
200 195
200 840
200 1228
200 28
201 46
201 587
201 480
201 346
201 268
201 227
201 58
201 76
203 288
206 896
206 310
206 269
207 211
207 515
207 468
207 655
207 134
208 208
210 153
210 23
210 205
210 514
210 735
210 134
210 152
210 173
212 86
213 475
213 143
213 455
213 678
213 508
214 79
214 166
215 216
216 943
216 1067
216 237
216 747
216 221
216 673
217 118
218 33
219 132
219 179
219 382
220 303
221 1017
221 27
221 550
221 1059
221 173
221 940
222 549
222 282
222 328
222 655
222 689
222 1
222 202
222 156
222 71
222 796
222 431
222 182
223 216
224 239
224 97
224 162
224 655
224 51
224 349
225 193
226 405
227 116
227 19
228 690
229 286
230 427
230 570
230 202
230 451
232 302
232 474
232 462
232 493
233 197
234 656
234 423
234 136
234 414
234 1221
234 1449
234 91
234 498
234 530
234 419
234 100
235 96
235 237
235 213
235 70
235 1451
235 483
235 7
235 195
236 462
236 699
237 64
237 474
238 298
239 175
240 301
240 242
242 294
242 361
244 631
244 9
244 856
244 268
244 122
244 941
245 222
246 588
246 919
247 58
247 1022
247 736
248 168
248 127
249 28
249 1073
249 58
250 181
250 276
251 151
253 294
253 15
253 12
253 173
253 300
254 132
254 419
256 554
256 225
256 97
256 779
256 216
256 1061
256 409
256 387
256 761
257 307
257 14
258 311
258 313
258 332
259 357
260 990
262 275
262 699
262 1220
263 269
263 87
263 194
263 79
263 163
264 288
264 559
264 430
264 789
264 185
264 1118
265 328
265 288
265 118
267 515
267 229
267 240
267 161
267 943
267 33
267 550
268 506
268 12
268 7
268 630
268 244
268 42
269 13
269 1011
269 137
269 631
269 1101
269 509
269 506
269 192
269 64
269 523
269 1017
269 922
270 279
270 672
270 747
270 714
270 93
270 60
270 1009
270 66
271 277
271 521
271 257
271 132
271 357
271 208
271 248
271 498
272 178
272 56
274 100
274 125
274 275
276 770
276 419
276 192
276 568
276 333
276 433
276 354
276 91
276 474
277 628
279 434
279 831
279 144
279 210
279 384
279 571
279 725
279 977
279 710
279 1495
279 2
279 820
279 728
279 257
279 429
279 153
279 597
279 168
280 70
280 584
280 780
280 111
280 58
280 31
280 393
280 699
280 925
281 332
282 343
283 433
285 902
286 1051
286 191
286 101
286 11
286 298
286 955
286 91
286 737
286 628
287 682
287 201
287 845
287 64
288 305
288 50
288 199
290 472
290 143
290 432
291 946
291 729
291 417
291 7
291 631
292 180
292 510
292 491
292 176
292 482
293 503
293 474
293 132
293 81
293 482
293 206
293 469
293 693
294 100
294 1
294 751
294 250
295 11
295 951
295 389
295 213
295 386
295 402
295 1039
295 25
295 727
296 274
296 20
296 632
296 462
296 277
296 652
296 198
296 11
297 116
298 8
298 168
298 317
298 842
298 28
298 423
299 516
299 136
299 345
299 509
299 114
300 409
301 172
301 1
301 849
301 367
301 11
301 186
301 831
301 425
301 527
301 523
301 340
303 98
303 95
303 596
303 1286
303 168
303 435
303 650
303 235
303 68
303 82
303 502
305 198
305 289
305 251
305 923
305 480
305 530
305 134
305 298
306 14
306 111
307 708
307 462
308 504
308 525
308 135
308 498
308 186
308 171
308 856
308 408
308 509
308 152
308 655
308 1147
308 257
308 48
308 177
311 520
311 479
311 724
311 177
311 692
311 226
312 705
312 692
312 945
312 653
312 133
312 172
312 850
312 573
312 1050
313 136
313 98
313 180
313 385
313 175
313 527
313 498
314 15
314 402
314 73
314 1136
314 88
314 143
315 673
315 238
315 513
315 168
316 98
316 223
316 716
316 582
318 501
318 321
318 187
320 79
320 1091
320 100
320 156
321 428
322 653
323 238
324 827
325 134
325 430
325 647
325 180
325 199
327 143
327 715
327 144
327 238
327 190
328 186
328 742
328 65
328 56
328 275
328 180
329 855
329 297
330 470
330 393
330 989
330 275
330 468
330 204
330 385
331 268
332 450
332 64
332 273
332 255
332 121
334 200
334 1108
334 603
334 1051
334 10
334 945
334 124
334 549
334 302
334 505
334 1315
334 608
334 99
334 236
334 283
335 333
336 67
336 56
336 710
337 125
337 67
337 50
339 136
339 636
339 178
339 191
339 640
339 9
339 56
339 176
339 248
339 200
340 50
340 199
340 1133
340 174
340 969
341 895
342 654
342 143
342 108
342 216
342 288
342 482
342 496
343 475
343 194
343 193
343 275
343 83
343 530
343 449
343 191
343 47
343 786
343 496
343 466
343 531
344 174
344 357
344 176
344 751
345 239
345 378
345 255
345 88
345 315
345 181
345 51
345 124
346 175
346 394
346 333
346 64
346 177
347 609
347 96
347 188
347 357
347 471
347 22
347 76
348 107
348 742
349 100
349 15
350 168
350 228
350 589
350 89
351 538
352 746
352 174
352 79
353 332
354 694
354 292
354 958
354 1194
354 165
354 1137
354 134
354 258
356 333
357 24
357 977
357 742
358 318
359 408
360 308
360 515
360 127
361 319
361 525
361 190
361 129
361 98
361 466
361 238
363 660
363 380
363 8
363 1012
363 89
365 275
365 258
366 672
367 17
367 164
367 5
368 379
369 50
370 603
370 514
370 22
371 210
371 1
372 448
372 581
372 678
372 447
372 874
372 441
373 724
373 382
373 651
373 402
373 165
373 633
373 90
373 527
373 1110
374 449
374 1134
374 5
374 48
374 735
374 239
374 552
374 665
376 223
376 514
376 14
377 316
377 194
378 387
378 479
378 596
378 12
378 606
378 79
378 469
378 204
378 404
378 28
379 124
379 284
379 435
379 200
379 251
379 576
379 197
380 196
380 258
380 498
381 135
381 1115
381 657
381 419
381 529
383 639
383 425
384 751
384 689
385 1159
385 156
385 175
385 653
385 132
385 134
385 603
387 293
387 227
387 513
389 59
389 418
389 176
389 479
389 274
389 50
389 211
389 654
389 604
389 404
391 168
391 56
391 97
392 270
392 589
392 615
392 347
393 136
393 625
393 366
393 373
393 569
393 378
393 49
393 281
394 232
394 56
394 121
394 7
394 28
395 342
396 974
397 8
398 194
398 479
398 435
399 817
399 57
400 895
401 162
401 133
401 44
401 493
403 748
403 118
405 673
405 5
405 90
405 559
405 448
405 85
405 388
405 1063
406 513
406 1021
406 505
406 605
406 185
406 86
406 482
406 204
406 180
407 98
407 147
407 427
407 4
407 196
407 432
409 191
409 607
409 303
409 135
409 211
409 1541
411 210
411 209
412 173
412 186
412 651
412 56
413 15
414 288
416 126
416 729
416 297
416 807
416 479
416 699
416 211
416 980
416 153
416 735
416 274
416 317
416 64
416 154
416 684
416 144
416 191
416 303
416 515
416 248
417 55
417 118
417 433
417 217
417 651
417 246
417 384
417 946
417 515
417 421
417 95
418 895
421 156
421 333
421 187
422 126
422 151
422 98
423 924
425 272
426 488
426 98
426 196
426 491
426 610
427 263
427 300
427 881
428 894
428 754
428 350
428 289
428 879
428 331
429 258
429 443
429 480
429 735
429 679
429 47
429 25
429 52
429 584
429 184
429 537
429 1301
429 202
430 286
430 129
432 50
432 181
432 151
434 220
434 118
434 225
435 68
435 188
435 182
435 176
435 732
435 919
435 358
435 273
435 721
435 566
435 4
435 331
435 403
435 239
435 186
436 925
436 660
436 204
436 746
436 762
436 340
436 710
437 697
437 415
437 955
437 428
437 208
437 401
437 151
438 619
438 118
439 1328
439 268
440 1105
441 121
442 1098
442 710
447 290
447 89
448 319
449 381
449 171
450 28
450 468
450 926
450 153
450 205
450 23
450 399
450 292
450 1192
450 418
450 51
450 275
450 470
450 902
451 879
451 874
452 199
452 161
452 243
452 465
452 597
452 684
453 196
453 421
453 248
454 427
454 526
454 732
455 1197
455 147
455 275
455 523
455 217
455 298
456 721
456 1017
456 33
456 216
456 461
456 168
457 51
457 356
457 57
457 371
457 631
457 209
457 156
457 318
457 417
457 215
457 380
457 27
457 527
457 8
457 197
458 1070
458 408
458 9
458 99
458 79
458 293
458 956
458 32
459 1190
459 164
460 242
462 328
463 275
463 116
465 7
465 511
465 588
466 55
466 385
466 226
466 518
467 93
467 50
468 55
468 257
468 97
468 56
468 71
468 8
468 95
469 855
469 474
469 286
470 9
470 293
471 225
471 94
472 183
472 66
472 338
472 68
472 496
472 240
473 246
474 70
474 943
474 519
474 197
474 302
474 234
474 699
474 971
474 79
474 252
474 528
474 315
474 584
474 180
476 209
476 343
477 275
478 11
478 255
478 143
478 93
479 915
479 498
479 50
479 463
479 357
479 479
480 79
480 114
480 485
481 430
481 191
482 313
484 70
484 14
484 89
484 294
484 560
484 554
484 471
486 285
486 1137
486 301
487 97
487 300
487 713
488 633
488 127
488 215
488 328
488 294
489 333
490 1128
491 12
493 410
493 358
493 121
493 763
493 118
494 286
494 924
495 288
495 240
495 222
495 470
495 739
495 225
495 616
495 447
495 1157
496 33
496 39
496 174
496 625
496 277
496 10
497 239
497 943
497 210
497 388
497 367
497 121
497 144
498 182
498 664
499 202
500 469
500 89
500 425
500 1195
500 223
500 611
500 421
500 1111
500 3
500 175
500 1010
500 409
501 276
501 100
501 122
502 358
502 323
503 8
503 127
503 58
503 714
503 98
503 70
504 218
504 1439
504 742
504 928
505 496
506 655
506 654
506 663
506 63
506 434
506 710
506 96
506 494
506 71
506 333
506 5
506 742
507 245
508 317
508 524
509 603
511 887
511 895
513 222
514 367
514 747
514 173
514 196
514 136
514 181
515 895
515 300
518 289
520 690
521 403
521 746
521 109
521 68
521 659
523 95
523 863
523 629
523 866
523 1195
523 208
523 509
524 1107
524 469
524 568
524 193
524 129
524 528
526 100
526 293
527 208
527 285
527 59
528 258
529 1038
529 268
529 300
530 88
530 183
530 328
530 191
530 322
530 1226
531 311
532 347
532 12
532 164
532 763
532 491
532 248
532 295
532 316
532 70
532 228
532 272
533 756
533 477
533 48
533 96
533 282
533 742
535 173
535 521
535 212
535 813
535 193
535 963
535 505
536 720
536 487
536 640
536 510
537 89
537 56
537 478
537 427
537 844
538 195
538 188
538 191
539 155
539 242
539 258
540 1011
540 181
542 435
542 357
542 187
542 427
542 367
542 90
543 71
543 302
543 204
543 1099
543 187
543 1159
543 403
544 749
545 121
545 1
545 742
546 590
547 340
548 322
548 750
548 443
548 181
548 1073
548 323
548 291
548 31
550 682
551 203
551 1136
551 241
551 746
551 470
551 827
551 587
551 237
551 331
551 1443
551 402
552 301
552 126
553 497
553 134
553 213
553 275
554 289
554 118
554 209
554 174
554 864
554 79
554 117
554 222
556 324
556 603
557 50
558 253
559 385
561 505
561 524
562 566
562 144
563 220
564 181
566 529
566 479
566 523
566 166
566 157
567 190
567 298
567 811
567 1298
567 506
567 83
567 152
567 221
567 514
568 135
569 100
569 258
570 305
573 479
574 100
574 272
576 7
577 407
577 71
577 98
577 423
577 663
577 496
579 66
579 520
582 240
582 151
583 286
583 708
585 190
586 79
587 914
588 210
588 354
588 8
588 155
588 231
588 762
589 892
589 538
589 678
590 1331
591 45
591 740
592 196
592 28
592 173
592 251
592 215
592 514
592 194
592 203
592 285
592 589
592 789
592 204
593 162
593 633
593 173
593 172
595 546
595 111
597 275
597 235
599 471
600 230
601 1084
601 87
602 678
602 259
605 340
605 408
606 419
606 729
606 88
606 735
606 939
606 98
606 662
606 191
606 307
606 284
606 942
607 275
608 969
608 83
608 419
608 690
608 204
608 69
609 287
610 172
610 427
610 8
610 127
612 275
613 530
614 276
614 294
614 147
615 1192
615 197
615 213
616 343
616 750
617 320
617 671
618 133
618 143
618 313
618 28
619 298
619 566
619 118
619 568
619 233
620 563
620 820
620 1503
620 740
620 969
621 249
621 879
621 109
622 174
622 99
622 83
622 993
622 194
622 408
622 132
622 101
623 435
623 523
623 222
624 25
624 242
624 305
624 410
625 188
625 428
626 324
627 300
627 179
627 1267
627 735
629 435
629 284
629 195
629 271
629 258
629 241
629 200
629 658
630 7
632 184
632 651
632 12
632 470
633 195
633 98
634 315
634 285
634 508
636 100
636 813
636 313
636 118
636 760
637 25
637 151
637 515
638 181
638 117
639 275
639 483
639 14
640 591
640 226
640 175
640 22
641 528
641 209
642 148
642 173
642 401
642 795
642 172
642 383
642 768
642 393
642 15
642 552
642 117
642 1039
642 71
643 32
643 423
643 408
643 515
643 235
643 468
643 194
643 4
643 1098
643 47
643 255
643 234
644 457
645 469
645 179
645 521
645 488
645 172
645 512
647 231
648 432
648 174
648 96
648 568
648 928
648 429
648 109
648 323
648 228
648 181
649 282
650 705
650 206
650 478
650 552
652 538
653 684
653 431
653 186
653 200
654 736
654 173
654 137
654 291
654 144
654 153
654 24
655 1585
655 293
655 514
655 427
655 86
655 447
655 739
655 867
655 182
655 904
655 844
655 296
656 303
657 117
659 604
659 191
659 204
659 252
659 568
659 177
659 199
659 121
659 58
659 226
660 435
661 408
661 96
662 13
663 25
663 948
663 508
664 494
664 79
664 92
664 1109
664 611
665 763
665 255
665 248
666 655
666 202
666 654
666 660
666 310
666 484
666 13
666 180
666 134
666 206
666 176
667 223
669 427
670 511
670 417
671 118
671 50
671 174
672 874
674 15
675 1653
676 193
676 539
676 259
676 222
677 268
678 100
678 1
678 332
679 222
679 56
680 195
680 14
681 1394
682 195
682 724
682 380
682 228
682 393
682 250
682 174
682 720
684 186
684 237
686 50
686 518
686 208
687 300
687 678
688 259
689 475
691 79
692 411
693 53
693 611
693 157
694 663
694 617
694 1020
695 260
695 319
695 311
696 234
696 285
697 305
697 294
698 385
699 285
701 690
701 285
701 124
701 275
702 222
703 127
703 591
704 633
704 100
705 282
705 94
707 882
707 505
707 863
707 485
707 462
707 9
708 762
708 313
709 508
710 23
710 302
710 1019
711 269
711 476
711 238
711 961
711 432
712 392
712 1221
712 1178
712 385
712 243
712 734
712 202
714 1016
715 196
715 155
715 83
716 91
716 486
716 588
716 425
716 1113
716 357
716 367
716 663
716 504
716 614
716 485
716 956
716 197
716 154
717 300
717 476
717 475
718 742
719 223
719 660
721 631
721 318
721 326
721 127
721 284
721 632
722 291
722 310
724 895
724 326
727 211
727 91
727 178
727 201
727 982
727 198
727 2
727 164
727 684
727 161
727 96
728 471
731 1503
732 288
733 1132
733 293
733 285
734 742
735 286
737 12
738 747
738 434
739 1431
740 300
741 22
742 50
743 744
745 302
746 202
747 176
747 949
747 524
747 30
747 187
747 182
747 132
747 313
747 133
747 357
747 286
747 498
748 216
748 64
748 174
748 194
748 182
748 813
748 89
749 531
749 470
749 480
749 511
749 215
749 298
749 227
749 406
749 127
749 328
751 196
751 257
751 588
751 131
752 269
752 306
752 301
752 259
752 751
752 690
753 98
753 462
754 477
755 323
756 8
756 300
757 79
757 22
758 272
758 250
758 448
758 650
758 425
758 291
758 297
758 531
758 484
758 137
758 479
758 715
758 236
760 195
761 148
761 1157
761 147
763 212
763 357
763 195
763 60
763 174
763 509
763 173
763 12
764 176
764 1046
766 65
766 654
766 217
766 127
766 212
766 318
767 657
768 332
768 272
770 258
770 246
772 310
772 678
773 1475
773 509
774 238
774 228
775 333
776 474
776 603
778 200
778 262
779 235
779 926
780 496
780 423
780 210
781 1500
782 255
782 272
783 328
784 751
786 191
786 69
786 419
787 311
787 749
788 356
788 1126
790 211
790 154
790 1119
790 781
792 124
792 762
793 282
794 19
794 420
794 847
795 431
795 319
796 87
796 611
796 213
796 685
796 385
796 280
796 298
796 403
796 155
796 50
796 419
796 117
796 2
796 69
796 127
796 326
796 183
798 1425
798 1
798 1035
798 1283
802 879
804 1615
804 380
804 436
804 33
804 357
804 290
804 196
804 480
804 245
804 187
804 134
804 413
805 100
805 645
805 428
805 709
805 1014
805 642
805 419
806 705
806 144
806 197
806 176
807 380
807 630
807 720
807 82
807 602
807 527
807 1089
807 657
807 584
808 270
810 301
811 988
812 300
814 200
815 521
815 393
815 659
815 193
815 1
815 200
815 837
815 402
818 303
820 313
821 427
821 294
823 735
823 237
823 1070
823 26
823 408
823 209
825 125
825 926
825 245
825 258
826 1
826 1219
826 403
827 294
828 1466
828 1073
828 1062
828 19
828 652
829 129
830 313
830 484
831 12
833 646
833 187
833 151
833 344
833 346
833 175
834 282
834 258
835 458
835 310
835 1153
835 485
836 238
836 89
837 19
837 20
838 28
838 83
838 70
838 206
838 69
838 128
838 127
840 628
840 169
840 238
840 655
840 252
840 514
840 285
843 434
843 250
844 207
844 251
844 12
846 519
846 238
846 739
846 697
846 614
846 89
846 559
846 72
846 1035
846 1044
847 228
848 179
848 509
848 530
848 318
848 514
848 71
850 8
850 519
850 69
851 180
851 597
851 480
853 288
853 879
854 713
854 12
854 508
854 357
854 488
858 127
858 286
862 79
862 432
862 205
862 257
863 313
863 1127
863 1243
863 895
864 222
864 276
864 562
864 265
864 715
864 286
864 163
864 123
865 258
866 319
867 181
867 270
867 180
867 528
867 603
869 100
869 1014
870 12
870 658
870 505
870 23
870 503
870 673
871 276
871 172
872 742
874 357
874 182
875 288
876 294
877 692
877 56
877 275
878 269
878 194
878 921
878 136
878 402
879 125
880 98
880 293
880 117
880 1210
880 1664
880 298
880 1157
880 194
880 181
880 876
881 526
881 28
881 106
881 423
881 100
881 755
881 22
881 405
881 134
881 129
882 616
882 4
882 597
883 72
883 1131
883 199
883 211
883 342
884 381
884 70
884 921
886 663
886 171
886 7
886 186
886 56
886 241
887 284
887 871
887 1028
887 1120
887 218
887 87
889 83
889 50
889 191
889 747
889 217
889 659
889 479
890 654
890 135
892 588
892 79
892 739
892 188
892 172
892 525
892 781
892 125
892 182
892 768
893 237
894 339
894 736
894 558
894 52
894 463
896 481
896 136
896 527
896 183
896 239
897 183
897 82
897 89
897 151
897 451
898 1296
899 740
901 229
901 662
901 194
901 121
901 419
902 144
902 423
903 479
903 47
903 187
903 649
903 272
905 150
905 508
907 1284
907 125
907 591
907 742
907 42
907 689
907 828
908 79
909 224
910 313
910 300
911 151
911 1203
911 203
912 318
912 143
913 57
913 79
913 7
913 919
915 345
916 156
916 512
916 183
916 221
916 234
916 217
916 427
916 39
917 696
917 287
918 1099
918 45
919 100
919 325
919 11
919 333
919 140
919 181
919 508
919 125
919 276
921 323
921 526
924 275
924 705
924 283
924 429
924 195
924 923
924 896
927 402
927 820
927 95
928 878
929 100
930 116
930 121
931 245
931 909
932 172
932 131
932 478
932 863
932 1021
932 475
932 709
932 154
932 482
932 1050
932 183
933 196
933 11
933 523
933 89
933 98
933 435
934 661
934 4
934 755
934 286
934 495
934 660
934 965
934 428
934 228
934 196
935 471
935 405
935 15
936 116
937 116
937 304
938 275
940 855
942 124
942 303
942 705
942 414
943 195
943 581
25 257
33 300
50 123
55 174
70 132
80 237
91 612
117 181
132 100
142 124
179 302
186 588
188 519
197 526
202 604
208 194
216 204
224 196
230 168
246 223
247 50
250 111
263 434
280 723
290 692
294 538
297 455
303 367
316 44
339 1244
341 299
360 334
366 447
380 86
381 514
398 1450
405 79
428 749
433 194
441 338
467 100
480 152
484 746
485 346
500 729
515 315
521 763
531 300
535 52
566 7
590 676
594 357
604 670
607 311
630 411
641 30
658 69
669 97
671 452
677 1245
696 245
708 150
712 210
721 755
724 332
747 1045
750 286
752 995
780 79
785 1
790 231
797 257
799 427
805 93
862 70
898 324
912 132
913 216
921 222
940 628
