16
43
46
63
80
102
110
106
107
105
113
112
122
120
128
158
167
212
278
267
264
297
299
342
337
336
330
373
369
370
381
353
355
364
361
362
363
409
413
407
395
397
396
441
434
426
417
450
503
499
555
553
565
564
563
574
571
532
535
534
609
612
613
618
620
624
630
629
634
638
579
580
581
686
680
702
695
645
670
745
738
743
766
712
718
706
731
821
816
804
809
811
791
785
797
793
770
769
783
779
776
884
886
888
890
892
894
865
866
867
868
871
873
875
876
850
854
862
832
836
846
844
953
949
951
944
947
929
913
909
905
900
896
1017
1018
1022
1011
1013
1015
1002
1004
1006
994
999
986
984
985
990
982
980
971
970
975
974
972
962
966
1100
1097
1099
1093
1091
1116
1118
1105
1106
1133
1129
1127
1124
1122
1149
1148
1140
1137
1136
1038
1024
1030
1041
1040
1043
1042
1045
1046
1064
1056
