1 77
1 88
1 6
1 229
1 20
1 238
1 144
2 286
2 14
2 276
2 242
3 327
5 423
5 267
5 189
5 186
6 493
6 135
6 127
6 427
6 463
6 136
6 461
6 166
6 186
7 12
7 624
7 617
7 562
7 497
7 579
7 557
7 93
7 506
7 396
7 125
8 187
8 210
8 227
10 513
10 289
10 124
10 705
10 706
10 699
10 1
10 12
10 22
10 703
11 70
11 714
11 301
11 423
11 258
12 202
12 216
13 720
13 750
13 661
13 867
13 483
13 761
13 87
13 766
13 61
13 270
13 482
13 95
13 789
13 121
13 237
13 497
13 285
13 186
14 19
14 42
14 151
14 919
14 921
15 14
15 257
15 50
16 282
16 92
16 443
16 164
16 191
16 51
16 418
16 947
16 732
16 199
17 151
18 113
18 97
18 474
18 416
18 958
18 960
19 8
20 274
20 15
20 633
21 854
21 875
21 301
21 1
22 85
22 403
22 195
23 694
23 96
23 856
23 269
24 276
24 191
24 372
25 116
25 186
26 1012
28 568
28 98
29 302
29 294
30 319
30 181
31 484
33 313
36 288
38 22
38 294
38 1030
39 937
39 333
41 96
42 239
42 781
42 136
42 999
42 282
42 588
42 73
43 133
43 423
43 778
43 405
43 161
43 382
43 56
44 294
44 447
44 357
44 480
44 151
45 284
45 109
48 308
50 1084
51 83
52 13
52 1086
53 151
56 7
56 204
56 483
56 11
56 815
56 82
56 748
56 559
56 189
56 392
56 70
57 588
57 763
58 171
58 8
58 127
58 228
58 100
58 1098
58 645
59 184
59 484
59 528
59 428
59 187
59 176
59 209
59 186
59 741
59 129
59 823
60 606
60 1020
60 205
60 77
60 514
60 699
60 1122
60 237
60 601
60 736
60 378
60 525
61 258
62 76
62 528
62 582
62 55
62 174
62 464
64 179
65 427
65 328
68 275
68 50
69 151
70 168
70 181
70 143
70 197
70 511
70 482
71 462
71 14
72 58
72 649
72 28
72 161
73 188
73 183
74 333
75 408
75 475
75 222
76 93
77 246
77 134
78 93
79 262
79 1022
80 483
80 303
81 121
82 175
82 418
82 191
83 1041
83 1035
83 1028
83 127
83 932
83 70
83 1016
84 815
84 385
85 286
85 268
85 1101
85 134
85 28
85 479
85 519
86 1175
87 70
87 472
87 63
87 393
87 56
87 199
87 274
87 62
87 216
87 651
87 281
87 228
89 88
89 127
90 648
90 656
90 750
90 661
90 614
90 193
90 387
90 276
90 836
90 496
91 265
91 689
91 64
91 527
91 435
91 234
91 181
92 708
92 50
92 591
92 7
92 466
92 663
92 963
92 48
93 845
94 7
94 127
94 157
94 346
94 1009
94 274
95 99
95 692
95 142
95 649
95 631
95 50
96 198
97 172
97 655
97 169
97 32
99 748
99 117
99 182
100 879
101 546
102 510
106 216
107 268
109 183
109 164
109 257
109 77
109 79
110 739
110 22
110 684
110 421
111 304
111 302
111 269
112 1106
113 257
115 127
115 508
115 466
115 183
115 9
115 302
116 203
117 313
117 265
117 307
118 193
118 171
118 184
119 1197
119 716
119 204
119 471
119 917
119 125
119 277
121 137
121 197
121 25
122 193
122 83
123 657
125 289
125 144
125 73
127 343
128 99
128 405
128 505
128 28
130 501
130 1277
130 418
130 293
130 568
130 27
130 684
130 802
130 184
130 959
130 117
130 555
134 1
136 298
137 79
137 249
137 50
138 151
138 518
138 98
138 497
138 742
139 508
140 304
140 303
141 472
143 272
144 474
144 1101
144 191
144 170
144 963
145 230
145 31
145 1012
145 174
145 227
145 23
145 1288
145 515
145 544
148 132
148 71
148 56
149 340
150 293
150 324
150 273
151 173
151 480
151 265
151 463
151 430
151 1070
151 792
151 216
151 735
152 393
152 33
152 568
152 423
152 132
152 111
154 523
154 357
154 191
154 302
154 197
156 178
156 58
156 137
157 313
158 7
158 302
158 70
158 154
158 286
158 202
158 431
159 1028
159 1014
160 770
162 174
163 272
164 405
164 293
167 1147
167 521
168 291
168 257
168 742
169 199
170 300
171 303
172 642
173 305
174 237
174 762
174 739
176 324
177 469
177 403
178 454
178 1004
178 568
178 731
179 315
179 333
179 340
179 682
180 235
182 178
184 640
184 632
184 183
184 71
184 185
184 504
184 276
184 66
185 269
185 116
185 223
186 1253
187 462
187 135
188 717
188 216
188 742
188 100
189 194
189 505
189 191
189 137
189 792
190 276
190 310
191 345
191 302
193 276
194 515
195 143
198 153
198 475
199 258
199 276
200 148
200 419
200 892
200 161
200 755
200 1217
200 385
201 458
201 697
201 271
201 59
202 516
203 117
205 289
206 346
207 524
207 185
207 28
207 423
207 568
207 428
208 514
208 211
209 285
210 523
210 25
210 154
210 216
212 268
213 11
213 79
213 284
213 655
213 213
213 121
213 692
213 197
214 1073
214 187
214 527
215 174
215 421
216 69
216 55
216 302
216 421
217 56
217 578
218 654
220 305
221 184
222 258
222 248
222 181
222 268
222 186
222 298
222 1220
222 127
223 28
224 662
224 280
224 313
224 282
225 22
226 713
227 221
227 1143
227 126
228 288
228 286
230 549
230 132
230 432
230 443
230 371
230 176
232 181
233 215
233 168
233 95
234 1456
234 523
234 1126
234 292
234 792
234 663
234 502
234 1445
234 132
234 705
234 462
235 269
235 970
235 179
235 648
236 69
236 506
236 64
236 170
236 750
239 504
239 165
239 179
239 923
239 172
239 632
240 898
240 307
242 305
243 86
243 582
244 953
244 88
244 26
244 89
244 1045
244 707
244 738
244 168
246 675
246 100
246 1
247 272
248 181
248 100
249 88
249 24
249 182
249 603
249 69
249 235
249 79
249 240
249 53
249 853
249 238
249 317
249 327
250 92
251 183
251 248
251 25
251 144
254 143
254 183
254 181
254 241
254 82
255 324
255 436
255 288
256 413
256 12
256 79
256 147
256 31
256 118
256 403
256 684
256 546
259 173
259 97
260 333
260 882
261 326
262 56
262 485
263 699
263 86
263 526
263 141
264 813
264 382
264 345
264 150
264 558
267 203
267 727
267 233
267 89
267 464
267 239
267 431
267 98
267 100
267 732
268 652
268 475
268 1073
268 135
268 1065
268 231
269 100
269 478
269 371
269 708
269 48
269 55
270 70
270 1210
270 1073
270 173
270 943
270 603
270 741
271 657
271 479
271 197
271 111
271 591
271 735
271 204
271 494
271 170
271 48
272 42
274 288
274 845
275 101
275 210
276 750
276 230
276 307
276 181
276 4
276 1220
276 463
276 737
276 1170
276 732
276 228
276 117
277 129
277 25
277 284
278 315
278 306
279 1498
279 372
279 364
279 209
279 1291
280 79
280 140
280 220
280 142
280 286
280 95
283 194
284 303
284 346
285 538
285 455
286 403
286 174
286 357
286 97
286 90
286 1060
286 111
286 202
286 574
286 142
286 248
287 92
287 156
287 461
287 100
287 50
287 246
288 887
288 234
288 22
288 13
290 755
290 809
290 1047
290 527
290 385
290 98
291 1078
291 820
291 234
291 290
291 50
291 249
291 448
291 735
291 686
291 195
291 558
292 705
293 479
293 196
293 223
293 582
293 172
294 483
294 347
295 157
295 588
295 235
295 226
295 812
295 504
295 4
295 134
296 246
296 303
296 242
296 180
296 272
296 427
296 284
297 479
297 50
297 751
297 173
297 284
297 32
297 272
298 498
298 418
298 333
298 526
299 727
299 480
299 607
299 318
299 347
299 487
299 965
299 144
299 13
299 778
301 410
301 455
301 607
301 470
301 100
301 118
301 154
301 194
301 357
301 427
303 780
303 1039
303 715
303 286
303 26
303 603
303 709
303 164
303 1188
303 333
303 64
303 483
304 278
305 86
305 512
305 471
305 475
307 1
307 431
307 529
308 962
308 1065
308 79
308 92
308 447
308 385
308 85
308 679
308 602
308 95
308 633
308 640
308 241
308 204
308 201
309 1025
311 739
311 480
311 515
311 168
311 22
311 230
311 966
311 528
311 97
312 206
312 1451
312 641
312 483
312 509
312 740
312 474
312 52
312 608
312 459
312 435
312 190
312 131
312 427
313 657
313 1
313 665
313 516
313 501
313 526
313 479
313 333
313 588
313 265
314 1311
314 934
314 672
314 1012
314 410
314 869
314 111
314 282
315 709
315 13
315 93
315 178
316 521
316 735
317 331
318 1012
318 356
318 239
318 692
318 508
318 127
320 238
320 121
320 369
320 1157
320 250
320 1188
321 7
321 483
321 530
321 1331
321 48
321 462
322 603
323 172
323 223
323 64
325 484
325 185
325 616
325 175
326 480
326 144
326 178
326 64
327 507
327 684
327 634
327 1007
327 1100
327 959
328 289
328 291
328 71
328 22
328 956
328 155
328 523
330 118
330 51
330 95
330 427
330 136
330 451
330 210
331 59
332 1
332 678
332 307
332 96
332 97
332 89
332 342
332 728
332 181
333 435
334 387
334 494
334 131
334 169
334 134
334 275
334 44
334 1524
334 98
337 471
339 50
339 183
339 194
339 1
339 515
339 11
339 346
339 461
339 317
339 693
340 143
342 152
342 656
342 657
343 521
343 642
343 252
343 302
343 735
343 10
344 494
344 530
345 433
345 311
345 402
345 197
345 9
345 58
345 443
345 293
345 655
346 79
346 97
346 134
346 195
346 358
346 54
346 245
346 180
346 89
346 549
347 50
347 298
347 125
348 411
348 831
348 934
348 123
348 288
350 136
350 427
351 300
352 181
352 657
354 736
354 887
354 753
354 463
354 707
354 303
354 47
354 116
354 149
354 904
354 435
354 387
354 181
354 86
356 748
357 1
357 1277
358 1006
359 250
360 10
360 1142
360 283
361 502
361 652
363 238
363 752
363 448
363 248
369 196
370 50
370 100
371 127
372 44
372 561
372 628
373 99
373 318
373 259
373 465
373 655
373 229
373 451
373 265
373 485
373 694
374 127
374 79
374 153
374 405
374 762
374 121
374 288
375 183
375 77
375 288
377 748
377 288
377 258
378 71
378 468
378 420
378 161
378 715
378 458
378 709
378 286
378 191
378 419
379 709
379 50
379 448
379 153
380 132
381 150
381 495
381 50
381 100
381 607
382 481
382 59
383 213
383 340
385 207
385 922
385 659
385 855
385 408
385 128
385 1008
387 8
387 89
387 42
387 547
387 515
387 12
388 678
388 313
388 559
389 483
389 187
389 613
389 494
389 64
389 618
389 1286
391 59
391 132
391 604
391 511
391 510
392 180
392 310
393 94
393 294
393 270
393 274
393 747
393 303
393 769
393 1169
393 588
394 288
394 4
394 385
394 109
394 97
394 89
394 1484
395 257
397 302
397 522
397 210
397 492
397 693
398 495
398 393
398 79
398 228
398 429
399 727
399 566
401 174
401 462
401 97
402 15
402 529
402 127
402 515
403 477
403 471
403 222
404 22
405 214
405 571
406 443
406 463
406 211
406 174
406 410
406 657
406 123
407 408
407 491
407 184
408 315
409 283
409 1021
409 603
409 98
409 61
409 213
412 318
413 9
413 270
415 180
415 479
416 564
416 509
416 588
416 77
416 790
416 1503
416 1012
416 219
416 281
416 895
416 300
416 402
416 842
416 125
416 15
416 929
416 100
416 67
416 136
417 3
417 258
417 825
417 403
417 15
417 562
417 326
417 944
417 195
417 792
417 5
419 306
420 127
421 144
421 185
421 50
422 127
422 447
423 245
423 591
424 25
424 323
425 96
425 293
425 89
425 172
425 307
426 705
426 427
426 23
426 1451
427 1265
428 1024
428 347
429 1011
429 273
429 173
429 469
429 1118
429 531
430 222
430 10
432 255
432 288
432 150
433 919
434 1095
435 226
435 194
435 235
435 1268
435 713
435 562
435 200
435 520
436 1119
437 14
437 200
437 197
437 181
437 436
437 1599
437 249
437 663
437 83
438 281
438 255
440 1194
440 1191
440 312
440 86
442 17
442 12
445 174
445 340
447 228
447 147
447 25
447 544
447 176
447 591
447 209
448 345
449 459
449 1073
449 127
449 100
449 515
450 1248
450 302
450 511
450 607
450 312
450 969
450 1518
450 290
450 81
450 166
450 152
450 1261
450 650
450 187
450 430
450 956
450 230
452 472
452 518
452 488
452 318
452 45
452 223
453 22
453 354
453 509
454 70
454 28
454 191
454 317
455 1160
455 628
455 172
455 223
455 241
456 432
456 608
456 1010
457 203
457 53
457 125
457 180
457 25
457 584
457 443
457 629
457 402
458 515
458 709
458 461
458 96
459 181
459 274
459 264
459 357
460 676
460 127
462 315
463 283
464 289
464 255
464 50
466 292
466 995
468 286
468 214
468 955
469 127
469 238
470 258
470 276
472 866
472 411
472 94
472 739
472 751
472 550
472 401
474 7
474 318
474 255
474 518
474 517
474 213
476 648
477 282
477 274
478 1
478 137
479 632
479 470
479 202
479 177
479 328
479 228
479 421
479 651
479 168
479 222
479 274
481 692
483 1152
484 97
484 174
484 181
484 226
484 87
484 250
485 269
486 889
486 10
486 1514
487 794
487 161
487 181
487 96
487 1425
487 99
487 45
488 222
488 357
488 28
488 239
488 203
488 22
488 1050
489 908
489 300
489 310
489 326
489 323
489 1243
490 109
490 50
491 493
491 129
491 408
492 523
492 56
493 79
493 333
493 404
493 96
493 95
495 393
495 357
495 54
495 211
495 145
495 214
495 71
495 90
495 216
496 56
496 1459
496 246
497 202
497 70
497 98
497 25
497 174
497 114
498 12
498 156
498 517
499 516
499 257
499 301
499 300
499 165
499 902
500 88
500 282
500 268
500 1160
501 741
503 223
503 1475
503 561
503 707
503 485
504 298
504 38
504 54
504 655
504 678
504 248
504 1084
504 216
504 197
504 330
504 490
505 300
505 402
505 99
505 164
505 307
506 443
506 258
506 89
506 210
506 31
506 693
506 525
507 300
509 50
511 908
511 260
512 191
512 198
514 651
514 116
514 169
514 25
514 42
514 28
514 12
514 792
514 194
517 117
517 538
518 117
518 742
518 919
519 751
519 350
519 1591
521 174
521 50
521 268
523 168
523 1047
523 451
523 70
523 258
524 60
524 855
524 70
524 127
524 304
524 23
524 646
524 1048
524 530
527 673
527 868
527 192
530 156
532 559
532 917
532 292
532 329
532 426
533 549
533 566
533 936
533 423
533 197
533 356
533 724
533 54
533 202
534 748
534 595
534 455
534 825
534 986
535 211
535 514
535 435
535 479
535 508
535 1149
535 318
536 486
536 230
536 117
536 164
536 318
536 180
536 153
536 227
536 500
537 648
537 276
537 313
537 971
537 315
537 48
537 61
538 202
538 12
539 202
539 661
539 275
540 1226
540 270
540 50
541 234
541 756
541 28
542 168
542 496
543 216
543 144
543 198
543 234
543 86
545 228
545 520
545 181
545 175
548 905
548 258
548 504
550 310
551 780
551 385
551 67
551 317
551 755
551 174
551 365
551 554
551 281
551 192
551 802
551 227
551 156
551 51
551 640
551 447
552 237
553 641
553 199
553 197
554 87
554 597
554 31
554 432
555 147
559 174
559 863
559 502
560 318
560 478
560 197
561 200
561 512
561 1131
561 7
561 664
561 174
561 93
561 484
561 1512
562 153
565 213
565 639
565 515
565 1018
566 582
566 207
566 182
566 461
566 86
566 77
567 657
567 134
567 197
567 133
567 124
567 484
567 268
567 177
567 493
567 474
568 653
568 483
568 631
569 236
573 478
575 173
577 48
577 465
577 1046
577 742
577 1028
577 50
580 455
581 919
582 269
584 40
585 283
585 1155
585 1121
586 210
586 51
586 117
586 720
587 288
588 699
588 91
588 307
588 131
590 100
591 275
591 655
591 283
592 193
592 346
592 327
592 286
592 71
592 558
592 168
592 60
592 985
592 288
592 4
592 682
592 223
592 382
593 100
593 200
593 97
595 1059
595 3
598 300
599 288
599 220
600 554
600 761
601 65
601 156
601 127
601 168
601 284
601 228
602 181
602 127
603 250
603 429
603 11
603 230
603 210
605 295
605 526
605 1226
605 100
605 132
605 269
606 468
606 180
606 498
606 211
606 1518
606 250
606 216
606 157
606 620
606 100
606 38
606 293
607 498
607 529
608 443
608 64
610 162
611 286
612 1060
613 318
615 855
615 526
615 262
615 518
617 675
618 241
618 12
618 64
618 404
618 100
618 487
618 56
619 27
619 578
619 183
619 403
620 94
620 1091
620 112
621 82
621 181
621 79
621 722
621 419
622 231
622 176
622 451
623 451
623 525
624 272
624 980
624 347
625 479
625 258
627 697
627 22
627 12
628 294
629 223
629 86
629 319
629 660
630 864
630 294
630 820
630 476
630 272
631 272
632 705
632 204
633 234
633 96
634 685
636 10
637 121
637 408
639 86
639 135
639 673
639 661
640 550
640 150
640 382
642 565
642 250
642 416
642 407
642 365
642 622
642 97
642 790
643 663
643 956
643 152
644 307
645 203
645 514
645 168
645 59
645 89
645 746
647 173
647 357
647 77
647 427
648 168
648 405
648 89
648 107
648 554
648 178
648 742
648 169
648 184
649 291
649 254
650 99
650 633
653 180
653 357
653 210
653 195
653 300
654 568
654 172
654 11
654 431
654 275
654 79
655 610
655 135
655 1192
655 1623
657 9
658 171
658 467
658 178
659 182
659 481
659 792
659 216
659 258
659 79
659 483
660 898
661 357
661 144
661 294
661 676
661 318
661 1
661 183
663 652
663 693
664 654
664 156
664 318
664 4
665 1040
665 111
665 1048
665 286
665 210
665 473
665 427
665 301
666 959
666 211
666 945
666 188
666 546
666 56
669 187
669 521
669 515
669 64
670 519
671 88
673 326
674 127
675 874
676 902
676 750
676 354
677 358
679 172
679 531
679 727
680 50
680 242
680 151
682 222
682 11
682 181
682 735
682 946
682 299
683 317
684 393
686 22
686 651
686 187
686 480
688 754
689 258
689 222
690 158
690 435
690 663
691 650
691 496
691 170
692 257
693 382
694 174
694 419
694 157
694 118
694 489
694 474
694 177
695 288
695 268
696 310
697 596
699 20
699 269
699 458
700 96
701 237
701 326
701 272
702 228
702 313
703 237
704 269
704 429
707 792
707 221
707 467
707 347
707 1174
707 923
707 660
708 255
709 176
709 174
709 82
709 161
710 420
710 134
710 50
711 582
711 22
711 588
711 114
711 408
711 1117
711 1115
712 399
712 143
712 71
712 181
712 655
712 110
712 584
714 282
715 926
715 79
715 257
716 792
716 655
716 82
716 208
716 481
716 159
716 136
716 627
716 153
716 648
716 611
716 606
717 340
717 287
717 285
717 258
717 125
719 318
719 659
720 898
720 896
720 262
720 286
720 315
722 845
722 471
723 164
724 749
727 87
727 470
727 68
727 408
728 25
730 1
731 603
733 221
733 1067
734 605
734 288
734 99
734 498
735 475
735 1
736 293
738 238
738 177
738 109
738 193
738 969
738 252
738 385
738 98
739 172
739 187
739 1429
741 98
741 241
741 83
741 50
741 70
741 742
742 1
745 519
746 265
746 226
747 86
747 510
747 427
747 70
747 192
747 483
747 584
748 483
748 97
748 199
748 633
749 414
749 969
749 977
749 418
749 879
749 357
749 521
749 1016
749 419
749 132
751 101
751 25
751 708
752 305
753 194
753 515
755 879
756 147
756 55
756 1240
756 1119
756 151
756 178
757 91
758 864
758 820
758 1111
758 433
758 96
758 657
758 619
758 350
758 505
759 117
760 258
760 451
761 748
762 955
762 286
763 222
764 673
764 174
764 496
764 9
765 14
765 170
766 272
766 89
766 91
767 921
768 313
768 25
768 70
768 300
770 7
770 473
771 172
771 289
771 408
772 302
772 879
773 198
773 1529
773 185
774 202
774 176
775 307
775 258
776 217
778 265
778 180
779 275
780 133
780 286
780 510
780 385
782 308
782 127
782 300
783 876
783 881
784 300
785 50
786 161
786 418
786 186
787 259
788 504
788 176
790 716
790 401
790 50
791 302
793 1
793 109
794 24
794 221
794 257
795 182
796 776
796 451
796 781
796 546
796 429
796 31
796 525
796 191
796 43
798 728
798 746
800 292
800 300
801 328
802 567
802 258
802 670
803 887
804 527
804 742
804 82
804 237
804 250
804 208
804 651
804 254
804 183
804 152
804 385
804 25
804 526
804 161
804 125
805 735
805 447
805 1071
805 661
805 473
805 469
805 525
805 636
805 248
806 133
806 1071
806 175
806 265
806 461
807 451
807 477
807 222
807 252
807 636
808 333
808 294
809 307
810 881
810 878
811 300
811 286
812 333
812 881
813 890
815 163
815 183
815 919
815 190
815 204
816 288
817 546
819 346
819 340
819 182
821 993
821 405
821 71
821 483
822 408
823 194
823 188
823 239
823 1267
823 318
823 234
823 517
823 204
823 631
825 423
825 982
825 1199
826 399
826 195
828 207
828 958
828 887
829 1067
829 1121
829 475
830 126
830 487
830 550
830 402
830 739
831 96
831 294
831 326
831 31
833 616
833 1012
833 144
834 276
834 298
834 762
835 186
835 97
837 845
837 111
839 333
840 611
840 855
840 88
840 501
840 520
840 465
840 496
841 333
842 313
844 117
844 778
845 690
846 470
846 488
846 720
846 318
846 490
846 1286
846 526
846 179
846 79
846 441
846 202
846 92
847 109
847 1086
847 195
848 615
848 480
848 32
848 845
848 511
849 172
851 258
851 12
851 340
851 9
851 234
851 147
851 298
851 806
851 333
854 171
854 285
854 55
855 510
860 286
861 45
861 1009
861 286
862 633
862 176
862 135
862 250
862 977
862 1093
862 111
862 789
862 196
862 188
862 198
862 647
863 1431
863 334
863 268
864 466
864 496
864 200
864 356
864 969
864 144
864 116
864 52
864 232
865 475
866 900
867 524
868 150
868 132
868 151
868 169
870 13
870 693
870 475
870 92
870 45
870 178
871 751
872 328
875 187
875 183
875 50
875 174
875 479
877 86
878 482
878 51
878 435
879 117
879 50
879 222
880 685
880 184
880 651
880 379
880 281
880 1016
880 187
880 508
880 367
880 410
880 8
880 92
880 70
880 50
881 195
881 380
881 511
881 95
881 172
881 943
881 54
881 495
882 419
882 118
883 945
883 603
883 748
883 794
883 20
883 176
883 1115
883 116
883 39
883 151
884 275
885 173
885 815
885 210
886 578
886 22
886 1067
886 659
886 1467
886 191
886 833
886 761
887 28
887 1283
887 22
887 756
887 210
887 318
888 631
889 194
889 652
889 480
889 298
889 171
889 1065
889 919
889 475
890 133
890 523
890 404
890 423
890 427
892 969
892 481
892 601
892 215
892 380
892 233
892 12
893 286
893 298
894 86
894 83
894 134
894 59
894 1080
894 285
894 534
894 212
896 70
896 7
896 684
896 88
897 228
897 523
897 1219
897 433
897 132
898 748
899 694
901 142
901 732
901 168
901 210
901 161
902 50
903 182
903 1009
903 288
903 427
903 4
904 785
904 300
904 421
904 275
905 471
905 313
906 129
906 117
907 699
907 284
907 472
907 1244
907 313
907 1326
908 963
909 286
909 531
910 405
912 610
913 474
913 56
913 317
913 318
913 202
915 315
916 60
916 583
916 82
916 171
916 735
916 203
916 582
916 89
916 530
917 740
919 305
919 144
919 423
919 126
919 147
919 303
921 845
921 815
922 15
922 174
922 172
922 153
923 117
923 3
923 50
923 281
923 763
924 496
924 71
925 332
927 15
927 138
927 422
927 195
927 111
927 763
931 508
932 661
932 511
932 639
932 517
932 675
932 157
932 1116
932 427
932 523
932 1035
932 428
932 179
933 156
933 228
934 529
934 134
934 213
934 811
934 703
934 297
934 83
934 202
934 1411
934 197
934 239
934 94
935 300
936 547
936 181
936 7
936 319
936 904
936 9
938 291
938 343
938 358
938 298
938 252
939 689
939 326
940 692
940 655
940 313
941 455
942 1050
942 210
943 576
943 58
943 541
943 201
1 196
1 76
1 251
1 121
1 111
1 133
1 253
1 68
1 79
2 316
3 181
4 294
5 40
5 233
5 408
5 174
5 435
6 318
6 478
6 98
6 497
6 182
6 87
6 12
6 501
7 163
7 435
7 573
7 644
7 64
7 581
7 402
7 68
7 528
7 177
7 187
7 318
7 47
7 455
7 131
9 294
9 50
9 298
10 133
10 708
10 617
10 531
10 223
11 268
12 15
12 50
12 381
12 132
12 191
13 529
13 49
13 188
13 137
13 180
13 491
13 492
13 228
13 791
13 272
14 382
14 507
16 143
16 655
16 11
16 183
16 684
17 294
18 153
18 516
18 549
18 523
20 87
21 671
22 201
22 24
22 431
23 432
23 100
23 194
23 99
24 318
25 269
26 300
27 370
30 258
31 124
34 332
35 680
37 92
37 226
38 1014
38 88
38 1028
40 333
41 486
41 357
41 28
42 227
42 183
42 591
42 121
42 684
42 402
42 194
43 290
43 328
43 111
43 252
44 64
44 260
44 200
44 144
44 153
44 161
45 50
45 1
46 151
47 303
49 372
50 288
50 268
52 93
52 741
53 25
54 181
54 475
55 22
56 405
56 191
56 173
56 117
56 778
58 923
58 238
58 175
58 850
59 492
59 10
59 134
59 514
59 658
59 52
59 959
59 32
59 98
59 672
59 60
59 208
60 474
60 161
60 89
60 582
60 168
60 136
60 13
60 842
60 433
60 64
60 208
62 473
62 13
62 65
62 527
63 408
63 262
63 224
64 172
64 746
64 588
64 69
64 48
64 28
64 229
64 516
64 662
64 50
64 182
64 705
64 636
65 806
65 778
65 210
65 125
67 1095
68 9
69 321
70 588
70 451
71 98
72 198
72 15
72 56
72 12
73 272
74 272
79 303
82 181
82 14
82 168
83 82
83 405
84 7
84 258
84 237
84 98
84 121
85 393
85 414
85 1070
85 319
85 208
85 1131
85 511
85 197
85 234
85 83
85 420
86 888
87 38
87 1190
87 196
87 80
87 179
87 181
87 845
87 88
89 173
89 694
90 813
90 617
90 942
90 185
90 270
90 209
90 527
90 654
90 190
90 12
90 385
90 198
90 972
90 1097
90 529
90 604
91 210
91 1192
91 289
92 679
92 96
92 727
92 164
92 246
92 403
92 12
92 566
92 198
93 476
94 241
94 182
94 631
94 642
94 589
94 190
94 215
94 508
94 469
94 265
94 91
94 696
94 219
95 73
95 416
95 8
95 139
95 1126
95 83
96 484
96 1154
97 97
99 508
99 363
99 290
100 898
101 284
102 307
103 471
104 50
104 1115
106 12
106 59
107 258
109 228
109 665
109 845
109 88
109 95
109 50
109 31
109 96
109 230
110 569
110 939
110 790
111 242
111 340
112 272
112 331
112 303
113 126
115 177
115 82
115 462
115 187
115 117
116 271
116 519
117 96
117 421
117 763
118 32
118 134
118 421
119 268
119 322
119 245
119 511
119 300
120 1
121 14
121 165
121 9
122 737
122 727
122 187
122 269
123 286
125 136
126 353
127 227
128 48
128 732
128 209
128 651
128 340
130 469
130 5
130 1013
130 472
130 172
130 1231
130 508
130 894
130 1136
131 14
131 269
131 276
134 338
134 751
135 294
135 234
135 185
136 14
136 286
137 1028
138 222
138 56
138 45
141 696
141 294
141 106
144 126
144 172
144 72
144 742
144 242
144 1039
144 22
144 521
144 528
144 190
144 294
144 500
144 12
145 183
145 869
145 185
145 281
145 310
145 510
145 358
145 234
146 345
146 336
147 269
150 1
151 170
151 4
151 660
151 707
151 1203
151 663
151 522
151 97
151 69
151 724
151 300
151 632
151 425
151 528
152 284
152 151
152 220
152 692
152 763
152 275
152 504
154 172
154 640
154 708
155 306
156 9
156 157
157 1016
157 293
158 89
158 20
158 100
158 175
158 244
159 451
159 96
160 234
160 192
160 150
160 604
162 79
162 237
162 1047
163 357
164 125
164 328
164 118
164 313
164 1025
164 248
165 216
167 204
167 486
174 178
174 111
174 202
174 216
174 393
174 11
174 846
175 187
176 1012
176 305
177 23
177 1067
177 216
177 100
177 182
177 176
178 484
178 591
178 8
178 566
178 280
178 431
179 538
180 191
180 53
180 222
180 69
181 288
183 159
184 514
184 692
184 1396
184 596
184 1137
184 134
184 462
184 487
184 14
185 181
185 514
185 111
185 114
185 515
186 322
186 77
187 70
187 792
187 710
188 153
188 470
188 97
189 656
189 275
189 178
189 527
189 480
189 127
189 525
189 150
191 331
191 301
191 340
192 287
193 487
194 204
194 28
194 483
194 294
194 186
194 44
195 328
195 258
195 387
196 845
197 265
197 576
197 344
198 447
198 176
198 382
198 509
198 98
198 23
200 739
200 2
200 265
200 204
201 588
201 172
201 58
204 242
206 258
207 509
207 194
207 393
207 134
208 66
210 50
210 182
210 28
210 435
210 527
210 1
210 1012
212 197
212 382
213 357
213 193
213 627
213 508
213 463
214 253
214 856
214 98
214 1129
215 134
215 168
215 172
215 183
216 1067
216 100
216 221
216 196
216 42
217 96
217 222
219 269
219 179
219 258
221 568
221 32
221 327
222 77
222 651
222 693
222 521
222 73
222 239
223 173
223 318
223 322
224 162
224 402
224 387
224 193
225 64
225 286
226 258
227 1008
227 93
229 288
230 1192
230 963
230 234
230 69
232 175
232 462
232 196
232 202
232 315
233 257
233 180
234 224
234 745
234 1064
234 166
234 423
234 660
234 429
234 604
234 466
234 480
234 513
234 481
234 98
234 501
234 494
235 135
235 79
235 429
235 1021
236 313
236 596
236 223
237 185
237 483
239 475
239 558
239 647
239 174
239 116
239 961
242 740
242 361
243 116
243 162
244 631
244 28
244 180
244 204
244 31
244 708
244 509
246 658
246 24
246 746
246 724
247 7
247 750
247 1
248 117
248 515
249 479
249 583
249 7
249 86
249 480
250 993
250 1014
250 458
250 28
250 183
251 45
251 12
251 300
251 64
251 185
252 300
253 210
253 8
253 202
254 227
254 951
255 147
255 56
256 554
256 977
256 779
256 323
256 237
256 748
256 732
256 742
256 284
257 936
259 357
259 176
261 245
262 660
262 1220
262 22
262 365
263 22
263 269
264 451
264 709
264 504
264 721
264 1355
267 176
267 684
267 179
267 230
267 124
267 367
267 410
267 498
267 550
268 56
268 31
269 1101
269 182
269 527
269 427
269 961
270 253
270 747
270 60
270 213
270 815
271 190
271 242
271 132
271 462
271 289
271 124
271 516
272 12
272 50
273 347
274 1063
274 25
274 9
274 1
274 628
276 324
276 393
276 461
276 246
276 250
276 318
276 270
276 58
276 655
276 916
276 234
276 303
276 183
276 531
276 1056
276 91
276 68
276 436
276 526
276 458
277 844
277 628
278 98
279 61
279 397
279 144
279 862
279 265
279 147
279 824
279 660
279 802
279 1012
279 630
279 17
280 111
280 40
280 153
280 660
280 225
280 155
283 109
283 204
283 238
283 433
285 150
286 151
286 269
286 1105
286 66
286 884
286 195
286 99
286 298
286 208
286 955
286 96
286 1038
286 272
287 56
288 268
288 205
288 12
290 99
290 429
290 183
290 135
291 421
291 1220
291 946
291 404
291 99
291 172
291 7
291 96
292 135
292 589
293 180
293 420
293 496
293 81
293 497
293 206
294 100
294 300
294 1067
294 535
294 895
294 546
295 162
295 417
295 83
295 227
295 204
295 386
295 133
295 172
296 845
296 628
296 172
296 257
296 277
296 187
297 83
297 175
297 183
298 237
298 317
298 604
299 746
299 955
299 60
299 433
299 462
299 59
301 373
301 230
301 172
301 15
301 143
301 182
301 144
301 271
301 184
302 301
303 17
303 150
303 99
303 77
303 484
303 470
303 231
303 658
303 137
303 433
303 746
303 168
303 960
303 11
303 91
303 183
303 653
303 82
303 502
303 1098
305 289
305 628
305 530
305 45
305 1101
307 228
307 154
308 501
308 525
308 172
308 182
308 183
308 498
308 134
308 293
308 519
308 276
308 11
308 506
308 127
308 1140
308 12
308 152
308 479
308 248
308 257
308 169
311 387
311 50
311 89
311 99
311 132
311 732
311 487
311 9
311 651
311 213
312 50
312 530
312 705
312 134
312 432
312 1020
312 673
312 208
312 180
312 83
312 602
313 430
313 187
314 138
314 65
314 411
314 7
314 5
314 1471
314 332
314 812
314 827
315 238
315 428
315 168
315 79
315 156
316 190
316 283
316 64
318 482
318 732
318 750
318 712
318 301
318 157
318 657
320 174
320 742
320 827
320 51
321 428
321 631
321 60
321 133
321 86
322 48
322 234
322 194
323 151
323 273
324 340
324 268
326 97
327 232
327 288
327 428
327 275
327 340
328 100
328 70
328 281
328 65
328 56
328 744
328 435
330 64
330 215
330 225
330 98
330 105
330 50
330 197
331 175
331 277
331 735
331 414
332 1042
332 64
332 12
332 327
332 8
332 148
333 513
334 484
334 8
334 510
334 47
334 628
334 153
334 657
334 7
334 236
334 283
336 765
338 474
338 1124
338 174
338 275
339 516
339 428
339 91
339 404
339 167
339 203
339 4
339 475
339 327
339 661
339 228
339 64
339 132
339 86
339 98
340 526
340 215
342 143
342 179
342 487
342 1012
342 423
342 965
342 699
343 792
343 134
343 23
343 478
344 516
344 132
344 213
344 275
344 509
344 357
344 283
344 151
344 628
345 639
345 251
345 568
345 416
345 100
345 303
345 69
345 241
345 51
345 13
345 223
346 204
346 1222
346 333
346 879
346 159
346 174
346 76
347 696
347 117
347 568
347 22
347 432
347 246
348 928
350 489
351 322
352 174
353 332
354 694
354 14
354 709
354 958
354 889
355 288
356 333
357 24
357 546
357 713
358 1005
358 357
360 483
360 511
360 474
360 744
361 207
361 170
361 737
361 168
361 949
361 165
363 1073
363 17
363 173
363 496
363 183
363 171
365 473
366 853
367 250
367 672
368 217
369 751
370 12
370 525
370 608
370 631
370 661
371 1
371 627
372 448
372 326
373 568
373 195
373 169
374 183
374 468
374 454
374 1
374 174
374 27
374 239
374 685
374 1010
374 412
375 443
376 707
378 276
378 1
378 479
378 176
378 47
378 318
378 596
378 121
378 302
378 703
378 25
378 79
378 655
378 204
379 428
379 659
379 520
379 131
379 433
379 705
380 302
380 196
381 529
381 1401
382 151
383 660
383 663
383 237
384 347
384 878
385 511
385 98
385 1449
385 209
385 1536
387 432
387 183
387 461
387 357
387 175
388 288
388 117
388 121
388 258
388 301
388 816
389 347
389 208
389 23
389 479
389 87
389 1147
389 602
392 321
392 98
392 288
392 50
393 732
393 181
393 117
393 569
393 139
393 385
393 54
393 1179
394 168
394 179
394 174
394 38
394 411
395 64
395 423
395 98
395 181
396 323
396 974
396 222
397 338
398 435
398 71
399 203
399 1
401 162
401 357
401 528
402 591
402 480
402 95
402 276
403 237
403 235
405 302
405 232
405 208
406 411
406 498
406 641
406 605
406 93
406 612
406 317
406 133
406 115
406 501
407 185
407 715
407 151
407 357
407 1
407 162
407 28
407 73
409 216
409 1099
409 664
409 100
409 135
409 1541
410 690
411 568
413 936
413 284
413 258
415 1524
416 246
416 156
416 657
416 443
416 815
416 591
416 510
416 765
416 425
416 746
416 676
416 172
416 1221
416 1133
416 144
417 186
417 191
417 134
417 238
417 474
417 421
417 385
419 181
419 617
421 164
422 218
422 1007
422 50
422 1017
422 222
423 689
423 754
423 744
424 275
425 853
425 64
425 943
425 79
425 550
425 33
425 316
425 250
425 269
426 480
426 610
426 191
427 300
427 874
429 419
429 4
429 430
429 1101
429 506
429 97
429 679
429 185
429 190
429 936
429 584
429 652
430 124
430 56
430 64
430 302
432 246
433 269
434 833
434 274
435 171
435 790
435 54
435 430
435 343
435 201
436 660
436 468
436 856
436 73
437 1148
437 378
437 697
437 748
437 753
437 480
437 716
437 135
437 476
438 619
438 50
439 1600
440 271
442 433
442 276
442 695
444 906
444 275
446 302
447 148
447 1326
447 156
447 56
448 319
448 292
448 305
449 1005
449 276
449 1404
449 179
449 244
450 181
450 54
450 472
450 492
450 722
450 504
450 628
450 519
450 597
450 153
450 132
450 59
450 714
450 497
450 378
450 939
450 660
450 503
450 568
451 270
452 154
452 597
452 498
452 515
453 202
453 697
454 419
454 100
454 174
454 259
455 275
455 127
455 181
455 174
455 270
455 64
456 150
456 1081
456 125
456 1267
457 196
457 135
457 448
457 673
457 155
457 509
457 156
457 164
457 318
457 66
457 190
458 346
458 180
458 83
458 187
458 302
458 318
458 273
458 499
459 1190
459 186
462 292
462 873
463 285
463 20
464 326
465 143
466 55
466 176
466 184
466 902
468 89
468 257
468 97
468 1012
468 318
468 42
468 95
468 367
470 181
470 293
471 140
472 1095
472 743
472 318
472 338
472 168
472 651
472 11
472 1002
473 127
474 98
474 496
474 1063
474 664
474 549
474 506
474 132
474 79
474 12
474 654
475 70
475 327
475 316
476 655
476 792
476 168
476 239
477 778
478 11
479 471
479 258
479 50
479 180
479 198
479 169
480 517
480 1121
481 484
481 191
482 50
483 676
484 96
484 257
484 720
484 121
484 50
484 463
484 265
484 313
484 684
484 468
486 301
486 544
486 471
487 125
487 79
487 100
487 28
487 298
487 230
488 50
488 294
489 355
489 984
489 539
491 285
492 1098
492 291
493 115
493 763
493 24
493 118
494 204
494 237
494 126
495 240
495 184
495 523
495 282
495 96
495 521
496 33
496 559
496 42
496 277
496 172
496 190
496 432
497 68
497 549
497 100
498 922
498 337
498 10
499 191
499 56
500 1
500 98
500 1226
500 1111
500 532
500 9
500 183
501 411
501 324
501 117
501 288
503 174
503 181
503 8
503 484
503 98
504 356
504 517
504 214
504 423
504 151
504 40
504 409
505 724
505 97
506 749
506 418
506 172
506 530
506 661
506 183
506 520
506 742
506 211
506 199
506 196
507 682
507 257
507 898
508 710
508 50
508 209
509 705
510 323
512 97
512 23
514 527
514 89
514 152
514 1039
514 313
514 239
514 48
514 47
515 362
515 271
516 286
518 280
518 847
518 276
519 887
519 1293
520 300
520 25
521 195
521 176
521 403
522 208
522 100
523 95
523 792
523 116
524 205
524 498
524 684
524 6
524 209
524 386
524 514
525 685
525 713
525 151
526 1084
526 302
527 558
527 208
527 526
527 207
527 180
527 651
528 82
530 237
530 255
530 275
531 748
532 284
532 11
532 347
532 229
532 248
532 448
532 824
532 520
532 603
533 242
533 194
533 685
533 121
533 22
533 659
533 660
533 408
533 294
533 778
534 1059
534 823
535 319
535 447
535 7
535 792
535 71
535 131
535 639
535 137
535 382
536 2
536 144
536 94
536 378
536 778
536 511
536 431
536 174
537 191
537 193
537 303
537 188
537 357
537 272
537 137
537 644
538 963
538 69
538 182
539 286
540 508
541 274
541 501
542 435
542 181
542 410
543 508
543 83
543 197
543 528
543 79
543 23
543 516
543 165
543 1159
543 59
545 218
545 71
546 53
546 569
546 145
546 567
546 347
547 328
548 751
548 328
548 291
551 735
551 1039
551 690
551 241
551 291
551 732
551 762
551 44
551 282
551 233
551 288
551 3
551 331
551 597
551 215
551 31
552 300
552 127
553 170
553 525
554 289
554 118
555 410
556 513
556 187
556 134
558 253
559 550
559 1101
559 69
560 606
560 423
560 203
560 183
561 523
561 286
561 443
561 661
561 607
561 176
563 181
563 220
564 597
564 292
566 2
566 529
566 89
566 479
566 523
566 673
566 166
567 1131
567 1298
567 59
567 156
567 188
567 525
567 487
567 7
567 504
567 650
568 79
568 56
568 178
568 303
569 100
572 286
572 13
576 100
577 161
577 49
577 939
577 663
577 566
578 298
579 168
579 183
579 709
580 50
580 252
581 137
583 708
584 228
585 45
585 863
586 217
586 233
587 343
587 270
588 206
588 225
588 553
588 258
588 354
588 25
588 326
588 928
588 173
588 318
588 721
588 366
588 142
589 895
591 70
592 173
592 847
592 293
592 518
592 283
592 149
592 298
592 55
592 289
592 234
592 32
592 589
593 699
593 591
593 173
594 222
595 994
595 9
595 475
595 547
596 323
598 286
599 274
599 280
599 928
599 595
600 53
600 187
600 177
600 435
600 56
600 62
601 153
601 1615
602 259
603 380
604 448
606 419
606 135
606 88
606 735
606 48
606 33
606 161
606 746
606 203
606 202
607 180
607 211
607 275
608 190
608 193
608 207
608 357
608 69
610 12
611 340
612 300
612 275
612 864
615 509
615 1065
615 187
616 937
616 313
616 269
616 1313
617 444
617 656
617 183
618 133
618 97
618 28
619 302
619 176
619 720
620 138
620 323
620 50
621 249
621 395
621 240
621 313
621 432
621 222
621 804
622 173
622 2
622 195
622 198
622 780
622 96
622 214
624 328
624 298
624 833
624 305
624 312
626 313
627 541
628 288
628 332
629 392
629 729
629 276
629 307
630 195
630 117
631 886
632 404
632 684
632 11
632 527
632 132
633 143
633 195
634 676
634 258
634 508
635 269
637 15
637 515
638 89
638 523
638 4
639 427
639 604
639 740
639 694
640 126
640 81
640 182
640 778
640 56
640 663
641 427
642 418
642 143
642 96
642 783
642 83
642 815
642 402
642 496
642 742
643 276
643 1012
643 67
643 659
643 404
643 189
643 671
643 194
643 228
643 172
643 7
643 780
643 39
644 871
644 255
644 328
644 250
645 956
645 98
645 188
645 174
645 268
647 134
647 300
647 705
648 479
648 96
648 179
648 118
648 436
648 210
648 563
648 519
649 1016
650 181
650 270
650 89
653 228
653 431
653 746
654 591
654 153
655 1642
655 865
655 313
655 1645
655 447
655 179
655 46
655 913
655 1631
658 98
658 192
658 42
659 739
659 657
659 345
659 387
659 489
660 181
660 1020
660 210
661 313
661 230
661 132
662 246
663 300
664 642
664 462
664 663
664 702
664 71
664 286
665 214
665 92
665 282
666 429
666 729
666 504
666 202
666 179
666 116
666 511
667 272
668 752
669 657
669 522
670 199
674 742
675 318
676 173
676 286
676 168
676 748
676 539
676 300
676 100
676 328
676 265
678 127
679 223
679 69
679 132
680 517
680 515
681 539
682 48
682 393
682 156
682 720
683 340
684 408
684 111
686 214
686 181
686 197
688 1127
688 329
690 763
690 69
690 1
690 649
691 50
691 227
692 412
694 183
694 423
694 468
694 205
694 131
694 641
694 200
696 344
696 427
696 302
696 286
697 127
697 343
699 268
699 117
699 544
700 531
701 690
703 117
704 486
704 302
704 657
704 211
704 654
705 1
706 471
706 237
706 25
707 1479
707 863
707 194
707 151
708 1117
708 284
709 1218
709 597
709 11
709 195
710 346
710 187
710 277
711 301
711 269
711 317
711 425
711 155
711 1014
711 16
711 909
711 744
711 162
711 747
712 385
712 82
712 94
712 622
713 344
714 748
715 87
715 122
715 90
715 181
715 83
716 425
716 420
716 527
716 663
716 151
717 476
717 268
718 685
719 220
720 906
720 887
721 435
721 196
721 1065
721 1119
723 258
724 268
726 832
726 1
727 178
727 70
727 588
727 201
727 83
727 27
727 271
729 689
730 15
732 300
734 82
734 274
736 253
738 455
738 496
738 95
738 175
738 747
738 527
739 498
739 1431
741 496
741 194
742 1012
745 646
746 684
746 8
747 268
747 234
747 87
747 109
747 735
748 813
749 628
749 496
749 88
749 172
750 301
751 196
751 174
751 88
752 270
752 751
754 1016
756 50
756 1
756 111
756 402
756 591
756 1009
757 172
757 193
757 258
757 27
758 69
758 428
758 509
758 580
758 831
758 4
758 576
758 1143
758 204
758 141
763 137
763 176
763 60
763 196
763 432
763 462
763 509
763 742
764 98
764 527
764 132
764 692
766 205
766 208
766 198
766 484
766 521
768 332
768 591
770 289
770 301
770 937
770 546
770 118
771 71
772 326
772 313
772 245
773 268
773 60
775 305
776 95
776 174
777 56
777 692
778 204
778 193
779 225
779 926
779 1
780 187
781 97
782 750
782 538
782 328
782 316
782 272
784 272
784 326
786 86
786 195
786 117
786 183
786 179
788 205
788 300
788 100
788 157
788 199
788 511
788 12
789 150
790 436
790 367
791 322
794 19
794 273
795 583
795 12
795 919
795 168
796 879
796 174
796 448
796 573
796 298
796 480
796 168
796 282
796 679
796 932
798 194
798 485
798 121
798 821
800 15
800 25
802 379
802 135
802 573
804 210
804 328
804 926
804 202
804 528
804 444
804 91
804 7
804 181
804 510
804 89
804 164
804 193
805 102
805 153
806 17
806 144
806 82
807 485
807 496
807 427
807 483
807 422
807 470
807 231
807 172
808 245
809 300
810 289
812 328
813 751
814 100
815 83
815 418
815 193
815 79
815 423
815 318
816 1025
817 117
819 321
819 302
820 288
821 275
821 174
822 189
823 96
823 53
823 157
823 31
823 408
823 198
823 58
823 92
825 7
825 248
825 258
825 840
826 79
826 89
826 1219
826 226
828 19
828 270
828 286
829 190
830 71
831 1063
831 50
831 144
831 272
833 673
833 205
833 653
834 515
835 234
837 20
838 313
838 9
838 596
838 718
840 650
840 252
840 64
840 750
840 183
840 163
841 754
842 340
843 434
843 675
844 181
844 2
846 568
846 73
846 525
846 942
846 614
846 42
846 72
846 239
846 509
846 549
846 182
846 208
846 217
846 1478
847 151
848 945
848 134
848 638
848 484
848 89
848 82
848 163
848 405
848 530
848 176
848 71
849 421
849 234
850 519
851 435
851 527
851 318
851 8
851 48
852 50
854 220
854 12
854 514
854 919
854 14
854 709
856 316
859 276
859 288
859 1009
860 305
860 311
860 347
860 56
861 531
861 319
861 116
862 467
862 205
862 10
862 147
862 435
862 141
862 742
863 310
863 313
863 1243
864 511
864 1016
864 403
864 566
864 114
864 163
864 235
865 547
866 315
867 98
867 529
867 1159
867 474
868 615
868 640
870 132
870 763
870 793
870 659
870 461
870 6
870 70
871 271
871 515
871 276
871 173
871 270
872 717
872 685
874 306
875 96
875 334
875 180
875 504
875 527
876 511
877 690
877 566
877 79
877 739
878 269
878 663
878 168
880 97
880 1664
880 318
880 147
880 1267
880 140
881 423
881 23
881 443
881 530
882 79
882 205
882 265
882 121
883 455
883 88
883 251
883 346
883 289
884 510
885 300
886 550
886 56
886 95
886 127
887 496
887 763
887 195
887 24
887 72
887 411
887 87
887 421
887 1015
889 217
889 9
889 65
890 204
890 152
890 50
890 181
890 7
890 324
891 756
892 227
892 470
892 487
892 465
892 288
892 500
892 797
892 367
893 69
894 713
894 639
895 742
896 22
896 71
897 82
897 89
897 172
897 71
898 1296
899 66
899 234
899 237
901 257
901 662
901 204
902 480
903 281
903 13
903 59
903 357
903 272
904 288
905 150
906 676
906 696
907 182
907 301
907 402
907 120
907 483
908 183
909 170
910 222
910 357
910 98
910 508
910 100
911 83
911 419
911 185
911 143
912 602
912 496
913 96
913 174
913 98
913 963
916 194
916 193
916 512
916 58
916 238
916 557
916 276
916 286
916 198
917 248
918 631
918 498
918 1266
918 856
919 258
919 323
919 151
919 288
919 282
919 343
919 9
919 937
919 125
919 334
919 25
920 350
921 323
921 1028
921 174
921 69
922 22
922 1
922 450
923 307
923 742
923 713
923 405
924 129
924 429
924 1478
925 5
926 258
927 230
927 300
927 64
928 8
929 195
929 89
929 98
929 423
929 517
930 45
930 64
931 306
931 245
931 286
931 275
932 191
932 1454
932 607
932 197
932 432
932 478
932 611
932 510
932 136
932 154
932 526
932 165
932 133
932 514
932 204
932 649
933 89
933 127
934 97
934 208
934 161
934 428
934 461
934 211
934 174
934 675
935 286
935 283
935 15
936 1370
937 295
939 258
939 285
940 173
941 117
942 1028
943 928
943 42
943 193
943 173
943 195
5 455
10 180
12 88
18 116
20 568
32 1012
34 990
36 882
48 609
58 813
61 310
62 173
96 238
99 196
110 54
111 354
125 648
132 100
134 258
137 89
151 196
164 121
180 747
186 588
199 116
204 303
220 682
231 126
234 519
240 272
278 22
285 194
288 317
291 722
304 313
323 186
328 549
333 520
334 840
343 202
350 515
352 172
357 274
358 1021
370 238
371 69
374 241
382 23
391 69
399 140
410 272
424 538
436 568
441 338
460 1142
469 654
480 152
512 286
525 257
529 270
547 316
582 750
583 663
620 1043
623 483
626 327
631 301
638 161
642 1185
650 385
651 515
676 916
682 366
684 48
692 1
697 287
703 926
716 193
723 50
734 28
737 428
743 408
749 975
752 995
758 191
766 663
770 222
784 303
786 228
791 306
794 187
797 257
813 300
828 327
843 270
851 879
858 754
859 410
911 163
928 1025
936 137
940 628
