3
18
26
29
35
38
46
62
76
74
80
101
110
106
107
142
145
146
149
206
236
252
253
278
256
260
264
339
337
349
320
375
369
368
370
383
362
363
413
407
397
387
391
390
445
416
422
458
454
500
503
486
552
567
560
574
573
572
569
541
543
613
618
619
617
622
623
620
621
630
635
639
637
580
583
586
605
687
681
680
674
697
695
688
653
649
644
668
669
670
737
743
760
764
718
730
731
723
725
821
818
831
804
812
813
810
811
786
785
799
769
783
880
882
888
890
892
865
875
877
832
956
958
953
955
943
937
934
929
931
930
927
912
905
1018
1023
1010
1015
1005
998
985
991
977
982
971
962
960
1103
1090
1109
1111
1110
1134
1132
1131
1124
1125
1123
1148
1147
1033
1034
1036
1037
1038
1031
1051
1050
1054
1042
1068
1062
1086
1085
1084
1219
1231
1226
1232
1235
1244
1245
1243
1253
1258
1266
1264
1265
