6
16
27
41
46
44
85
81
90
110
106
119
113
120
139
158
145
254
259
256
263
261
267
308
339
338
351
350
348
335
374
376
359
352
365
361
363
406
407
395
396
384
389
444
445
422
460
454
450
547
559
557
553
560
573
572
532
535
543
542
538
608
620
579
593
595
605
687
681
680
676
691
640
670
671
745
749
738
743
761
754
712
704
728
730
720
818
829
807
801
811
790
785
795
794
793
771
769
783
883
882
889
890
892
895
894
869
871
874
876
851
848
853
859
834
832
839
836
843
846
847
955
944
946
942
937
936
933
934
927
922
918
916
917
906
905
903
902
896
1019
1020
1022
1008
1010
1014
1015
1006
997
999
990
977
980
963
1100
1102
1098
1099
1091
1117
1112
1115
1111
1106
1134
1131
1124
1125
1120
1140
1137
1033
1034
1035
1037
1038
1024
1025
1051
1055
1042
1045
1046
1067
1058
1057
1062
1085
