6
18
21
33
43
40
41
76
84
80
90
105
119
113
139
159
145
253
244
278
287
308
299
341
337
350
349
348
320
335
330
372
375
371
377
376
415
400
401
395
394
422
464
457
450
503
547
557
552
553
567
561
572
533
532
537
539
608
615
613
617
621
624
631
630
634
632
637
585
593
601
687
680
679
676
674
702
703
701
691
688
649
645
643
670
671
738
760
761
767
753
704
711
730
733
721
723
725
726
823
819
818
827
805
806
807
800
801
808
810
787
785
775
773
769
783
881
880
882
885
887
888
891
890
865
869
876
878
851
849
834
835
833
843
840
846
948
950
951
944
943
932
935
934
931
925
922
923
916
914
913
903
899
896
1017
1022
1013
1015
1006
995
998
984
990
991
989
977
983
980
974
973
961
960
1094
1117
1116
1115
1109
1111
1133
1129
1126
1125
1123
1121
1149
1144
1143
1140
1136
1032
1025
