21
29
36
46
49
80
105
119
115
113
122
120
141
148
254
253
279
278
261
267
309
308
339
336
383
359
412
413
401
394
397
396
386
384
390
389
388
426
469
460
459
452
547
552
567
560
574
572
535
541
543
536
539
612
613
618
617
624
629
635
576
580
589
601
605
607
683
681
672
649
648
647
646
640
745
749
738
743
761
766
767
754
715
714
718
823
819
829
831
826
807
800
797
774
775
772
773
770
783
885
886
888
892
874
875
878
850
849
862
835
836
843
846
958
951
945
941
943
931
930
917
904
903
901
900
898
896
1018
1020
1000
1004
1006
995
996
991
988
982
983
975
962
1103
1095
1090
1091
1117
1116
1124
1143
1038
1030
1049
1051
1053
1041
1045
1044
1047
1062
1061
1078
1219
1218
1226
1234
1240
1242
1243
1253
1252
1248
1263
1269
1267
1264
1265
1279
1277
1152
1157
1159
1158
1163
1170
