6
21
27
29
37
43
63
78
75
85
80
108
106
105
115
112
122
139
142
130
145
220
254
253
244
279
256
262
260
266
267
309
296
350
348
325
334
373
369
370
376
379
360
361
362
408
409
415
400
401
387
391
444
446
472
452
551
555
553
561
560
574
570
535
540
539
609
618
623
624
630
635
639
638
576
577
579
580
585
587
593
592
595
683
675
696
688
646
643
670
671
664
656
658
749
764
765
754
713
712
719
733
723
725
821
816
819
827
804
802
812
808
809
790
786
798
797
796
794
773
770
768
779
883
884
888
890
892
865
867
872
873
874
849
854
853
832
839
837
842
846
958
950
951
947
941
933
929
930
925
912
909
908
906
905
903
900
1020
1010
1013
1000
1006
999
978
979
971
974
960
967
964
1100
1103
1095
1089
1090
1091
1117
1116
1113
1114
1107
1132
1131
1124
1120
1147
1139
1034
1031
