1 150
1 32
1 109
1 248
1 88
1 58
2 311
2 279
2 285
2 251
3 344
4 300
5 163
5 433
6 537
6 463
6 124
6 511
6 498
6 186
7 203
7 178
7 386
7 27
7 546
7 680
7 501
8 228
8 685
9 402
10 192
10 489
10 183
10 168
10 694
10 234
10 186
10 480
10 651
10 589
11 70
11 508
11 237
11 107
11 423
12 300
12 735
13 663
13 646
13 199
13 811
13 837
13 603
13 863
14 116
14 222
14 242
14 276
14 530
16 448
16 164
16 318
16 191
16 502
16 732
16 199
16 591
16 642
17 7
18 492
18 127
18 510
18 963
18 714
18 493
18 64
18 14
18 57
18 136
18 276
18 132
21 201
21 1
21 298
22 127
22 85
22 68
22 568
22 732
23 209
23 652
23 516
24 55
24 372
25 169
25 238
25 427
25 929
25 692
26 751
28 230
29 657
29 480
29 286
30 313
30 531
30 892
31 175
32 298
34 991
37 24
37 62
38 112
38 84
38 252
38 294
38 1032
39 937
39 288
39 748
41 180
42 210
42 282
42 173
43 120
43 742
43 117
43 966
43 778
43 302
43 56
44 380
44 157
44 433
44 183
44 50
45 118
45 952
48 661
48 136
48 511
49 432
49 741
49 433
52 1009
52 463
54 260
54 328
56 176
56 423
56 432
56 588
56 219
57 477
57 248
57 50
58 168
58 50
58 100
59 709
59 198
59 48
59 121
59 755
59 483
59 109
59 511
59 928
59 490
59 180
59 187
59 186
59 741
59 111
59 764
59 1111
59 649
60 23
60 429
60 699
60 615
60 705
60 1125
60 237
60 265
60 633
60 286
60 592
60 1126
60 416
62 56
62 475
62 660
63 13
64 185
64 187
64 463
64 385
65 48
65 168
66 127
67 123
67 121
68 127
68 275
69 150
69 174
70 174
70 1065
70 24
70 217
71 462
71 744
72 527
72 1
72 194
73 196
73 12
73 56
75 1
75 114
75 190
75 405
76 851
77 201
77 153
79 1
79 306
79 100
80 483
80 303
80 886
81 3
81 210
82 414
82 657
82 519
82 169
82 8
82 174
83 783
83 584
83 1028
83 43
83 684
83 720
84 477
84 276
84 286
84 64
84 486
85 488
85 134
85 510
85 194
85 516
85 23
85 482
85 135
86 889
86 1175
87 393
87 48
87 163
88 308
89 88
89 50
89 121
89 702
89 15
90 213
90 98
90 191
90 971
90 211
90 307
90 512
90 900
90 501
91 127
91 495
91 435
91 427
92 823
92 212
92 144
92 209
92 46
92 673
94 98
94 1073
94 1014
94 347
94 1219
94 274
95 389
95 170
95 121
95 196
95 232
95 550
95 445
95 195
95 144
95 70
96 153
96 89
97 428
97 435
99 619
101 50
101 546
102 510
102 50
102 319
102 186
104 270
104 750
104 269
105 324
105 286
105 302
106 285
106 165
107 268
108 100
109 508
109 98
109 739
109 202
109 222
109 147
112 937
112 306
114 98
115 185
115 558
115 4
116 250
116 750
116 1142
117 151
117 210
118 193
118 919
118 288
118 558
119 124
119 685
119 209
120 924
120 15
121 257
121 172
121 315
122 83
122 86
123 100
125 479
125 751
125 434
126 878
128 83
128 180
128 238
128 790
128 465
128 121
128 223
128 458
128 949
130 531
130 642
130 158
130 1244
130 326
130 358
130 419
130 134
130 555
133 308
133 271
135 56
135 203
136 276
136 298
137 546
137 144
138 121
138 151
138 98
139 508
139 246
140 268
141 472
142 186
144 248
144 198
144 69
144 33
144 87
144 170
144 303
144 524
144 180
145 230
145 1012
145 176
145 299
145 1273
145 346
145 348
146 269
146 262
148 474
148 969
150 293
151 28
151 274
151 736
151 160
151 461
151 14
151 464
151 134
151 208
151 186
152 775
152 204
152 71
152 8
152 132
154 484
154 286
156 180
157 508
158 174
158 694
158 530
158 62
160 24
160 209
160 79
160 1223
160 475
160 135
164 825
165 176
167 615
167 465
167 381
168 274
169 603
170 984
171 303
172 463
173 334
174 340
174 762
174 333
174 215
175 88
176 324
176 347
176 293
176 948
176 258
177 209
177 527
177 150
178 316
178 181
178 483
178 354
178 410
178 729
180 186
181 742
181 974
182 471
183 273
183 739
184 1101
184 1136
184 1008
184 498
184 185
185 275
185 197
186 988
186 79
186 1277
188 100
188 180
188 455
188 211
189 89
189 172
189 847
189 510
190 310
192 301
193 237
193 553
193 684
194 223
194 211
194 165
194 770
194 87
194 218
195 451
197 311
197 300
198 50
198 403
198 200
200 866
200 318
200 431
200 509
200 135
200 294
200 760
200 148
200 812
200 1419
200 357
201 408
201 458
201 475
201 234
201 223
203 181
203 628
203 326
203 477
204 12
207 435
207 161
207 521
207 25
207 242
208 310
208 739
209 251
209 813
210 200
210 25
210 302
211 286
211 528
212 528
213 684
213 7
213 181
213 173
213 597
213 546
213 200
213 502
214 195
215 179
215 496
215 56
216 318
216 184
216 122
217 11
218 42
218 203
220 301
221 24
221 763
221 272
221 240
221 69
222 433
222 117
222 88
222 1011
222 318
222 72
222 1284
223 313
224 468
226 270
226 286
226 109
227 1011
227 287
227 137
229 269
230 70
230 627
230 95
230 162
230 432
230 266
230 378
230 496
231 289
233 234
233 495
234 292
234 178
234 842
234 675
234 1445
234 474
234 45
234 197
235 494
235 179
235 285
236 97
236 282
236 203
237 9
237 197
239 675
239 65
239 276
244 88
244 216
244 71
244 215
244 89
244 508
244 22
244 651
244 237
244 7
244 527
244 581
246 665
246 741
247 28
248 114
249 462
249 92
249 79
249 844
249 317
249 723
250 340
250 628
250 480
250 813
250 144
251 202
253 222
253 4
253 427
254 228
255 833
256 451
256 54
256 657
256 1047
256 226
256 182
256 25
256 280
256 583
256 4
258 873
260 1025
261 597
261 339
261 875
262 65
262 338
263 699
263 690
263 204
264 194
264 1074
265 117
265 258
267 780
267 203
267 239
268 191
268 222
268 134
268 435
268 562
268 679
269 902
269 168
269 371
269 507
269 410
269 1428
269 396
269 132
270 295
270 86
270 242
270 722
270 13
271 480
271 285
271 1046
271 735
271 523
271 506
271 98
271 318
271 170
271 739
271 378
272 498
272 134
272 175
274 476
274 744
274 845
275 520
275 746
276 8
276 175
276 123
276 240
276 180
276 72
276 578
276 117
276 357
277 276
277 619
277 274
277 117
278 538
278 515
279 746
279 398
279 47
279 654
279 385
279 702
279 841
279 128
279 1047
279 154
280 1313
280 546
280 631
280 423
280 167
280 586
281 748
282 327
283 393
283 175
283 95
285 313
286 781
286 183
286 179
286 4
286 821
286 1280
286 1091
287 108
287 50
290 176
290 732
290 28
290 66
291 79
291 262
291 5
291 80
291 234
291 405
291 655
291 240
291 168
291 4
291 1188
292 86
292 64
292 2
292 298
293 1147
293 480
293 416
294 252
294 902
294 334
294 313
294 355
295 158
295 435
295 222
295 812
295 561
295 371
295 153
296 246
296 303
296 855
296 685
296 9
297 100
297 185
297 208
297 32
298 50
298 69
298 194
298 474
298 993
298 482
298 118
299 166
299 23
299 710
299 742
299 778
300 876
300 1012
301 215
301 465
301 742
301 174
301 357
301 123
301 28
301 210
301 511
301 17
303 420
303 692
303 631
303 25
303 654
303 568
303 387
303 436
303 411
303 90
303 284
303 1007
303 474
303 418
303 215
304 278
305 127
305 778
305 317
305 690
306 13
307 449
307 145
307 189
307 423
308 430
308 74
308 255
308 486
308 699
308 661
308 22
308 482
311 639
311 356
311 22
311 79
311 230
311 966
311 465
311 750
311 170
312 524
312 183
312 507
312 611
312 154
312 855
312 499
312 531
312 837
312 486
312 178
312 474
312 23
312 671
312 604
313 488
313 420
313 194
313 427
313 673
313 97
313 892
314 819
314 1012
315 204
315 4
315 175
315 223
315 216
316 521
316 197
316 735
316 923
318 58
318 191
318 208
318 474
318 40
318 629
318 88
319 306
320 570
320 895
320 248
321 173
322 507
323 713
324 250
324 150
325 469
325 482
325 614
326 50
326 651
326 153
326 428
326 510
326 675
327 435
327 949
327 234
327 198
327 204
327 32
327 176
328 79
328 77
328 272
328 657
329 483
329 512
329 651
330 370
330 22
330 1028
330 277
330 237
331 223
331 811
332 328
332 96
332 98
332 342
332 147
332 974
332 302
332 31
332 748
332 550
334 337
334 23
334 531
334 475
334 429
334 591
334 213
334 518
334 207
334 1404
334 275
334 12
334 421
334 115
336 949
338 517
339 484
339 82
339 194
339 521
339 515
339 127
339 436
339 222
339 357
339 317
339 663
339 607
340 88
340 588
340 196
342 7
342 486
342 192
342 301
342 56
343 208
343 318
343 508
343 423
343 498
343 168
343 132
344 487
344 663
344 190
344 64
344 195
344 19
345 402
345 534
346 496
346 11
346 182
347 127
347 829
347 550
347 977
347 4
347 423
347 226
347 470
347 763
347 98
347 686
348 411
348 756
348 323
348 406
348 1028
349 125
350 193
350 654
350 50
351 286
352 50
352 86
354 208
354 45
354 20
354 251
355 681
357 270
357 744
357 222
357 121
357 455
358 213
358 179
358 896
359 50
359 273
360 187
360 258
360 257
360 285
361 504
361 652
362 879
363 208
363 66
363 752
363 248
363 474
363 550
364 678
365 321
365 25
366 217
366 448
366 436
367 53
367 326
367 217
367 302
367 268
367 334
369 900
370 134
370 493
372 148
373 71
373 170
373 163
374 79
374 265
374 274
374 1042
374 521
374 197
374 77
375 234
377 200
378 356
378 181
378 97
378 433
378 420
378 709
378 207
378 285
378 300
378 1531
378 133
378 82
378 693
378 143
379 205
379 372
379 164
379 50
379 89
379 843
379 199
381 20
381 212
382 59
382 100
383 427
383 357
383 238
385 479
385 650
385 189
385 46
385 128
385 1008
387 179
387 53
387 772
387 381
387 414
387 663
387 715
388 569
388 218
388 219
389 483
389 494
389 481
389 234
389 275
389 835
390 319
391 177
391 61
391 182
392 492
392 604
392 257
393 761
393 577
393 50
393 303
393 148
393 22
393 27
393 500
393 223
393 808
394 183
394 62
394 227
394 132
394 928
394 123
394 195
396 333
397 210
397 288
397 357
398 96
398 173
398 705
398 178
398 211
398 648
398 85
398 684
398 514
398 208
398 1119
398 430
398 25
399 235
399 196
399 364
399 622
401 70
402 181
402 255
403 405
403 147
403 127
404 258
404 294
405 174
405 47
405 624
405 210
405 392
405 447
405 735
405 214
405 172
406 32
406 633
406 97
406 89
406 924
406 190
406 745
406 715
406 393
406 410
406 432
406 42
407 194
408 288
409 283
409 285
409 209
409 30
411 196
411 181
412 436
415 754
416 686
416 77
416 226
416 918
416 239
416 403
416 70
416 281
416 300
416 477
416 97
416 304
416 210
416 12
416 929
416 898
416 319
416 1264
417 173
417 562
417 99
417 157
417 326
417 944
417 780
417 537
417 451
418 304
418 333
420 603
422 1187
422 276
422 257
423 276
424 840
426 211
426 332
427 359
428 259
428 301
428 272
428 877
429 710
429 277
429 134
429 939
429 508
430 234
430 273
430 328
430 258
432 118
432 255
432 508
432 1047
433 748
434 546
434 151
435 2
435 194
435 640
435 246
435 257
435 69
435 746
435 181
435 546
436 157
436 787
436 72
436 693
436 65
436 392
437 708
437 421
437 497
437 238
437 652
437 709
437 1121
438 121
438 148
438 257
440 312
442 410
442 273
442 1170
442 635
447 228
447 85
447 470
447 174
447 435
447 150
447 282
448 360
449 273
449 285
449 462
449 753
449 475
450 1248
450 302
450 280
450 1091
450 582
450 1446
450 904
450 12
450 613
450 655
450 238
450 142
450 218
450 1135
450 631
450 168
450 220
450 451
450 956
450 39
450 199
451 876
452 462
452 427
452 196
452 170
452 179
452 163
453 1016
453 693
453 508
454 124
454 326
454 316
454 215
455 8
455 57
455 161
455 223
455 257
456 660
456 505
456 127
457 559
457 372
457 428
457 82
457 22
457 214
457 287
457 225
457 483
457 632
457 137
458 514
458 13
458 76
458 1
458 980
458 23
458 48
458 405
459 117
460 100
460 1067
462 895
462 321
463 1197
463 127
463 244
464 50
465 318
465 1
465 127
466 546
466 899
466 7
468 218
468 121
468 64
468 285
468 50
468 25
469 173
470 93
472 477
472 94
472 720
472 751
472 101
472 403
474 7
474 1124
474 525
474 111
474 518
474 1011
474 601
474 212
474 204
474 135
474 22
474 52
474 222
474 510
474 487
476 715
476 384
476 204
478 843
478 178
478 202
479 727
479 945
479 483
479 257
479 282
479 732
479 304
479 651
479 602
479 283
479 108
481 238
481 313
484 144
484 186
484 405
484 38
485 269
486 137
486 279
486 823
486 297
487 195
487 95
487 3
487 845
487 652
487 144
488 318
488 135
488 258
488 208
488 333
489 326
489 258
489 316
491 129
491 19
491 258
492 193
492 531
492 286
493 652
493 431
493 404
494 194
494 143
495 357
495 163
495 154
495 86
495 465
495 479
495 650
496 532
496 50
496 191
496 652
496 318
497 217
497 177
497 748
498 135
498 183
498 558
498 186
498 293
499 647
499 429
499 530
500 60
500 282
500 1315
501 237
501 544
502 342
503 303
503 318
503 275
503 615
504 69
504 216
504 77
504 705
504 53
504 307
505 31
505 328
506 187
506 258
506 194
506 216
506 177
506 435
506 484
507 751
508 655
508 1153
512 186
513 118
513 265
514 655
514 79
514 1
514 750
514 631
514 1101
516 628
518 25
518 919
518 125
519 263
519 288
519 1434
519 1280
519 1062
521 33
521 258
521 79
521 168
521 241
521 56
522 48
523 944
523 301
523 408
524 606
524 124
524 60
524 180
524 527
524 481
524 708
524 367
526 248
527 868
527 127
527 168
527 588
528 168
530 156
530 172
531 312
532 118
532 1210
532 559
532 1483
532 898
532 87
532 318
532 508
532 427
532 348
532 431
532 354
533 549
533 210
533 257
533 132
534 370
535 499
535 211
535 435
535 506
535 479
535 197
535 269
535 1136
535 471
535 83
535 318
535 699
535 9
535 558
536 275
536 1
536 318
536 1063
536 755
537 179
537 133
537 13
537 48
537 610
537 474
538 496
539 275
540 310
540 825
540 1014
540 332
540 9
541 474
541 419
541 71
541 95
541 8
542 318
542 746
542 89
542 763
543 216
543 576
543 195
544 300
544 292
545 746
545 101
545 520
545 257
546 977
547 354
548 226
548 654
548 1016
548 302
548 532
548 307
548 185
550 313
551 363
551 616
551 111
551 979
551 125
551 849
551 1169
551 24
551 218
551 135
551 76
551 42
551 475
551 230
553 187
553 174
554 576
555 489
555 13
556 479
556 132
556 1065
557 8
557 176
559 205
559 515
560 168
560 478
560 1019
560 249
560 89
561 494
561 47
561 425
561 514
561 173
561 664
561 174
561 346
562 218
563 403
563 210
563 566
564 472
565 855
566 693
566 496
567 517
567 648
567 429
567 615
567 268
567 177
567 1021
568 242
570 271
571 64
574 268
574 302
576 125
576 514
577 470
577 826
577 1033
577 168
577 436
579 333
580 271
581 127
582 50
583 483
583 209
583 100
585 60
586 76
586 117
586 763
588 161
588 265
588 217
591 56
591 275
592 189
592 89
592 1199
592 655
592 763
592 833
592 527
592 508
592 185
592 1039
592 1011
592 512
592 752
592 8
592 117
593 174
593 179
593 98
594 199
595 864
598 350
601 482
601 141
602 127
602 294
603 250
603 229
605 601
606 265
606 468
606 588
606 472
606 498
606 1039
606 31
606 516
606 568
606 421
606 432
606 959
606 237
606 475
607 30
608 753
608 11
608 268
608 487
608 609
612 604
615 70
615 518
615 194
616 331
616 286
616 292
616 272
618 193
618 404
618 182
618 378
618 597
618 176
619 183
619 576
620 181
621 250
621 692
621 87
622 79
622 64
622 763
622 231
622 693
622 367
622 202
623 648
623 258
623 70
623 451
624 1114
624 285
624 690
624 696
625 855
625 647
627 62
627 55
627 435
629 182
629 317
629 172
629 9
630 820
630 98
632 282
632 81
632 735
633 237
634 340
636 596
636 222
637 1344
638 515
638 265
639 958
639 513
640 150
640 382
640 186
640 952
640 580
640 919
640 1228
642 565
642 944
642 225
642 1473
642 579
642 1078
642 1091
642 1055
643 177
643 492
643 132
643 474
644 546
644 261
644 330
645 59
645 22
645 61
645 211
645 435
645 191
647 748
647 88
648 202
650 183
650 168
650 526
650 174
650 99
650 484
652 333
652 96
653 135
653 448
653 181
653 523
653 239
654 546
654 223
654 239
654 174
654 423
654 367
654 926
654 79
654 8
654 4
655 273
655 167
655 185
657 294
657 9
659 174
659 675
659 792
659 1138
659 195
659 258
659 616
659 13
659 134
659 70
659 419
660 257
660 22
660 313
660 250
660 174
661 172
661 272
661 70
661 86
661 433
663 318
663 833
663 127
664 708
664 285
664 302
664 4
664 276
664 518
664 186
665 815
665 418
665 109
665 421
665 65
666 81
666 11
666 489
666 499
666 188
666 1011
666 471
667 660
667 86
668 340
669 175
669 82
669 1
669 205
670 611
670 657
671 559
671 161
671 12
671 89
675 269
675 896
675 900
676 50
676 313
676 344
676 993
676 316
679 64
679 357
679 196
680 151
682 924
682 121
682 25
682 33
682 217
682 184
683 317
683 187
683 272
683 248
686 205
688 307
689 15
689 300
690 216
691 56
691 205
692 1132
693 480
693 313
693 514
693 135
693 56
694 69
694 174
694 300
694 28
694 176
694 470
694 527
698 498
698 357
701 289
701 100
704 435
705 117
705 62
705 399
705 1544
705 393
706 331
707 318
707 221
707 499
707 45
707 799
707 488
708 181
708 148
709 728
709 174
709 318
709 203
710 99
710 174
710 127
710 340
710 197
710 654
711 132
711 172
711 10
711 197
711 845
712 71
712 1036
712 78
712 1480
712 1119
712 584
715 926
715 232
715 4
715 268
716 215
716 630
716 430
716 228
716 174
716 127
716 633
716 79
716 526
717 287
718 121
718 751
719 98
719 510
720 896
720 286
721 393
721 82
721 357
721 269
721 28
721 222
722 328
722 471
727 28
727 291
727 421
728 15
728 287
731 485
731 655
732 882
733 302
733 100
733 286
733 1067
734 705
735 300
735 288
736 1388
738 197
738 208
738 89
738 69
738 919
739 526
741 435
741 178
741 288
741 403
742 508
742 100
742 124
743 222
743 224
743 303
746 568
746 132
747 302
747 320
747 215
747 1041
747 500
747 427
747 525
747 693
747 604
747 305
747 580
747 9
747 235
748 732
748 208
749 68
749 402
749 191
749 210
749 64
749 879
749 50
749 356
750 304
751 432
751 239
751 302
751 204
751 79
751 153
751 216
751 652
751 603
751 538
752 305
755 328
756 1240
756 919
757 198
757 91
757 176
757 95
757 7
757 431
757 288
758 640
758 200
758 150
758 202
758 1111
758 512
758 208
758 481
758 258
758 462
758 248
758 480
758 475
758 1001
759 257
759 332
761 282
761 864
761 181
761 924
763 609
763 1065
763 703
763 99
763 1039
763 283
764 673
764 117
764 218
765 1009
766 414
767 22
767 1068
768 255
770 129
770 297
771 690
773 531
773 59
773 92
774 50
774 127
776 200
776 181
776 679
776 217
776 559
776 523
776 483
778 186
779 117
780 204
780 498
781 302
782 307
782 245
782 887
782 300
783 299
783 750
783 881
784 323
784 327
785 152
786 286
786 133
786 199
786 404
786 172
787 879
788 69
788 200
788 483
789 276
790 298
790 716
790 22
790 742
791 50
792 100
792 544
793 248
793 100
793 127
794 473
795 8
796 553
796 496
796 77
796 578
797 127
798 63
798 845
798 275
798 143
800 223
801 328
801 895
802 646
802 234
802 53
803 325
803 690
804 513
804 237
804 498
804 28
804 72
804 172
804 183
804 152
804 98
805 168
805 1065
805 420
805 856
805 631
806 127
806 475
806 133
806 1071
807 121
807 627
807 385
807 432
807 186
807 597
807 161
807 136
809 299
809 307
810 342
810 339
810 878
810 323
812 288
814 219
815 1039
815 195
815 28
815 69
817 328
819 286
821 435
821 845
822 902
823 50
823 1067
823 566
823 124
823 79
823 428
823 204
823 425
825 491
825 472
825 12
825 455
825 147
826 187
826 748
827 272
829 151
829 512
829 529
829 213
830 427
830 451
830 15
831 1
831 237
831 174
833 671
833 647
833 56
833 93
833 183
834 744
835 50
835 499
835 174
835 25
835 591
836 216
838 408
838 87
838 286
839 333
839 285
840 483
840 498
840 611
840 708
840 528
840 297
840 661
840 663
843 141
844 216
844 174
844 588
845 286
846 271
846 488
846 737
846 720
846 56
846 26
846 186
846 94
846 601
846 487
846 580
846 99
846 495
846 191
846 88
846 414
846 494
847 220
847 222
847 8
848 512
848 393
848 973
848 755
848 474
849 15
849 197
850 50
851 826
851 160
851 760
851 295
851 346
852 1052
854 42
854 175
854 55
854 271
855 512
856 690
857 475
860 100
861 86
861 509
862 168
862 185
862 135
862 1117
862 498
862 228
862 187
862 188
863 343
863 268
864 655
864 939
864 526
864 2
864 56
864 24
864 153
864 11
867 64
867 175
867 50
868 187
868 150
868 408
868 199
870 693
870 654
871 781
871 195
872 1061
872 111
872 815
875 135
875 302
876 238
876 523
877 86
877 971
877 59
878 529
878 165
878 659
878 152
878 98
878 318
879 50
879 282
879 304
880 381
880 12
880 237
880 281
880 288
880 410
880 185
880 568
880 249
881 188
881 214
881 62
881 943
881 257
882 429
882 176
883 65
883 1448
883 778
883 20
883 922
883 229
883 900
883 129
883 275
883 477
884 582
884 127
885 815
886 49
886 58
886 919
886 156
886 176
887 455
887 1496
887 409
887 710
887 22
888 180
888 191
889 428
889 12
889 172
889 273
889 741
889 134
889 511
890 530
890 515
890 187
890 23
892 845
892 601
892 515
892 321
892 22
892 62
892 150
894 347
894 509
894 279
894 1
894 306
896 248
896 751
896 215
896 655
896 730
896 265
896 50
896 942
896 96
896 69
897 184
897 506
897 141
897 199
897 378
899 203
899 190
899 186
901 509
901 142
901 94
901 96
901 210
902 50
903 234
903 763
903 240
904 275
905 129
905 313
906 408
907 1167
907 333
907 283
907 1051
907 553
907 272
907 50
907 291
907 96
908 479
909 116
911 479
911 855
911 655
912 97
912 483
913 168
916 727
916 767
916 971
916 241
916 943
916 92
916 428
916 181
916 192
916 462
918 1171
918 382
918 165
919 70
919 582
919 367
919 1278
919 1014
919 117
919 218
919 300
919 58
921 274
921 121
922 174
922 432
922 406
922 237
922 229
923 3
923 282
923 125
924 519
924 482
924 82
924 205
924 511
927 1284
927 588
927 111
927 768
927 1047
928 487
928 9
928 246
929 205
930 165
931 459
931 685
931 304
932 180
932 7
932 1065
933 174
933 28
933 470
934 855
934 705
934 302
934 384
934 212
934 66
935 313
935 934
936 268
936 19
936 286
936 476
937 285
938 222
938 126
938 273
939 742
939 127
939 1028
940 269
940 315
940 678
940 172
941 298
942 97
943 426
943 186
943 541
1 15
1 108
1 256
1 223
1 96
1 165
2 306
4 294
4 329
4 354
5 50
5 194
5 428
5 227
6 534
6 223
6 491
6 494
7 162
7 163
7 266
7 186
7 226
7 378
7 463
7 172
7 555
8 56
8 79
9 371
10 611
10 216
10 708
10 385
10 156
11 733
11 580
11 713
11 737
12 127
12 132
13 262
13 747
13 49
13 60
13 621
13 514
13 463
13 502
13 748
13 313
13 477
13 13
13 258
13 118
13 150
14 663
14 186
14 628
15 864
15 310
15 269
15 137
16 654
16 410
16 87
16 661
16 273
16 684
18 432
18 153
18 530
21 558
21 324
22 523
22 201
22 186
23 133
23 189
23 224
23 134
24 258
24 79
25 82
25 480
25 189
25 527
25 474
25 8
26 15
26 302
26 276
26 246
28 195
30 69
31 262
31 32
34 245
37 92
37 11
38 423
38 313
38 452
38 70
38 94
39 319
39 302
40 896
42 735
42 684
42 402
42 1
42 194
43 4
43 9
43 124
43 328
43 274
43 25
43 301
44 163
44 198
44 81
44 147
45 225
46 1062
46 286
46 1024
47 292
49 179
49 208
49 57
49 116
50 268
53 1087
54 405
54 288
56 385
56 399
56 201
56 550
56 237
57 204
57 181
58 474
58 1101
58 222
58 56
58 311
58 272
59 96
59 92
59 323
59 434
59 82
59 101
59 69
59 640
59 83
59 549
59 702
59 188
59 32
59 98
59 116
59 762
59 321
60 133
60 161
60 602
60 366
60 430
60 50
62 1073
62 959
62 1133
62 509
62 12
63 475
63 255
63 300
64 172
64 176
64 1133
64 516
64 157
65 294
66 298
66 281
66 294
66 280
67 1095
67 743
68 276
68 181
69 321
69 56
70 264
70 172
70 404
71 175
71 357
72 15
72 1147
72 147
72 644
72 844
73 7
73 514
73 197
73 1149
73 59
75 117
76 1129
76 70
76 150
77 156
79 124
81 318
82 603
82 1
82 265
82 70
83 15
84 523
84 282
85 168
85 180
85 425
85 89
85 357
86 258
87 172
87 210
87 405
87 127
88 886
88 261
88 354
89 173
90 1201
90 275
90 185
90 713
90 483
90 382
90 1192
90 79
90 515
90 657
90 242
90 1020
90 521
91 331
91 135
91 651
92 186
92 189
92 124
92 825
92 164
92 1194
92 174
92 198
93 235
94 174
94 625
94 170
94 338
94 52
94 70
94 690
94 696
94 651
94 317
95 532
95 111
95 83
96 265
97 432
97 132
97 357
98 25
99 98
99 273
99 369
99 240
99 471
99 546
99 204
99 433
99 92
99 172
100 302
100 258
103 24
103 181
103 144
105 268
106 223
106 703
108 10
109 121
109 1074
109 866
109 239
110 566
110 682
110 423
113 874
113 255
113 294
114 100
115 192
115 92
115 762
116 56
117 96
117 597
118 135
118 844
118 201
118 475
119 50
119 31
119 11
119 182
119 546
119 64
119 340
119 506
119 282
120 1
120 25
122 28
122 469
122 699
123 504
123 485
123 479
125 80
125 290
125 485
127 300
128 196
128 367
128 482
128 763
128 462
128 340
128 274
130 236
130 692
130 272
130 412
130 742
130 472
130 881
130 405
130 350
130 64
130 496
130 332
130 33
130 477
130 1136
131 287
132 56
132 137
134 678
135 294
135 325
135 603
136 14
138 513
138 209
138 517
138 318
138 26
139 676
139 307
139 303
141 1028
143 331
144 632
144 48
144 326
144 411
144 15
144 785
144 165
145 591
145 549
145 690
145 159
145 258
145 98
145 216
145 949
145 12
145 752
145 1208
147 750
148 172
148 151
150 1
151 813
151 491
151 58
151 1050
151 837
151 87
151 443
151 151
151 425
151 81
151 605
152 720
152 660
154 185
154 919
155 286
157 100
158 187
158 652
158 111
158 562
158 177
159 451
159 310
159 298
159 7
159 125
159 117
159 597
160 410
160 497
160 124
160 455
160 250
160 50
161 315
162 79
167 1306
168 596
168 126
168 121
168 222
169 538
169 331
170 304
171 315
173 299
174 125
174 937
174 742
174 272
174 69
175 50
176 272
176 298
177 23
177 470
178 7
178 15
178 685
178 304
178 127
178 431
178 219
180 258
181 288
182 191
183 485
184 514
184 238
184 132
184 423
184 836
184 631
185 216
185 845
186 177
187 275
187 210
187 707
187 173
188 632
188 470
189 1117
189 638
189 133
189 652
189 1402
189 175
189 166
190 100
191 315
192 100
192 257
193 941
193 194
193 1168
194 144
194 503
194 467
194 9
194 179
195 591
195 181
196 1007
197 511
198 531
199 7
200 2
200 88
200 596
200 391
200 1228
200 202
200 99
201 46
201 192
201 515
201 191
201 767
201 100
205 316
206 269
207 170
207 127
208 402
210 195
210 751
210 484
210 380
210 735
210 501
213 475
213 238
213 831
213 132
213 318
213 195
213 214
213 841
214 475
214 114
214 496
214 516
214 522
214 64
215 474
215 197
216 531
216 174
216 238
217 391
217 665
219 4
220 319
221 1059
221 129
221 218
222 693
222 62
222 729
222 521
222 385
224 178
224 15
224 402
224 470
225 482
225 427
226 480
227 411
230 82
232 302
232 419
232 194
232 289
232 531
232 1
232 690
232 708
233 208
233 633
234 1452
234 964
234 229
234 1064
234 634
234 506
234 1020
234 199
234 98
234 464
235 197
235 83
235 419
235 22
235 211
235 153
235 1021
236 420
236 132
236 313
237 134
237 483
237 100
238 300
238 298
239 1098
239 462
239 612
239 91
239 10
240 313
242 275
243 435
244 65
244 268
244 596
244 708
244 433
244 676
244 66
246 652
246 11
246 184
246 236
246 98
246 658
247 121
247 64
248 176
248 172
249 188
249 241
249 4
249 23
249 333
249 7
249 13
249 191
249 22
250 844
250 321
250 50
251 1014
251 121
251 427
251 480
251 100
251 185
252 300
252 224
253 183
253 127
253 742
254 172
254 133
254 135
254 118
256 1
256 225
256 538
256 595
256 989
256 591
256 1289
256 864
256 49
256 761
257 129
257 1137
257 1129
259 298
259 293
259 176
261 243
262 7
262 747
262 365
263 87
263 495
263 50
264 70
264 709
264 645
264 4
265 293
265 410
265 118
267 81
267 715
267 24
267 1073
268 474
268 12
268 211
268 583
268 244
268 205
268 55
268 169
269 603
269 177
269 1011
269 1005
269 508
269 56
269 647
269 522
269 518
269 716
269 602
269 425
270 234
270 257
270 306
270 778
270 88
270 551
270 559
270 800
270 93
270 283
270 281
270 872
270 781
271 9
271 642
271 414
271 510
271 216
271 194
271 516
271 224
271 485
272 178
274 9
274 713
274 1
275 1
275 199
275 222
276 854
276 246
276 710
276 843
276 217
276 1199
276 64
276 328
276 332
276 916
276 69
276 288
276 501
276 24
276 200
276 1135
276 183
276 566
276 315
276 652
279 434
279 380
279 566
279 971
279 42
279 710
279 778
279 239
279 227
279 105
279 1490
279 429
280 159
280 70
280 780
280 1297
280 276
280 619
280 156
280 476
282 343
283 204
283 216
284 315
284 903
284 306
286 132
286 55
286 11
286 72
286 738
286 298
286 881
286 85
286 955
286 330
286 272
287 347
287 845
287 926
287 237
288 268
288 345
288 199
288 269
289 685
290 50
291 471
291 939
291 56
291 24
291 98
291 66
291 732
291 396
291 284
291 173
291 844
291 223
291 96
291 578
292 429
292 180
292 181
293 12
293 234
293 153
293 168
293 273
293 135
294 271
294 872
295 1050
295 380
295 417
295 161
295 213
295 729
295 794
296 961
296 705
296 435
296 191
296 482
297 223
297 86
298 261
298 357
298 479
298 58
298 527
298 187
299 1056
299 210
299 509
299 354
300 833
300 322
300 872
301 64
301 50
301 156
301 240
301 340
303 651
303 665
303 251
303 288
303 596
303 1109
303 357
303 544
303 979
303 480
303 91
303 235
303 653
303 185
303 773
303 451
305 289
305 251
305 98
305 134
305 178
305 160
306 1009
307 269
307 174
307 1411
308 708
308 25
308 1411
308 498
308 519
308 410
308 1169
308 419
308 7
308 423
308 5
308 455
308 1021
308 420
308 71
308 72
308 154
309 242
311 387
311 483
311 423
311 627
311 205
311 660
311 684
312 1172
312 945
312 179
312 659
312 593
312 269
312 199
312 276
313 136
313 204
313 568
313 121
313 484
313 550
313 511
313 216
314 66
314 38
314 795
314 812
314 1517
314 790
314 946
315 657
315 428
315 176
315 46
316 357
317 313
317 245
318 301
318 187
318 140
318 809
319 333
320 177
320 79
320 117
320 869
320 554
321 221
321 497
321 180
322 182
323 1073
323 98
323 151
323 50
325 655
325 506
326 511
326 493
327 228
327 686
327 645
327 1
328 203
328 470
328 689
328 180
328 483
330 21
330 549
330 174
330 148
330 121
330 966
332 222
332 595
332 1090
332 411
332 291
333 748
333 127
333 276
334 479
334 1108
334 181
334 204
334 173
334 316
334 631
334 306
335 902
336 765
336 49
337 121
338 79
338 513
338 525
339 631
339 198
339 69
339 530
339 650
339 673
339 154
339 100
339 9
339 504
339 661
339 228
340 486
340 480
341 887
341 330
342 175
342 475
342 238
342 4
342 212
342 423
342 965
343 961
343 193
343 65
343 275
343 90
343 963
343 1211
343 708
343 47
343 58
343 496
343 147
343 20
344 516
344 95
344 479
344 132
344 509
344 7
344 172
344 12
344 298
345 651
345 387
345 676
345 131
345 462
345 172
346 204
346 333
346 4
346 174
347 117
347 943
347 432
347 385
347 246
347 210
347 68
350 89
351 538
353 332
353 286
354 14
354 8
354 483
354 714
354 136
354 423
354 1511
355 286
357 326
357 24
357 284
357 291
357 150
358 258
358 132
359 7
360 483
360 14
361 228
361 190
361 739
361 14
361 498
361 176
362 313
363 385
363 17
363 405
363 455
363 174
363 183
364 294
367 448
367 200
368 379
368 50
369 181
370 603
370 64
371 197
371 357
372 264
372 333
372 1109
373 746
373 89
373 174
373 166
373 402
373 278
373 529
373 191
373 427
374 226
374 471
374 1197
374 1
374 279
374 597
374 204
375 684
375 525
376 111
376 269
378 969
378 582
378 47
378 164
378 213
378 8
378 527
378 591
379 174
379 447
379 435
379 735
379 257
380 709
380 443
380 302
380 61
380 59
380 22
381 1533
381 16
381 432
381 1119
382 56
382 180
383 200
383 188
383 100
383 180
385 1428
385 209
385 1158
385 47
385 187
386 222
387 508
387 129
387 189
387 520
387 198
387 22
388 288
389 59
389 642
389 132
389 499
389 172
389 378
389 485
391 58
391 591
391 127
391 174
391 56
391 482
391 659
391 318
391 507
392 1226
392 589
392 268
392 321
393 775
393 465
393 825
393 496
393 554
393 569
393 87
393 29
393 196
393 497
393 248
393 333
393 126
393 620
394 56
394 250
395 423
395 98
396 546
397 338
397 273
397 591
398 603
398 234
398 82
398 633
399 328
399 289
399 186
401 197
401 202
401 509
402 234
402 483
402 95
403 748
403 237
403 100
403 118
404 307
404 313
404 66
404 259
405 575
405 659
405 1041
405 193
405 318
405 238
405 218
405 658
406 56
406 47
406 411
406 64
406 92
406 505
406 203
406 605
406 93
406 11
406 632
406 180
406 132
407 238
407 210
407 185
407 385
407 659
407 154
407 357
407 1
407 4
409 1099
409 489
409 135
409 1537
409 186
410 315
411 651
411 208
411 709
412 96
413 936
415 258
416 168
416 331
416 1
416 273
416 333
416 821
416 720
416 250
416 470
416 13
416 1516
416 367
416 184
416 748
416 154
416 515
417 118
417 483
417 196
417 200
417 134
417 56
419 69
419 617
419 275
420 275
420 286
420 285
422 477
422 181
422 184
424 427
424 286
425 853
425 357
425 50
425 56
426 651
426 1116
426 504
426 99
426 655
427 263
427 341
427 304
428 316
428 750
428 352
428 294
428 315
429 431
429 117
429 157
429 410
429 177
429 25
429 52
429 96
429 1301
429 387
429 744
430 168
430 302
432 742
434 118
435 596
435 98
435 115
435 834
435 527
436 144
436 216
436 411
436 845
436 125
436 381
436 23
436 348
436 73
437 133
437 660
437 378
437 1142
437 496
437 12
437 99
437 237
437 443
437 173
437 8
437 499
437 716
437 479
437 614
438 100
439 7
439 591
440 904
442 228
442 943
442 7
446 302
447 284
447 498
447 69
448 258
448 884
449 558
449 269
449 244
449 593
450 258
450 942
450 28
450 131
450 305
450 611
450 921
450 183
450 1044
450 489
450 1107
450 526
450 604
450 51
450 699
450 1020
450 423
450 380
451 879
451 938
452 199
452 423
452 515
453 196
453 282
453 750
454 300
454 474
454 270
454 451
455 147
455 1167
455 64
455 939
456 640
456 1017
456 963
456 508
456 216
456 50
456 125
456 475
457 549
457 172
457 238
457 51
457 248
457 118
457 195
457 318
457 980
457 417
457 151
457 169
457 173
457 385
457 582
458 408
458 117
458 178
458 513
458 32
459 222
459 291
459 322
459 278
459 127
459 742
459 271
459 473
460 515
460 14
463 19
463 306
463 20
463 302
465 191
466 33
466 56
467 302
468 963
468 178
468 1
469 530
470 284
470 824
471 422
471 94
472 1095
472 402
472 392
472 250
472 233
472 362
472 318
472 141
473 116
473 1143
473 246
474 13
474 98
474 604
474 244
474 203
474 86
474 789
474 187
474 478
474 792
474 193
474 655
474 650
474 180
475 315
475 327
476 210
476 1074
476 710
476 765
476 781
476 33
478 100
478 216
479 176
479 463
479 357
480 705
480 272
480 603
480 479
480 169
480 642
483 450
483 230
483 515
483 258
484 70
484 14
484 230
484 143
484 419
484 168
484 1
484 195
484 392
486 108
486 50
487 732
487 713
487 66
487 404
487 58
487 735
488 633
488 127
491 100
491 900
492 291
492 124
493 61
493 358
493 274
493 201
493 109
493 527
493 191
493 150
493 597
494 924
494 107
494 238
494 222
495 202
495 1245
495 655
495 739
495 581
495 478
495 109
496 39
496 174
496 89
496 87
497 294
497 541
497 62
498 10
499 692
499 194
499 357
499 215
500 117
500 295
500 202
500 358
500 196
501 411
501 546
501 1067
501 298
501 93
501 1010
502 323
503 740
503 654
503 659
504 162
504 318
504 527
504 385
504 503
504 716
504 66
504 1263
504 517
504 288
504 9
504 409
505 496
505 203
505 190
506 181
506 1016
506 684
506 550
506 211
506 199
506 731
506 425
507 316
507 288
508 180
509 271
511 288
513 257
514 188
514 367
514 558
514 568
514 265
514 4
515 362
515 288
516 286
516 169
516 204
517 283
518 1011
519 887
519 908
519 903
521 1022
522 11
523 1195
523 14
523 634
524 488
524 1107
524 197
524 1073
524 192
524 578
524 82
524 506
524 234
524 443
525 248
526 475
527 208
527 100
527 283
527 59
528 178
528 203
528 427
529 292
529 323
532 1016
532 781
532 510
532 833
532 685
532 70
532 24
532 496
532 82
532 918
533 230
533 756
533 98
533 385
533 48
533 286
533 295
533 660
533 196
533 96
533 676
533 778
534 763
534 824
535 657
535 196
535 193
535 180
535 836
536 404
536 10
536 423
536 88
536 431
537 211
537 238
537 199
537 303
537 50
537 14
538 56
538 174
538 79
539 531
540 7
540 515
540 471
540 762
541 174
541 418
541 511
541 83
541 651
541 257
542 523
542 418
542 90
543 204
543 202
543 1194
543 147
543 432
543 403
544 346
545 413
545 1028
545 79
546 569
546 56
546 413
547 302
548 717
548 255
548 328
548 23
549 515
549 866
550 257
551 187
551 144
551 198
551 205
551 746
551 470
551 118
551 258
551 70
551 531
551 237
551 448
551 673
551 34
551 566
552 748
553 170
553 427
553 275
553 511
554 118
554 215
554 151
554 133
554 864
554 117
554 69
555 236
555 195
555 89
556 209
557 180
557 165
557 58
559 216
559 210
559 73
559 180
559 265
559 87
560 654
560 302
560 258
561 175
561 285
561 188
561 478
562 88
562 443
562 144
564 121
566 523
566 443
566 166
566 273
567 32
567 136
567 603
567 469
567 221
567 168
568 1203
568 213
569 9
569 15
570 302
572 14
573 174
573 134
573 258
573 135
576 825
577 651
577 161
577 176
577 100
577 403
579 732
579 83
583 12
584 228
586 29
586 68
586 200
587 286
587 270
588 22
588 333
588 716
588 301
588 216
588 68
588 366
588 231
588 692
588 181
590 1017
590 248
591 238
591 1120
592 900
592 121
592 303
592 109
592 844
592 466
592 149
592 251
592 250
592 20
592 122
593 79
593 747
593 742
593 591
593 237
594 269
594 515
595 275
595 475
596 300
597 289
597 294
597 298
599 1277
600 79
600 1004
600 62
601 410
601 508
601 230
601 1116
601 671
601 584
603 923
603 449
605 508
605 340
605 521
606 419
606 88
606 89
606 1065
606 713
606 214
606 546
606 188
608 23
608 1262
608 22
608 318
608 1119
608 204
608 9
610 70
610 117
611 344
615 1192
615 22
617 183
618 143
618 131
618 215
618 168
618 50
619 127
619 684
619 195
619 117
620 1036
621 879
621 559
622 298
622 90
622 721
622 29
622 11
622 101
622 96
623 210
624 14
624 886
624 305
624 235
624 286
624 919
624 1048
624 7
624 300
625 216
625 144
627 518
627 184
627 70
628 690
628 938
629 504
629 729
629 111
629 357
629 307
630 126
630 121
630 11
632 186
633 318
633 300
633 195
633 50
634 276
634 676
634 458
634 93
634 591
635 302
638 523
638 431
638 211
639 427
639 213
640 750
640 47
642 472
642 80
642 233
642 418
642 585
642 51
642 796
642 168
642 102
643 276
643 519
643 153
643 780
645 186
645 47
645 188
645 208
645 656
645 960
645 46
647 300
648 219
648 210
648 228
649 147
650 136
650 198
650 427
650 91
650 313
650 208
652 275
653 156
653 291
653 56
653 82
654 237
654 332
654 195
654 739
654 291
654 408
654 468
654 785
655 297
655 357
655 89
655 1650
655 962
655 143
655 32
655 547
659 131
659 611
659 604
659 517
659 521
659 98
659 234
659 1064
659 448
660 91
661 8
661 28
661 228
661 423
661 471
661 210
661 135
662 13
663 1
663 357
663 330
663 1047
663 284
663 11
663 98
663 328
664 528
664 182
664 174
664 525
664 1109
664 529
665 763
665 238
665 287
665 196
665 924
665 1028
665 535
665 845
666 647
666 66
666 173
666 162
666 504
666 654
666 64
666 1045
666 505
667 461
668 271
669 427
669 111
670 659
671 566
671 568
671 553
671 546
671 234
673 313
673 528
675 86
676 193
676 169
676 114
677 129
677 101
678 50
680 269
680 515
682 572
682 288
682 293
682 211
682 333
682 228
682 393
682 431
682 174
682 188
683 340
683 511
684 742
684 49
684 50
684 282
686 168
686 134
688 341
688 329
689 358
689 405
689 748
690 780
690 546
690 451
691 185
691 98
693 132
693 195
693 157
693 193
693 134
693 185
693 23
694 511
694 179
694 492
694 356
694 1020
694 657
696 427
697 126
697 127
697 283
697 763
697 181
698 96
699 324
699 246
703 591
703 628
704 382
704 205
705 568
705 118
707 387
707 191
707 311
707 208
707 478
707 953
707 485
707 995
707 194
708 866
708 289
708 762
709 219
709 1059
709 568
711 269
711 193
711 25
711 736
711 286
711 1118
712 451
714 118
714 323
715 655
715 462
715 1016
715 58
716 173
716 172
716 506
716 1113
716 473
716 64
716 99
716 367
716 1020
716 514
716 387
716 197
717 300
717 751
717 475
717 591
719 620
720 1062
721 435
721 739
721 239
721 111
724 269
725 181
725 301
725 879
725 245
727 431
727 164
727 153
727 88
731 357
731 28
732 304
733 273
733 1338
733 1011
733 151
733 285
734 282
735 127
735 285
736 993
738 199
738 81
738 176
738 434
738 408
740 288
741 732
742 591
744 508
745 427
745 98
745 8
746 228
746 83
747 615
747 648
747 493
747 1134
747 502
747 182
747 313
747 945
747 661
747 111
747 205
747 169
747 17
747 1194
747 735
748 174
748 169
748 328
748 496
749 498
749 168
749 291
749 501
749 47
749 941
749 172
749 227
749 1185
750 879
751 179
751 117
751 248
751 537
751 98
752 346
752 302
753 313
756 256
756 591
758 249
758 735
758 211
758 550
758 385
758 514
758 196
758 1022
758 298
758 238
758 297
758 270
758 24
758 580
758 1283
759 118
760 604
761 237
761 7
763 26
763 462
763 629
763 190
763 151
763 518
764 633
764 1
764 245
765 42
766 514
766 238
766 188
766 69
766 481
766 604
766 434
766 378
767 524
768 117
768 14
769 476
770 748
770 475
770 813
771 258
771 768
772 271
772 326
772 344
772 332
773 172
773 432
773 1252
773 154
773 408
774 519
775 750
776 234
776 89
776 479
776 276
776 603
776 192
776 436
777 117
779 328
779 195
780 887
781 97
781 205
781 134
782 1394
782 316
784 331
785 69
786 187
786 125
786 497
786 655
787 307
788 300
788 318
789 150
790 248
791 328
792 124
792 1015
794 420
794 275
795 173
796 484
796 213
796 434
796 603
796 448
796 144
796 378
796 280
796 809
796 419
796 796
796 69
796 751
798 257
798 878
798 405
799 258
801 301
801 343
802 573
803 307
804 239
804 33
804 483
804 210
804 79
804 926
804 363
804 670
804 7
804 181
804 514
804 234
805 98
805 89
805 331
805 1008
805 185
805 1149
805 47
806 29
806 210
806 1098
806 150
806 12
806 419
806 257
807 748
807 422
807 227
807 546
807 239
807 22
807 659
809 302
810 879
811 294
813 690
815 71
815 418
815 174
815 82
815 435
815 713
817 876
817 273
819 248
821 294
821 742
822 333
822 1110
823 478
823 136
823 710
823 174
823 111
823 125
825 252
825 118
825 125
825 323
825 1034
825 245
826 50
826 403
829 222
829 268
830 588
830 172
830 554
830 174
830 71
831 905
833 185
833 357
833 474
833 512
833 151
833 933
834 272
835 488
835 509
835 654
835 272
835 194
836 163
838 28
838 919
838 274
838 69
838 60
838 455
839 50
840 609
840 607
840 212
840 513
840 419
840 705
840 750
840 845
840 186
841 754
841 258
841 888
841 315
843 7
844 207
844 12
846 396
846 435
846 2
846 47
846 739
846 1118
846 239
846 172
846 421
846 523
846 185
847 204
847 219
848 294
848 132
848 566
848 490
848 170
848 405
848 530
848 514
848 204
849 928
850 210
850 15
850 705
850 88
850 648
851 64
851 1245
851 273
851 174
853 302
854 250
854 293
854 709
854 288
859 1315
859 1009
860 204
862 61
862 132
862 478
862 472
862 257
862 69
862 982
863 906
863 333
864 218
864 294
864 966
864 1016
864 474
864 123
864 109
865 547
866 319
867 480
867 270
867 56
868 127
868 160
869 240
869 310
870 58
870 520
870 195
870 357
870 302
870 209
870 479
870 513
871 79
871 50
871 302
871 276
875 96
875 211
875 504
876 511
876 276
877 692
877 515
877 463
878 269
878 127
878 194
878 462
878 692
878 517
880 356
880 28
880 1157
880 151
880 689
880 93
880 302
880 260
881 180
881 28
881 423
881 177
881 265
881 484
881 477
881 11
882 566
882 133
882 181
882 432
882 196
882 510
882 597
883 204
883 144
883 665
883 153
883 1012
884 213
885 419
885 186
885 428
885 111
886 100
886 265
886 710
886 11
886 175
886 47
886 631
887 38
887 845
887 720
887 122
887 472
887 993
888 69
889 1113
889 474
889 178
889 246
889 257
889 497
889 180
889 856
889 217
889 28
889 1218
889 3
891 1197
891 107
892 578
892 487
892 480
892 202
892 781
892 125
892 1269
892 825
893 151
893 56
894 287
894 26
894 275
894 919
894 1560
894 922
894 248
894 300
894 702
895 742
896 234
896 661
896 227
896 239
896 42
896 317
897 136
897 232
897 1531
897 195
897 71
897 203
899 483
899 214
899 121
899 157
899 153
899 367
899 291
901 144
901 73
903 100
903 61
903 46
903 276
903 651
903 59
905 150
906 628
907 185
907 117
907 312
907 151
907 120
907 483
908 56
908 100
908 591
910 222
910 127
911 186
911 168
911 1060
911 480
914 781
915 302
916 317
916 157
917 100
917 248
918 190
918 962
918 659
919 258
919 325
919 15
919 64
919 1101
919 125
919 22
920 1612
921 202
921 538
923 831
923 1028
924 705
924 285
924 9
926 269
926 272
927 411
927 28
927 449
927 404
927 568
927 866
927 95
928 1007
929 28
930 45
931 245
931 909
932 478
932 611
932 1397
932 195
932 165
932 527
932 482
932 199
932 212
933 56
933 523
933 89
933 73
933 50
934 674
934 495
934 163
934 190
934 502
936 253
936 1344
936 281
936 1202
937 847
938 864
938 111
938 472
938 127
939 222
939 1190
939 283
940 66
940 209
940 204
942 945
942 423
942 303
942 500
942 487
943 655
943 54
943 721
22 194
30 135
41 751
56 22
71 64
77 527
89 187
92 248
101 125
105 258
108 294
118 156
140 319
146 1294
158 92
165 181
166 751
170 749
202 604
207 318
213 199
243 778
267 250
284 286
286 1075
290 692
301 226
309 258
312 430
350 515
354 929
368 320
379 230
383 603
405 79
423 690
427 302
437 736
446 321
457 1012
467 100
490 919
491 286
494 707
496 68
497 559
506 855
508 474
541 1
549 1
558 269
573 178
574 883
580 121
596 294
626 327
637 1233
643 173
649 181
652 300
656 347
665 315
690 523
696 245
698 613
705 181
730 109
758 191
765 971
767 648
768 100
773 780
777 15
783 300
785 1
797 257
805 93
807 68
818 313
821 213
842 751
850 96
863 902
864 127
870 724
872 974
875 258
878 111
899 518
906 100
912 132
919 200
921 222
922 228
926 302
942 511
