1911
1823
969
1108
1438
1625
1588
1782
1759
1676
1901
1855
1838
1824
1996
1925
577
647
1021
1147
1041
1229
1230
1239
1251
1256
1190
1195
1349
1287
1467
1643
1656
1662
1606
1574
1598
1561
1764
1770
1773
1786
1733
1734
1746
1706
1665
1906
1902
1885
1854
2000
1984
1958
1961
1944
574
591
821
921
1017
1092
1089
1091
1111
1146
1136
1038
1236
1238
1232
1246
1152
1170
1205
1208
1356
1354
1395
1387
1503
1500
1499
1496
1534
1531
1508
1506
1516
1514
1430
1429
1647
1635
1654
1582
1599
1584
1537
1560
1555
1787
1754
1704
1721
1675
1915
1919
1897
1872
1864
1870
1859
1863
1852
1841
1837
1810
1802
1973
1968
1982
1956
1960
1943
1927
528
677
654
786
785
793
880
891
876
858
857
836
950
920
916
900
1010
1014
1006
993
992
976
967
1116
1113
1107
1120
1047
1060
1076
1262
1278
1172
1181
1198
1197
1206
1377
1306
1290
1293
1286
1327
1317
1495
1476
1486
1484
1480
1532
1528
1510
1517
1512
1427
1431
1434
1433
1456
1459
1636
1627
1621
1575
1593
1545
1542
1543
1536
1564
1559
1558
1779
1783
1789
1737
1738
1744
1750
1703
1696
1715
1722
1678
1672
1674
1685
1692
1908
1857
1851
1850
1847
1835
1828
1831
1821
1819
1809
1806
1799
1794
1989
1995
1994
1975
1976
1979
1939
1949
1946
1933
305
321
363
468
504
493
482
515
622
625
636
700
688
640
743
752
753
705
828
889
892
853
837
847
957
949
940
934
908
903
1020
1011
998
980
971
970
972
960
966
1100
1102
1090
1115
1134
1133
1126
1125
1140
1032
1044
1058
1057
1074
1072
1079
1228
1231
1255
1248
1260
1258
1270
1269
1153
1157
1159
1168
1169
1179
1189
1214
1373
1368
1348
1345
1398
1378
1311
1309
1296
1294
1292
1328
1320
1323
1326
1493
1498
1497
1475
1487
1527
1520
1523
1529
1511
1432
1412
1418
1465
1469
1451
1453
1644
1632
1639
1657
1648
1610
1615
1603
1607
1631
1616
1577
1587
1539
1563
1562
1775
1785
1790
1791
1730
1736
1751
1701
1700
1699
1697
1718
1725
1670
1667
1666
1677
1679
1686
1682
1694
1690
1691
1913
1914
1917
1916
1918
1905
1907
1909
1910
1895
1884
1866
1846
1843
1836
1830
1822
1818
1812
1804
