1055
1556
1741
1858
1994
831
1061
1208
1289
1418
1448
1659
1588
1763
1688
1902
1881
1807
1804
1977
1959
1920
600
672
825
891
943
1012
1005
985
1092
1261
1155
1401
1377
1282
1283
1284
1489
1496
1432
1443
1632
1658
1654
1560
1780
1718
1912
1916
1911
1837
1834
1981
1976
1949
470
501
594
602
644
759
713
730
823
787
796
870
951
901
1011
1098
1143
1081
1222
1234
1246
1277
1154
1158
1177
1203
1210
1212
1353
1397
1387
1305
1338
1328
1313
1526
1532
1439
1436
1453
1642
1641
1638
1614
1628
1594
1547
1563
1768
1775
1789
1738
1703
1710
1676
1674
1693
1918
1896
1900
1889
1882
1887
1886
1874
1879
1829
1814
1810
1794
1974
1971
1980
1979
1957
1964
1967
1962
1941
1937
1944
1926
1925
1923
1932
438
484
538
599
689
647
658
733
789
788
883
889
836
837
844
953
1023
969
972
963
1102
1091
1134
1131
1138
1059
1074
1227
1262
1260
1264
1273
1153
1164
1170
1173
1186
1190
1374
1368
1359
1354
1345
1378
1301
1340
1500
1501
1499
1475
1484
1481
1523
1504
1518
1512
1427
1411
1414
1460
1467
1442
1449
1451
1454
1643
1647
1639
1661
1651
1606
1624
1623
1575
1551
1555
1764
1771
1770
1772
1781
1787
1729
1731
1733
1734
1740
1742
1752
1754
1702
1701
1698
1697
1706
1727
1671
1687
1692
1689
1915
1906
1890
1894
1883
1885
1884
1857
1855
1854
1851
1836
1832
1823
1820
1818
1809
1808
1793
1972
1973
1968
1970
1982
1956
1955
1965
1961
1943
1936
1921
402
478
460
494
487
565
564
532
635
607
700
695
641
656
738
764
756
820
797
794
782
882
886
868
848
853
858
959
952
944
945
928
921
911
910
1021
997
974
960
966
1090
1109
1108
1136
1032
1025
1031
1048
1054
1064
1063
1082
1223
1216
1226
1243
1249
1269
1266
1161
1160
1165
1171
1172
1183
1184
1191
1188
1192
1198
1197
1206
1211
1213
1364
1360
1406
1386
1376
1308
1303
1281
1341
1330
1321
1323
1494
1488
1497
1474
1486
1520
1522
1528
1529
1516
1515
1426
1424
1428
1433
1456
1633
1637
1613
1601
1619
1620
1573
1571
1568
1598
1595
1546
1540
1536
1557
1760
1778
1782
1785
1730
1749
1756
1709
1717
1725
1722
