1302
1759
1308
1442
1594
1553
1750
1879
1833
1806
1802
1935
653
860
971
1053
1260
1194
1210
1395
1280
1338
1526
1471
1448
1614
1607
1573
1552
1767
1775
1786
1784
1730
1733
1756
1684
1905
1911
1889
1884
1877
1840
1827
2000
1985
1949
620
702
881
890
895
851
839
923
1009
1116
1112
1135
1025
1061
1218
1232
1254
1267
1203
1205
1214
1350
1380
1294
1494
1497
1477
1472
1483
1431
1429
1432
1414
1451
1454
1608
1611
1628
1571
1568
1589
1546
1560
1764
1768
1777
1781
1732
1701
1697
1713
1675
1693
1914
1904
1902
1880
1871
1845
1842
1824
1814
1801
1983
1952
1941
1950
1921
1934
1932
1929
535
629
673
695
724
826
797
795
892
872
858
833
955
943
902
1012
1003
1007
990
964
1114
1108
1140
1034
1035
1027
1070
1071
1059
1226
1246
1268
1269
1277
1161
1163
1180
1185
1192
1198
1204
1212
1372
1368
1366
1392
1307
1298
1325
1314
1503
1485
1527
1532
1528
1505
1427
1435
1411
1421
1464
1469
1445
1450
1636
1637
1650
1649
1609
1615
1605
1617
1582
1576
1598
1587
1586
1545
1766
1773
1772
1776
1791
1710
1707
1705
1727
1723
1668
1665
1664
1666
1678
1685
1680
1683
1898
1881
1887
1866
1862
1863
1844
1836
1826
1823
1810
1994
1972
1969
1970
1982
1958
1961
1924
1928
336
571
570
522
621
630
636
604
672
703
648
742
717
725
822
772
768
783
864
950
941
928
926
925
912
903
1022
1013
995
986
984
965
1092
1089
1109
1133
1129
1120
1030
1048
1041
1057
1081
1222
1230
1240
1253
1252
1261
1271
1275
1273
1154
1165
1166
1186
1202
1215
1375
1370
1364
1405
1399
1300
1290
1291
1282
1287
1336
1328
1321
1312
1492
1490
1488
1475
1473
1524
1534
1530
1531
1507
1517
1513
1424
1438
1418
1416
1420
1468
1470
1441
1455
1640
1647
1638
1659
1656
1648
1654
1653
1613
1600
1601
1604
1625
1626
1629
1630
1616
1619
1580
1574
1597
1538
1565
1567
1556
1769
1780
1735
1743
1747
1757
1698
1717
1721
1670
1679
1674
1682
1909
1896
1897
1873
1853
1855
1850
1841
1843
1837
1834
1822
1819
1794
1792
1987
1991
1992
1999
1997
1996
1973
1980
1957
1954
1965
1960
1940
1948
1930
403
393
419
475
558
