862
1304
1483
1719
1223
1365
1634
1557
1705
1665
1689
1917
1896
1898
1876
1857
1844
1932
801
859
1096
1141
1153
1154
1160
1401
1377
1500
1522
1430
1439
1662
1586
1562
1769
1782
1708
1678
1673
1885
1864
1865
1840
1822
1819
1797
1989
1995
1993
1977
1927
1924
1929
417
670
892
1000
1148
1253
1251
1258
1152
1162
1181
1207
1370
1359
1354
1405
1291
1295
1292
1337
1336
1328
1480
1534
1518
1437
1412
1421
1465
1636
1658
1648
1600
1604
1624
1627
1621
1593
1592
1771
1783
1741
1750
1701
1712
1722
1676
1685
1688
1904
1907
1892
1880
1877
1866
1867
1859
1860
1852
1841
1826
1808
1804
1803
1999
1972
1974
1957
1956
1964
1963
1962
1941
1950
1931
498
492
495
531
637
580
594
699
652
657
750
761
803
813
790
788
783
781
873
878
956
954
938
925
923
897
896
1013
1005
976
977
1107
1026
1028
1054
1068
1057
1084
1226
1263
1256
1269
1272
1170
1179
1195
1206
1356
1404
1298
1302
1290
1288
1339
1343
1335
1493
1490
1488
1489
1476
1526
1535
1531
1508
1512
1515
1433
1456
1460
1469
1444
1454
1659
1605
1607
1619
1579
1595
1545
1539
1556
1760
1773
1776
1780
1731
1734
1739
1749
1717
1727
1667
1682
1693
1905
1909
1899
1870
1854
1848
1851
1847
1834
1828
1830
1812
1806
1802
1998
1975
1969
1971
1980
1981
1954
1923
1930
233
380
455
614
639
593
690
669
659
755
722
819
867
855
832
838
839
847
957
935
927
912
997
982
964
1103
1098
1118
1113
1131
1123
1145
1138
1041
1043
1062
1060
1220
1218
1228
1225
1235
1243
1255
1268
1267
1276
1168
1175
1182
1186
1184
1190
1199
1203
1371
1368
1352
1350
1344
1345
1392
1384
1311
1297
1296
1301
1294
1285
1331
1330
1321
1325
1317
1494
1495
1492
1491
1502
1496
1478
1477
1472
1487
1510
1517
1426
1428
1438
1436
1415
1413
1419
1416
1458
1461
1440
1443
1451
1453
1642
1640
1635
1661
1611
1613
1614
1601
1629
1631
1617
1623
1572
1573
1570
1568
1569
1599
1550
1565
1559
1555
1763
1767
1770
1775
1774
1778
1786
1790
1789
1728
1732
1746
1756
1703
1696
1704
1716
1666
1677
1681
1919
1906
1900
1890
1891
1894
1883
1887
1886
1850
1846
1842
