1282
1611
1734
1819
1924
1036
1060
1399
1488
1658
1573
1737
1919
1895
1866
1822
1988
1999
504
649
728
871
949
932
1018
1027
1245
1250
1369
1359
1392
1394
1377
1501
1505
1468
1656
1600
1607
1592
1585
1710
1717
1675
1881
1862
1838
1820
1812
1810
1987
1974
1969
1949
1947
1926
607
669
758
828
801
778
859
841
846
957
952
944
921
913
908
981
960
965
1119
1120
1139
1071
1278
1184
1200
1366
1403
1396
1386
1291
1340
1335
1320
1322
1495
1491
1475
1486
1514
1431
1428
1462
1633
1609
1604
1593
1536
1564
1561
1562
1558
1554
1760
1771
1770
1790
1743
1747
1707
1688
1691
1909
1892
1883
1868
1859
1863
1836
1823
1818
1815
1989
1996
1979
1956
1954
1967
1941
1948
1945
1921
565
535
596
662
741
716
858
857
863
916
906
1016
1020
1007
994
988
1096
1118
1104
1126
1127
1124
1034
1050
1042
1046
1069
1086
1239
1235
1263
1276
1155
1189
1198
1212
1213
1373
1361
1351
1347
1395
1379
1304
1297
1331
1323
1326
1312
1316
1525
1528
1508
1510
1507
1518
1515
1426
1466
1449
1450
1643
1641
1635
1636
1613
1603
1630
1581
1579
1574
1597
1762
1765
1774
1776
1780
1781
1786
1787
1788
1738
1749
1709
1708
1718
1724
1723
1721
1670
1664
1672
1683
1690
1905
1908
1899
1887
1886
1885
1884
1864
1858
1851
1850
1839
1834
1835
1827
1794
1793
2000
1973
1975
1968
1982
1966
1963
1943
1938
1944
1927
353
425
417
493
626
576
678
700
691
763
730
735
724
785
792
888
866
867
851
860
845
953
945
946
924
911
907
1022
992
966
1102
1107
1134
1151
1150
1144
1136
1025
1058
1081
1221
1223
1228
1230
1227
1243
1255
1249
1260
1258
1266
1161
1163
1171
1176
1179
1186
1185
1190
1199
1204
1211
1365
1358
1356
1350
1346
1401
1389
1391
1385
1383
1306
1303
1300
1294
1339
1342
1329
1318
1498
1497
1478
1474
1484
1480
1526
1523
1533
1424
1435
1419
1457
1460
1470
1445
1455
1640
1647
1644
1634
1651
1650
1649
1655
1608
1610
1601
1606
1626
1617
1621
1622
1572
1598
1595
1588
1549
1540
1541
1543
1567
1556
1767
1764
1769
1729
1754
1697
1720
1684
1686
1687
1694
1904
1906
1900
1890
1893
1894
1875
