1077
1225
1532
1859
1087
1159
1207
1367
1344
1386
1478
1419
1456
1576
1563
1876
1974
696
754
834
914
1201
1347
1483
1528
1416
1580
1597
1543
1557
1770
1772
1749
1721
1670
1677
1857
1842
1800
1988
1995
1972
1976
1955
1960
426
576
685
740
732
818
889
878
856
950
939
923
918
1010
1011
981
1116
1134
1056
1085
1227
1266
1272
1158
1160
1164
1186
1374
1373
1371
1359
1397
1391
1281
1330
1319
1491
1502
1500
1472
1482
1526
1535
1424
1453
1641
1644
1635
1663
1604
1599
1558
1766
1776
1777
1750
1757
1759
1703
1701
1700
1699
1697
1706
1726
1669
1672
1685
1907
1908
1892
1875
1864
1870
1868
1862
1848
1819
1815
1813
1812
1805
1987
1998
1968
1969
1982
1978
1959
474
566
529
638
655
668
662
759
705
708
826
784
770
863
958
948
949
924
925
915
1017
999
991
961
1112
1130
1127
1144
1024
1221
1244
1255
1248
1188
1368
1365
1353
1405
1404
1400
1393
1284
1336
1341
1493
1487
1517
1519
1436
1423
1422
1447
1455
1454
1643
1645
1636
1656
1662
1661
1655
1630
1619
1618
1574
1572
1598
1592
1591
1544
1536
1764
1771
1781
1787
1788
1733
1736
1740
1702
1719
1713
1668
1676
1682
1693
1689
1914
1917
1916
1904
1906
1888
1881
1874
1879
1863
1861
1847
1843
1839
1835
1825
1816
1808
1804
1802
1986
1984
1990
1992
1997
1971
1981
1953
1952
1965
1966
1943
1939
1936
1950
1947
1927
1926
1924
1923
1934
1931
379
398
431
470
550
612
616
617
621
654
649
659
746
738
761
715
729
731
831
825
813
792
778
868
855
854
859
951
935
916
902
897
1001
1002
1006
992
988
989
980
975
1096
1093
1090
1105
1122
1121
1033
1037
1026
1030
1045
1047
1074
1217
1224
1236
1245
1257
1267
1278
1279
1276
1273
1168
1172
1195
1194
1199
1372
1369
1356
1354
1348
1395
1388
1384
1376
1378
1305
1311
1297
1283
1322
1503
1479
1475
1530
1531
1509
1512
1514
1431
1439
1413
1461
1463
1466
1467
1470
1443
1446
1450
1632
1633
1637
1650
1654
1608
1612
1615
1600
1607
1629
1616
1622
1577
1569
1594
1593
1587
1584
1550
1565
1556
1553
1760
1768
1779
1709
1718
1716
1727
1723
1673
1686
1687
1683
