1349
1568
1713
828
1234
1266
1203
1525
1640
1764
1894
1863
1985
1990
1992
805
933
1114
1108
1237
1153
1181
1189
1209
1346
1387
1291
1322
1324
1312
1502
1527
1517
1432
1457
1610
1607
1628
1616
1618
1623
1622
1538
1757
1709
1716
1880
1836
1816
1809
1991
1999
1975
446
653
815
793
792
770
834
915
909
1009
985
971
1035
1029
1030
1217
1232
1247
1262
1173
1178
1362
1348
1381
1296
1282
1409
1416
1464
1657
1594
1588
1786
1738
1727
1721
1676
1678
1694
1690
1691
1906
1911
1901
1890
1883
1885
1874
1867
1859
1832
1818
1808
1801
1987
1993
1959
1965
1950
1951
1949
1923
222
444
464
502
613
604
680
673
690
766
731
732
803
867
850
839
846
936
922
905
903
1015
1001
1003
1007
993
991
989
974
1102
1106
1131
1120
1151
1142
1065
1086
1072
1228
1238
1256
1268
1265
1276
1166
1176
1185
1199
1198
1204
1374
1367
1384
1385
1382
1383
1307
1298
1292
1337
1330
1332
1326
1314
1491
1476
1474
1473
1481
1533
1534
1529
1504
1515
1415
1466
1447
1454
1634
1659
1649
1654
1609
1577
1575
1572
1570
1593
1590
1589
1541
1542
1537
1561
1556
1768
1789
1732
1747
1750
1754
1699
1671
1672
1686
1687
1682
1904
1907
1908
1898
1900
1891
1892
1895
1884
1873
1877
1866
1870
1853
1850
1841
1838
1829
1831
1825
1822
1820
1813
1807
1805
1798
1796
1793
1988
1995
1994
1972
1981
1953
1952
1955
1961
1937
1946
1944
1927
1933
327
400
436
487
571
522
538
633
679
694
649
666
717
823
802
835
843
840
954
946
934
929
923
918
913
908
1021
1010
1005
995
997
977
963
1113
1110
1107
1130
1127
1121
1143
1026
1027
1224
1156
1158
1160
1165
1190
1200
1201
1211
1212
1369
1368
1361
1356
1352
1345
1389
1391
1377
1378
1311
1308
1299
1303
1302
1288
1287
1343
1333
1315
1318
1319
1498
1496
1483
1521
1523
1516
1435
1433
1436
1411
1419
1465
1467
1442
1453
1635
1632
1612
1615
1600
1602
1606
1625
1627
1630
1620
1595
1592
1545
1564
1563
1552
1767
1769
1788
1729
1736
1745
1756
1759
1698
1718
1724
1725
1665
1679
1675
1913
1912
1915
1914
1916
1909
1910
1897
1902
1888
1882
1887
1868
1861
1851
