798
1028
1286
1684
1910
1808
1993
1978
1964
895
1337
1327
1465
1471
1657
1763
1777
1672
1922
1921
414
778
1099
1115
1039
1030
1221
1245
1259
1154
1159
1164
1202
1203
1365
1393
1336
1485
1480
1527
1523
1506
1519
1515
1415
1615
1621
1585
1537
1678
1897
1894
1880
1857
1837
1834
1829
1817
1802
1988
1998
1971
1926
602
685
671
726
883
910
993
1048
1238
1242
1249
1264
1162
1166
1213
1407
1401
1396
1395
1391
1292
1293
1490
1491
1483
1511
1505
1426
1427
1433
1409
1457
1453
1642
1662
1601
1604
1607
1628
1583
1578
1593
1551
1760
1775
1694
1695
1688
1691
1906
1890
1882
1884
1873
1866
1850
1836
1835
1813
1811
1997
1960
1942
1935
1934
337
481
561
616
605
701
652
755
709
731
721
781
851
955
950
943
936
926
925
1021
1022
1011
962
967
966
1097
1092
1088
1111
1105
1047
1083
1223
1230
1240
1251
1263
1261
1271
1278
1163
1191
1196
1205
1208
1366
1362
1361
1354
1348
1346
1398
1299
1300
1339
1338
1328
1333
1335
1313
1494
1495
1492
1503
1501
1479
1476
1486
1524
1525
1532
1535
1504
1424
1412
1418
1416
1459
1466
1447
1449
1450
1647
1638
1661
1608
1614
1600
1629
1582
1574
1572
1599
1584
1547
1552
1554
1772
1781
1728
1744
1747
1750
1752
1718
1712
1670
1667
1693
1689
1914
1918
1905
1900
1892
1875
1877
1864
1865
1862
1860
1855
1832
1826
1812
1986
1991
1974
1979
1953
1954
1967
1963
1948
1925
1920
1932
435
504
565
564
573
537
613
595
648
669
670
656
736
712
728
826
812
790
799
891
893
864
846
958
952
941
1007
981
971
974
960
1100
1113
1134
1121
1137
1036
1037
1029
1050
1065
1060
1087
1086
1074
1072
1219
1226
1237
1244
1252
1256
1270
1269
1265
1274
1157
1175
1178
1369
1402
1390
1384
1382
1383
1309
1303
1291
1282
1281
1332
1322
1314
1498
1496
1482
1529
1530
1510
1517
1518
1438
1417
1458
1440
1646
1644
1634
1632
1658
1654
1653
1613
1605
1606
1626
1631
1630
1617
1619
1623
1622
1579
1571
1597
1591
1590
1586
1544
1545
1540
1538
1564
1563
1557
1556
1765
1771
1770
1768
1773
1782
1731
1737
1749
1753
1757
1758
1701
1708
1719
1717
1713
1671
1677
