1474
1634
1866
1949
1191
1328
1518
1628
1583
1547
1767
1786
1788
1858
894
943
1138
1161
1194
1197
1354
1494
1435
1413
1416
1470
1571
1561
1558
1754
1665
1919
1904
1889
1860
1845
1831
1820
1985
1952
1960
1924
1928
497
662
663
750
809
791
883
958
1100
1116
1114
1150
1051
1061
1236
1234
1263
1256
1155
1364
1351
1401
1398
1395
1376
1308
1287
1321
1472
1487
1486
1530
1430
1431
1434
1433
1461
1638
1657
1656
1650
1630
1582
1594
1585
1763
1771
1769
1768
1774
1776
1781
1787
1733
1743
1755
1756
1708
1719
1679
1674
1695
1914
1907
1892
1868
1842
1832
1834
1827
1818
1817
1987
1986
1984
1989
1973
1975
1982
1957
1958
1955
1954
1961
1963
1943
1920
404
386
422
635
632
580
648
754
802
812
797
873
951
939
1019
1021
1022
1005
988
982
971
964
1102
1097
1104
1140
1033
1039
1028
1049
1076
1223
1219
1229
1238
1241
1248
1278
1275
1160
1172
1179
1214
1212
1357
1377
1296
1332
1312
1316
1492
1479
1484
1480
1523
1510
1505
1429
1411
1443
1451
1632
1649
1652
1627
1569
1599
1595
1592
1590
1545
1539
1560
1556
1553
1764
1779
1780
1736
1748
1703
1702
1700
1697
1723
1668
1676
1678
1680
1681
1912
1905
1900
1903
1891
1893
1883
1881
1875
1877
1869
1852
1846
1830
1822
1810
1801
2000
1997
1968
1977
1959
1967
1950
1945
1935
1932
1929
414
406
481
553
523
542
613
638
583
598
703
701
696
671
658
710
730
731
735
824
807
803
799
796
885
891
895
876
878
858
832
846
844
845
936
907
902
1016
1010
1001
1007
995
980
962
1101
1098
1105
1128
1147
1139
1137
1038
1027
1040
1047
1056
1062
1063
1080
1243
1253
1259
1264
1274
1154
1166
1170
1173
1177
1187
1184
1204
1210
1215
1366
1362
1350
1348
1392
1384
1387
1304
1338
1333
1326
1327
1477
1534
1507
1506
1519
1512
1462
1469
1440
1445
1640
1647
1644
1663
1661
1629
1622
1581
1574
1575
1591
1589
1584
1544
1538
1567
1563
1555
1762
1761
1778
1777
1782
1789
1740
1752
1757
1701
1699
1698
1706
1718
1717
1724
1677
1675
1684
1688
1689
1691
1899
1882
1873
1859
1861
1854
1833
1828
1809
1806
1804
1802
1803
1800
1798
1792
