1989
1983
791
967
1059
1215
1448
1549
1787
1870
1970
567
769
842
1132
1137
1031
1045
1262
1152
1348
1309
1293
1328
1498
1527
1531
1466
1455
1773
1791
1735
1749
1911
1879
1859
1851
1847
1812
1991
1990
1972
538
809
880
868
849
949
908
1013
987
971
1102
1092
1117
1250
1270
1265
1161
1187
1365
1364
1402
1386
1379
1280
1287
1501
1496
1524
1532
1534
1517
1516
1456
1643
1659
1650
1655
1613
1603
1604
1606
1607
1630
1621
1573
1551
1543
1554
1769
1775
1777
1781
1742
1720
1676
1694
1695
1907
1887
1886
1872
1861
1852
1831
1813
1796
1984
1995
1979
1953
1938
1939
1950
1948
1929
1928
354
458
535
611
622
606
687
653
643
664
764
756
715
719
815
866
867
852
898
1008
1015
983
969
973
1098
1118
1110
1128
1125
1136
1034
1037
1027
1075
1077
1271
1279
1276
1272
1165
1172
1195
1193
1211
1213
1371
1356
1347
1404
1384
1385
1376
1337
1323
1327
1312
1316
1492
1493
1500
1477
1485
1481
1505
1519
1433
1439
1414
1423
1420
1461
1464
1468
1646
1644
1632
1636
1653
1601
1625
1624
1619
1618
1578
1576
1568
1597
1593
1590
1545
1547
1566
1562
1557
1555
1763
1761
1771
1779
1786
1730
1745
1699
1698
1710
1707
1719
1669
1670
1667
1677
1684
1690
1913
1919
1910
1899
1884
1866
1858
1862
1848
1850
1843
1838
1839
1822
1808
1803
1798
1795
1987
1988
1999
1996
1973
1974
1978
1957
1942
1937
1951
1944
1924
1923
1921
459
533
628
639
676
669
746
754
752
735
726
817
816
819
829
824
805
801
775
773
771
776
882
888
892
864
872
874
948
944
942
936
934
923
919
1017
1006
985
1119
1115
1114
1130
1026
1030
1053
1054
1044
1066
1056
1080
1078
1076
1220
1228
1224
1239
1244
1247
1242
1253
1259
1268
1269
1273
1159
1158
1163
1180
1184
1192
1370
1369
1360
1406
1397
1378
1307
1305
1299
1295
1283
1286
1284
1340
1329
1320
1313
1494
1499
1475
1521
1533
1528
1530
1504
1518
1427
1428
1435
1409
1415
1418
1462
1469
1441
1454
1640
1647
1645
1633
1638
1648
1627
1580
1598
1589
1587
1586
1548
1541
1539
1565
1564
1559
1767
1765
1768
1782
1783
1784
1785
1729
1728
1733
1736
1744
