1442
1575
1721
1983
1484
1424
1419
1457
1606
1569
1596
1549
1746
1694
1899
1845
1801
2000
1979
1966
1930
1136
1049
1068
1061
1268
1267
1361
1357
1346
1292
1521
1428
1604
1631
1620
1578
1552
1768
1774
1773
1776
1735
1749
1758
1912
1916
1862
1843
1830
1811
1802
1792
1952
1964
1929
517
758
708
711
879
853
862
941
1012
975
1105
1151
1145
1140
1024
1056
1225
1240
1255
1261
1275
1273
1156
1159
1162
1168
1191
1190
1363
1360
1348
1404
1403
1384
1311
1297
1321
1325
1491
1488
1500
1501
1527
1535
1517
1423
1470
1658
1657
1662
1650
1649
1626
1622
1583
1541
1563
1771
1788
1732
1743
1759
1707
1727
1673
1672
1675
1684
1692
1691
1910
1879
1870
1858
1853
1847
1810
1808
1807
1797
1794
1987
1988
1951
1947
1920
473
507
499
551
604
753
707
823
786
797
770
777
870
847
945
921
899
1008
1009
1119
1109
1135
1131
1125
1146
1034
1066
1071
1217
1239
1243
1263
1259
1266
1158
1164
1187
1197
1215
1371
1366
1352
1395
1304
1290
1283
1281
1320
1324
1326
1474
1486
1520
1506
1513
1409
1415
1416
1422
1421
1465
1469
1440
1646
1644
1634
1633
1660
1654
1602
1603
1607
1576
1572
1537
1762
1766
1764
1772
1783
1787
1731
1737
1744
1751
1703
1711
1709
1718
1716
1712
1726
1725
1669
1690
1914
1905
1901
1889
1895
1864
1868
1859
1852
1803
1798
1985
1993
1982
1957
1956
1958
1953
1965
1960
1962
1939
1949
1934
1928
421
464
532
627
582
593
643
665
744
741
766
759
712
817
829
828
804
815
784
782
883
885
888
866
869
860
835
930
916
917
910
1019
1022
1014
1001
1004
1007
991
969
973
1099
1088
1091
1113
1111
1107
1134
1123
1148
1036
1025
1029
1048
1053
1043
1060
1074
1220
1222
1230
1244
1241
1270
1279
1155
1154
1160
1166
1169
1174
1183
1184
1189
1199
1196
1202
1200
1204
1373
1367
1355
1407
1396
1394
1382
1376
1299
1300
1294
1280
1284
1338
1343
1342
1328
1330
1334
1322
1492
1493
1490
1498
1499
1496
1487
1519
1515
1408
1413
1420
1456
1459
1471
1441
1451
1647
1635
1637
1663
1655
1652
1608
1600
1625
1623
1592
1588
1587
1584
1547
1543
1562
1557
1767
1782
1786
1748
