1415
1554
1716
1833
950
1243
1363
1404
1471
1624
1631
1594
1548
1775
1745
1898
1860
1968
1961
762
954
1103
1258
1257
1277
1387
1378
1301
1336
1343
1504
1517
1449
1645
1587
1584
1564
1563
1762
1753
1711
1723
1664
1687
1912
1917
1902
1894
1883
1823
1803
1798
1925
1932
1928
416
535
628
579
694
748
804
876
899
983
1088
1117
1116
1149
1147
1051
1252
1262
1261
1276
1154
1160
1208
1215
1365
1352
1403
1392
1384
1376
1305
1298
1280
1287
1335
1524
1527
1531
1510
1429
1456
1646
1634
1596
1557
1552
1765
1768
1777
1731
1739
1743
1749
1701
1696
1713
1913
1914
1888
1881
1887
1872
1878
1865
1838
1835
1815
1811
1808
1805
1794
1995
1993
1969
1970
1953
1962
1946
355
469
570
525
677
765
710
819
880
872
921
905
900
1000
1002
970
962
1092
1121
1137
1035
1049
1050
1040
1042
1066
1218
1228
1227
1240
1259
1152
1173
1179
1183
1187
1200
1205
1214
1362
1346
1400
1386
1300
1283
1320
1315
1501
1496
1475
1525
1520
1523
1533
1507
1435
1439
1436
1458
1460
1462
1469
1470
1454
1633
1639
1650
1648
1608
1611
1630
1617
1577
1569
1545
1541
1537
1769
1778
1787
1789
1728
1757
1702
1712
1676
1678
1681
1692
1904
1893
1875
1867
1859
1841
1837
1832
1831
1824
1825
1822
1797
1792
2000
1999
1975
1980
1982
1965
1967
1960
1940
1950
1945
1927
1935
471
464
501
560
574
514
612
603
674
697
647
643
663
739
741
752
713
714
717
704
727
775
782
778
882
858
836
837
944
940
938
925
916
912
910
992
988
978
974
973
1098
1113
1106
1135
1133
1131
1128
1151
1146
1145
1140
1136
1038
1053
1064
1072
1220
1217
1234
1245
1249
1270
1275
1167
1166
1174
1178
1181
1188
1202
1203
1201
1371
1402
1396
1385
1380
1311
1308
1303
1288
1340
1329
1330
1318
1493
1503
1485
1480
1508
1515
1425
1428
1434
1408
1466
1442
1450
1452
1642
1641
1638
1636
1659
1661
1654
1652
1614
1600
1603
1625
1629
1618
1581
1579
1576
1573
1599
1586
1547
1766
1776
1781
1790
1732
1734
1741
1746
1747
1748
1699
1708
1726
1722
1668
1665
1673
1691
1918
1905
1906
1909
1900
1903
1890
1892
1882
1874
1877
1871
1868
