770
1346
1792
1984
1932
1163
1388
1512
1450
1654
1915
1851
1833
1804
1968
1976
1957
1924
816
902
1012
1034
1026
1247
1260
1166
1198
1311
1483
1482
1525
1510
1635
1660
1607
1624
1599
1560
1771
1749
1696
1713
1677
1914
1905
1900
1881
1815
1986
1939
1950
1922
1920
472
567
542
601
743
820
801
881
959
955
991
975
1098
1089
1041
1242
1263
1262
1256
1266
1272
1172
1179
1187
1192
1196
1360
1379
1310
1308
1296
1338
1331
1325
1495
1491
1477
1473
1480
1523
1533
1509
1436
1464
1643
1638
1614
1630
1574
1594
1549
1546
1538
1557
1779
1776
1782
1738
1716
1681
1902
1893
1886
1873
1872
1862
1853
1849
1841
1834
1827
1799
1796
1981
1983
1960
1963
1951
1929
439
480
555
587
596
742
741
763
866
876
850
848
858
957
953
951
947
904
1001
1004
986
1134
1122
1036
1051
1050
1060
1224
1235
1246
1241
1159
1174
1188
1197
1215
1399
1390
1387
1381
1297
1280
1321
1322
1489
1479
1487
1535
1513
1515
1431
1417
1421
1457
1467
1443
1642
1640
1641
1634
1636
1661
1653
1611
1626
1617
1616
1622
1576
1575
1537
1558
1760
1769
1728
1731
1737
1744
1759
1701
1711
1707
1705
1727
1671
1678
1674
1686
1683
1695
1688
1689
1916
1918
1894
1878
1876
1860
1843
1828
1821
1813
1808
1805
1798
1797
1795
1988
1999
1973
1978
1958
1948
382
403
388
441
571
537
620
633
637
599
676
651
643
745
739
704
727
800
785
880
868
879
854
841
846
954
944
932
935
928
915
912
903
1021
1008
1015
1006
995
985
990
962
1093
1110
1105
1129
1149
1141
1055
1065
1056
1062
1063
1082
1081
1078
1220
1240
1243
1253
1258
1270
1273
1155
1165
1164
1186
1184
1204
1212
1367
1356
1357
1354
1345
1405
1406
1403
1391
1378
1299
1289
1294
1336
1340
1335
1324
1313
1500
1486
1485
1481
1524
1527
1521
1534
1508
1505
1517
1519
1518
1514
1470
1471
1447
1454
1646
1656
1663
1608
1600
1627
1620
1623
1581
1577
1568
1569
1595
1590
1589
1588
1585
1539
1563
1766
1768
1774
1772
1780
1784
1730
1734
1746
1751
1755
1758
1699
1706
1718
1717
1715
1721
1667
1679
1684
1901
1903
1888
1889
1882
1887
1866
1867
1871
1869
