1226
1987
1001
1275
1180
1528
1415
1413
1636
1582
1780
1743
1759
1679
1868
1836
1837
1819
1959
1937
1946
1933
734
801
795
883
873
875
997
1054
1279
1191
1373
1347
1401
1501
1486
1480
1517
1428
1435
1436
1460
1466
1445
1450
1635
1661
1603
1606
1626
1580
1739
1898
1882
1876
1857
1852
1855
1822
1821
1799
1797
1952
1967
1966
1939
1945
1920
469
504
593
595
757
793
872
953
931
919
898
1120
1025
1040
1047
1046
1067
1070
1060
1230
1237
1244
1253
1252
1276
1179
1181
1201
1370
1366
1348
1405
1399
1382
1332
1525
1535
1511
1507
1513
1430
1643
1652
1612
1614
1604
1599
1566
1764
1770
1786
1787
1788
1728
1733
1744
1700
1705
1718
1666
1675
1686
1690
1912
1907
1910
1887
1878
1866
1856
1862
1854
1818
1814
1813
1804
1993
1996
1975
1981
1944
1934
1932
1931
1929
412
544
563
562
621
624
577
581
598
699
664
720
721
816
808
790
880
894
848
835
948
945
924
922
914
1018
1021
1007
995
981
1036
1066
1058
1061
1074
1078
1220
1223
1229
1227
1239
1247
1241
1242
1248
1263
1268
1170
1173
1174
1194
1199
1206
1215
1212
1213
1358
1352
1404
1407
1388
1376
1378
1306
1310
1297
1296
1328
1321
1312
1315
1503
1497
1478
1487
1482
1527
1521
1506
1518
1425
1434
1464
1465
1471
1447
1642
1646
1637
1625
1619
1622
1581
1578
1577
1591
1586
1545
1542
1761
1766
1765
1771
1774
1778
1782
1781
1785
1737
1745
1753
1758
1697
1716
1726
1722
1720
1695
1916
1918
1891
1894
1874
1879
1859
1860
1850
1846
1843
1839
1812
1800
1995
1998
1971
1983
1976
1978
1979
1960
1948
1928
321
372
448
496
498
551
639
681
692
724
727
803
791
782
867
845
959
908
897
1010
984
974
972
1095
1135
1129
1125
1146
1139
1062
1082
1085
1219
1240
1261
1259
1273
1160
1162
1165
1166
1176
1178
1184
1360
1354
1346
1402
1395
1379
1305
1304
1298
1301
1293
1330
1327
1318
1502
1479
1485
1484
1524
1530
1531
1437
1412
1421
1440
1446
1455
1644
1638
1656
1608
1618
1620
1579
1572
1570
1592
1585
1543
1539
1562
1559
1553
1768
1783
1736
1747
1755
1698
1710
1715
1712
1727
1667
1678
1692
1693
1691
1905
