1561
1829
637
788
1245
1254
1195
1376
1512
1429
1647
1554
1732
1706
1853
1843
1920
485
538
742
1024
1087
1218
1276
1355
1348
1299
1492
1483
1520
1417
1471
1663
1650
1655
1653
1611
1569
1594
1586
1761
1778
1712
1667
1677
1675
1689
1885
1859
1850
1847
1801
1990
1999
1970
1981
1937
1950
1944
1923
634
578
664
761
730
843
951
1131
1124
1122
1150
1152
1166
1174
1363
1396
1393
1300
1282
1329
1475
1535
1438
1412
1466
1645
1635
1608
1631
1622
1580
1598
1567
1556
1780
1791
1728
1740
1747
1752
1756
1702
1701
1720
1665
1676
1692
1904
1882
1887
1874
1879
1869
1852
1840
1836
1825
1821
1995
1994
1998
1964
1943
1922
1931
408
475
614
696
660
760
765
712
708
732
813
793
777
868
950
945
946
917
905
1004
995
1117
1113
1125
1144
1049
1050
1046
1068
1084
1075
1222
1230
1244
1250
1279
1277
1189
1203
1205
1210
1370
1357
1344
1345
1407
1302
1337
1331
1490
1489
1479
1474
1525
1522
1509
1506
1426
1425
1447
1637
1662
1660
1600
1627
1629
1616
1587
1540
1538
1564
1763
1760
1789
1731
1733
1742
1757
1759
1705
1704
1723
1679
1687
1912
1906
1909
1896
1897
1889
1890
1892
1895
1880
1875
1854
1848
1851
1844
1831
1824
1822
1812
1808
1794
2000
1997
1971
1958
1940
1924
1934
230
348
439
499
681
690
653
669
666
747
715
820
830
804
792
773
770
864
869
874
836
842
938
931
927
925
908
1020
1022
1023
1012
1003
1007
992
988
982
980
971
968
974
967
964
1098
1110
1135
1128
1126
1037
1052
1086
1076
1223
1228
1239
1273
1159
1160
1167
1198
1211
1214
1375
1372
1371
1361
1356
1353
1350
1405
1403
1398
1386
1387
1379
1311
1296
1303
1293
1283
1341
1334
1491
1476
1487
1484
1527
1533
1529
1511
1510
1513
1428
1409
1414
1441
1442
1449
1450
1640
1649
1615
1625
1619
1621
1577
1574
1575
1571
1568
1593
1549
1544
1545
1541
1566
1563
1558
1766
1765
1769
1777
1782
1786
1790
1788
1738
1750
1751
1753
1703
1710
1718
1719
1673
1694
1695
1688
1690
1691
1905
1902
1893
1883
1878
1866
1864
1865
1868
1862
1863
1849
1820
1806
1807
1803
1796
1795
1793
1986
1984
1991
1993
1996
