1319
1721
830
832
946
1099
1067
1269
1155
1397
1309
1658
1587
1788
1737
1891
1894
1812
1992
1997
1980
631
713
707
881
895
921
1013
985
1148
1147
1057
1087
1228
1227
1267
1265
1180
1321
1312
1477
1483
1450
1663
1653
1600
1595
1594
1593
1771
1757
1701
1712
1692
1904
1897
1895
1883
1850
1847
1836
1832
1793
1972
1981
1983
1929
456
571
621
606
730
980
1091
1108
1133
1045
1234
1277
1272
1178
1183
1186
1203
1356
1405
1386
1383
1307
1299
1280
1313
1315
1430
1434
1417
1423
1469
1441
1455
1640
1646
1654
1608
1619
1578
1584
1560
1558
1783
1785
1731
1700
1696
1706
1716
1676
1685
1681
1908
1880
1874
1859
1838
1834
1830
1831
1825
1822
1803
1926
405
442
510
551
616
594
599
682
672
699
688
752
735
799
774
893
861
860
952
986
976
965
1101
1098
1144
1024
1059
1079
1245
1250
1249
1263
1264
1163
1168
1170
1188
1200
1207
1211
1373
1370
1354
1353
1399
1391
1377
1308
1302
1288
1337
1329
1320
1322
1323
1327
1495
1490
1487
1533
1534
1535
1530
1426
1418
1422
1456
1457
1447
1633
1637
1656
1660
1652
1581
1575
1570
1596
1591
1585
1548
1547
1541
1543
1538
1786
1787
1784
1790
1736
1740
1743
1748
1758
1697
1710
1665
1672
1680
1683
1694
1913
1903
1890
1892
1885
1884
1875
1876
1866
1864
1858
1857
1855
1848
1845
1840
1826
1823
1817
1807
1799
1991
1988
1995
1974
1968
1982
1967
1963
1923
1922
1921
1935
1933
394
479
557
601
675
695
744
741
727
782
780
886
864
836
957
935
930
908
898
1017
1018
1009
998
975
973
1103
1094
1115
1111
1132
1130
1126
1123
1120
1042
1046
1081
1085
1078
1222
1230
1233
1262
1259
1156
1165
1179
1184
1204
1210
1214
1215
1360
1406
1401
1396
1392
1395
1381
1304
1298
1301
1292
1339
1340
1342
1324
1326
1491
1502
1499
1472
1480
1524
1532
1511
1519
1518
1514
1428
1439
1409
1459
1460
1461
1467
1440
1446
1449
1641
1661
1612
1602
1603
1627
1628
1630
1623
1622
1582
1569
1540
1763
1761
1768
1772
1728
1733
1745
1746
1755
1698
1719
1668
1677
1674
1684
1682
1693
1918
1905
1911
1910
1896
1893
1887
1886
1879
1862
1860
1849
1846
1821
