1268
1585
1732
1904
733
1149
1238
1374
1367
1287
1646
1609
1597
1756
1910
1898
1817
1815
1985
1993
1977
563
787
863
1150
1065
1075
1160
1369
1377
1379
1474
1425
1431
1432
1411
1409
1467
1468
1632
1662
1651
1570
1762
1764
1773
1788
1702
1696
1709
1708
1725
1666
1687
1889
1873
1872
1877
1867
1859
1857
1851
1807
1990
1988
1968
1978
1979
1959
1940
1933
564
892
958
905
1005
1103
1099
1095
1131
1126
1081
1180
1187
1190
1201
1353
1407
1403
1390
1387
1376
1308
1303
1281
1284
1336
1338
1314
1491
1502
1486
1520
1534
1510
1504
1424
1416
1464
1448
1647
1633
1648
1578
1577
1547
1542
1564
1555
1554
1748
1700
1698
1682
1692
1916
1876
1825
1797
1987
1997
1983
1925
1923
1921
237
334
433
613
595
701
690
751
749
766
826
775
883
866
850
859
833
838
940
929
931
910
1003
992
986
980
966
1096
1133
1124
1034
1024
1030
1031
1066
1058
1079
1217
1239
1254
1252
1250
1275
1273
1154
1158
1162
1191
1209
1214
1373
1346
1344
1406
1389
1384
1306
1289
1285
1341
1323
1316
1317
1318
1472
1483
1482
1527
1535
1419
1423
1461
1641
1660
1649
1655
1652
1611
1615
1607
1625
1622
1580
1581
1573
1596
1551
1540
1559
1771
1774
1733
1740
1745
1750
1752
1754
1705
1727
1664
1675
1915
1917
1884
1878
1871
1869
1862
1861
1853
1852
1849
1850
1840
1833
1834
1835
1828
1829
1830
1824
1799
1991
1964
1949
1920
1934
367
544
609
591
652
671
746
705
827
785
885
876
879
841
955
942
938
927
920
917
908
906
985
969
1119
1115
1108
1127
1146
1142
1138
1136
1033
1036
1041
1064
1069
1080
1072
1076
1227
1234
1247
1251
1249
1248
1261
1161
1163
1170
1184
1207
1366
1360
1357
1349
1347
1345
1391
1383
1311
1302
1290
1294
1280
1328
1321
1495
1493
1490
1503
1498
1496
1476
1480
1524
1508
1511
1516
1427
1428
1408
1415
1412
1462
1466
1469
1440
1442
1642
1640
1644
1639
1659
1661
1654
1626
1631
1617
1621
1579
1575
1572
1598
1594
1590
1589
1584
1545
1546
1537
1539
1565
1558
1769
1775
1786
1785
1790
1791
1789
1730
1735
1737
1738
1751
1699
1718
1724
1720
1721
1671
1674
1685
1686
1693
1919
