1588
1742
596
789
868
1327
1498
1450
1641
1764
1781
1696
1665
1859
1982
1977
1936
701
798
931
922
916
1009
985
1140
1079
1228
1256
1298
1295
1339
1499
1533
1420
1609
1623
1586
1566
1558
1744
1746
1706
1669
1918
1880
1873
1872
1876
1841
1822
1963
1923
448
684
693
660
874
853
1116
1135
1149
1146
1040
1056
1217
1267
1279
1186
1191
1215
1402
1399
1388
1389
1323
1318
1487
1526
1520
1521
1522
1532
1516
1413
1466
1646
1633
1636
1663
1602
1596
1553
1769
1773
1772
1779
1788
1747
1750
1703
1697
1713
1722
1686
1694
1690
1895
1874
1866
1864
1863
1855
1840
1831
1806
1799
1999
1968
1962
1951
1947
1926
1922
1921
1920
1932
318
492
512
515
616
699
671
767
718
706
708
829
813
814
772
894
863
959
955
929
901
1020
1001
994
968
1099
1118
1036
1052
1067
1068
1221
1225
1227
1232
1253
1259
1273
1160
1170
1179
1183
1190
1207
1209
1214
1349
1398
1311
1297
1303
1292
1282
1280
1338
1342
1317
1495
1479
1525
1529
1515
1425
1428
1433
1415
1462
1440
1447
1451
1452
1637
1657
1648
1613
1614
1615
1607
1625
1627
1628
1631
1616
1619
1548
1556
1552
1765
1768
1778
1783
1780
1730
1733
1740
1745
1751
1719
1687
1688
1907
1902
1903
1890
1891
1887
1870
1857
1853
1849
1845
1842
1829
1821
1820
1815
1804
1990
1994
1993
1996
1970
1978
1956
1965
1940
1941
1950
1931
303
322
365
459
483
565
527
531
636
682
649
748
752
817
816
828
831
801
815
809
799
794
793
777
891
876
854
835
832
948
945
939
911
899
1008
1000
997
990
991
967
1096
1092
1115
1127
1031
1055
1044
1070
1080
1073
1076
1219
1245
1247
1240
1250
1248
1263
1270
1276
1272
1157
1168
1176
1198
1205
1374
1373
1372
1359
1353
1348
1405
1396
1392
1394
1384
1382
1306
1294
1331
1320
1326
1315
1472
1482
1481
1527
1509
1510
1519
1430
1434
1411
1418
1421
1470
1471
1441
1644
1656
1662
1653
1611
1629
1630
1617
1620
1582
1580
1571
1598
1593
1591
1587
1550
1545
1540
1541
1543
1567
1562
1761
1776
1784
1785
1790
1789
1735
1738
1754
1759
1702
1699
1710
1709
1717
1715
1670
1664
1667
1666
1675
1692
1689
