1517
1573
1687
803
1088
1124
1378
1327
1642
1791
1719
1677
1914
1861
1852
1820
2000
1974
1976
1920
829
858
955
924
905
900
1090
1144
1236
1253
1256
1182
1210
1208
1282
1280
1431
1641
1610
1570
1569
1564
1559
1754
1700
1675
1688
1892
1864
1848
1829
1802
1981
1967
1951
1935
1931
529
617
642
798
882
886
889
946
984
1098
1135
1127
1272
1168
1187
1201
1365
1358
1379
1306
1292
1285
1323
1494
1495
1487
1520
1516
1515
1432
1415
1413
1456
1640
1635
1636
1659
1602
1619
1577
1595
1584
1565
1767
1765
1769
1773
1737
1747
1698
1710
1715
1727
1669
1665
1689
1690
1859
1849
1845
1832
1826
1806
1798
1796
1988
1972
1954
1924
398
417
422
467
497
548
552
623
756
817
813
810
796
772
892
956
949
896
1020
1001
1000
968
973
1113
1114
1140
1037
1030
1070
1079
1220
1230
1255
1260
1259
1278
1163
1172
1199
1369
1359
1353
1403
1387
1376
1302
1322
1326
1472
1484
1483
1521
1528
1506
1512
1424
1411
1457
1458
1459
1444
1647
1658
1662
1654
1604
1620
1579
1574
1587
1537
1556
1553
1768
1733
1735
1734
1736
1738
1740
1743
1751
1759
1699
1709
1716
1724
1725
1671
1680
1912
1916
1905
1908
1900
1890
1883
1882
1887
1885
1875
1874
1873
1856
1844
1834
1825
1799
1991
1989
1996
1975
1956
1964
1942
1943
1950
1948
1946
1944
1921
399
556
568
541
626
588
596
702
659
741
760
715
705
729
730
827
806
802
784
774
776
881
883
894
877
854
852
860
957
954
947
902
901
1017
1021
1014
1006
996
986
989
976
977
980
975
965
1095
1116
1122
1146
1143
1142
1024
1045
1046
1062
1083
1086
1248
1263
1262
1257
1152
1164
1178
1205
1209
1370
1397
1381
1304
1310
1289
1283
1314
1318
1490
1491
1488
1499
1479
1475
1525
1426
1434
1409
1419
1421
1467
1470
1443
1660
1648
1612
1601
1603
1622
1580
1581
1578
1568
1597
1594
1593
1551
1542
1555
1774
1772
1779
1781
1789
1753
1755
1757
1702
1708
1705
1717
1726
1722
1670
1676
1673
1674
1693
1902
1903
1891
1872
1877
1866
1865
1870
1838
1835
1830
1831
1827
1821
1817
1812
1811
1809
1805
1792
1793
1987
1994
1998
1997
1980
1983
1979
