869
1483
1516
1660
1999
1920
1032
1236
1235
1268
1170
1292
1286
1583
1670
1893
1946
1932
597
910
1016
1017
1007
1256
1269
1208
1403
1382
1309
1422
1464
1635
1663
1624
1621
1575
1572
1701
1709
1721
1691
1913
1912
1898
1885
1879
1865
1863
1824
1981
1961
1948
1935
564
619
698
709
711
786
946
902
899
991
1102
1094
1104
1106
1130
1131
1147
1069
1277
1160
1175
1189
1195
1211
1365
1360
1348
1388
1391
1386
1308
1280
1338
1328
1316
1486
1535
1518
1512
1514
1414
1458
1463
1466
1442
1609
1619
1623
1549
1551
1761
1769
1773
1778
1779
1755
1757
1702
1699
1698
1665
1900
1889
1891
1886
1872
1854
1837
1839
1817
1792
1959
1958
1953
1964
1963
1951
1947
1927
575
680
649
650
760
812
838
837
950
914
1021
1002
993
976
967
1100
1103
1096
1095
1134
1126
1144
1040
1231
1261
1258
1278
1196
1202
1215
1372
1362
1401
1390
1385
1296
1283
1323
1318
1488
1502
1496
1527
1533
1511
1506
1427
1430
1434
1445
1638
1639
1649
1625
1631
1578
1574
1585
1550
1541
1559
1555
1764
1770
1775
1746
1749
1754
1700
1712
1724
1686
1680
1692
1896
1880
1873
1864
1870
1862
1861
1855
1848
1850
1844
1841
1838
1835
1827
1822
1812
1807
1805
1803
1800
1801
1799
1794
1995
1998
1975
1980
1962
1942
1950
1922
230
446
437
438
480
529
608
625
624
638
645
671
740
818
811
785
780
776
881
895
894
870
832
847
1001
1004
994
999
970
974
972
1117
1109
1129
1124
1149
1145
1139
1137
1026
1050
1047
1060
1083
1080
1220
1219
1230
1233
1243
1249
1259
1257
1266
1279
1276
1164
1184
1209
1356
1351
1349
1346
1345
1404
1406
1397
1396
1395
1299
1303
1282
1285
1329
1333
1319
1495
1493
1481
1480
1522
1439
1436
1416
1461
1462
1470
1471
1450
1455
1642
1641
1632
1657
1662
1650
1652
1611
1605
1582
1569
1597
1590
1547
1542
1538
1539
1560
1553
1760
1772
1776
1782
1783
1781
1786
1731
1730
1736
1740
1743
1744
1751
1758
1759
1703
1697
1696
1706
1716
1726
1725
1720
1666
1675
1687
1693
1695
1918
1911
1899
1901
1890
1894
1878
1867
1856
1860
1845
1836
1826
1823
1820
1816
1813
1809
1808
1991
1993
1992
1996
